0 211 626 263 678 id_point
2 282 295 336 350 id_point
3 279 292 334 350 id_point
4 270 309 322 366 id_point
5 269 308 322 364 id_point
6 241 247 299 305 id_point
7 240 247 296 304 id_point
8 263 299 319 356 id_point
9 265 296 321 354 id_point
10 270 296 325 352 id_point
11 272 303 326 359 id_point
12 270 314 323 370 id_point
13 207 587 260 637 id_point
14 206 619 258 671 id_point
15 205 622 258 675 id_point
16 203 620 256 673 id_point
17 202 622 254 674 id_point
18 205 616 257 668 id_point
19 207 617 260 670 id_point
20 205 619 259 671 id_point
21 210 617 262 669 id_point
22 209 612 261 664 id_point
23 210 612 261 664 id_point
24 211 599 262 651 id_point
25 206 602 260 655 id_point
26 211 608 263 659 id_point
27 209 603 262 655 id_point
28 196 426 229 462 marker
28 208 601 261 655 id_point
29 197 427 230 462 marker
29 210 607 262 658 id_point
30 216 378 271 433 id_point
30 194 428 234 465 marker
31 218 373 272 428 id_point
31 196 429 233 466 marker
32 218 370 272 424 id_point
32 195 428 232 466 marker
33 217 368 272 423 id_point
33 195 429 235 466 marker
34 217 369 272 425 id_point
34 194 429 233 465 marker
35 218 368 273 424 id_point
35 194 429 235 464 marker
36 217 368 271 423 id_point
36 194 429 236 464 marker
37 218 368 271 423 id_point
38 217 371 271 425 id_point
39 217 371 271 426 id_point
40 217 373 272 426 id_point
41 350 370 404 425 id_point
41 386 434 425 471 marker
42 390 375 447 431 id_point
42 386 434 424 470 marker
43 399 377 453 430 id_point
43 386 435 425 470 marker
44 398 372 453 426 id_point
44 386 432 426 470 marker
45 399 371 451 426 id_point
45 386 432 426 469 marker
46 399 372 453 427 id_point
46 388 433 426 470 marker
47 397 372 452 426 id_point
47 386 431 427 469 marker
48 398 374 451 427 id_point
48 387 432 427 470 marker
49 399 372 453 427 id_point
49 386 432 426 469 marker
50 399 372 454 428 id_point
50 387 432 427 469 marker
51 400 372 454 427 id_point
52 396 376 450 430 id_point
53 312 420 357 464 id_point
54 222 481 275 535 id_point
54 196 625 235 666 marker
55 203 599 260 657 id_point
56 202 605 259 659 id_point
57 201 603 257 659 id_point
58 201 602 256 656 id_point
59 202 603 258 656 id_point
60 201 602 259 656 id_point
61 203 603 260 658 id_point
62 202 603 259 657 id_point
63 203 605 256 656 id_point
64 208 607 258 656 id_point
65 205 607 257 657 id_point
66 208 603 260 655 id_point
67 395 618 431 662 marker
67 339 582 392 636 id_point
68 386 601 448 657 id_point
69 395 602 451 659 id_point
70 395 602 451 658 id_point
71 392 599 450 659 id_point
72 395 599 451 657 id_point
73 392 598 450 656 id_point
74 394 598 451 656 id_point
75 392 598 450 657 id_point
76 395 597 450 653 id_point
77 393 598 451 652 id_point
78 230 609 290 665 id_point
79 226 611 279 664 id_point
80 196 635 250 688 id_point
80 294 580 334 620 marker
80 255 416 281 441 marker
80 254 491 285 539 marker
80 335 486 381 536 id_point
81 198 631 251 684 id_point
81 294 582 334 620 marker
81 255 490 286 537 marker
82 297 581 333 620 marker
82 229 282 282 337 id_point
82 255 493 287 539 marker
