0 66 238 120 294 id_point
1 193 608 248 665 id_point
2 226 597 285 655 id_point
3 226 590 283 645 id_point
4 221 590 278 645 id_point
5 219 582 274 636 id_point
6 218 584 275 640 id_point
7 219 587 274 640 id_point
8 221 584 277 638 id_point
9 53 252 108 311 id_point
10 55 234 111 287 id_point
11 63 237 106 281 id_point
12 234 602 289 655 id_point
13 233 589 287 645 id_point
14 223 584 279 639 id_point
15 222 582 279 635 id_point
16 222 581 278 636 id_point
17 221 582 277 636 id_point
18 221 582 277 636 id_point
19 222 584 278 639 id_point
20 223 586 278 640 id_point
21 223 582 279 636 id_point
22 223 583 279 637 id_point
23 222 584 279 638 id_point
24 222 584 278 641 id_point
25 222 584 278 639 id_point
26 59 419 98 461 marker
26 221 585 276 638 id_point
27 62 420 99 460 marker
27 50 361 100 436 id_point
28 61 419 97 458 marker
28 46 348 96 411 id_point
29 60 417 95 458 marker
29 48 351 94 406 id_point
30 61 418 95 457 marker
30 46 348 93 405 id_point
31 61 417 96 457 marker
31 43 349 91 405 id_point
32 61 415 96 456 marker
32 43 351 90 402 id_point
33 61 414 95 456 marker
33 47 353 95 407 id_point
34 61 415 96 456 marker
34 50 352 94 408 id_point
35 60 415 95 457 marker
35 52 354 95 410 id_point
36 43 350 97 408 id_point
37 52 350 105 406 id_point
38 54 347 109 404 id_point
39 56 346 109 401 id_point
39 123 416 162 455 marker
40 120 348 173 402 id_point
40 123 416 161 455 marker
41 107 346 158 399 id_point
41 122 417 161 455 marker
42 105 348 157 402 id_point
42 122 417 161 455 marker
43 105 350 156 400 id_point
43 121 417 161 454 marker
44 105 345 156 397 id_point
44 122 417 161 455 marker
45 104 346 156 398 id_point
45 122 416 161 455 marker
46 103 344 156 397 id_point
46 122 417 161 454 marker
47 104 344 156 398 id_point
47 121 417 160 454 marker
48 105 347 157 400 id_point
48 121 417 160 453 marker
49 107 349 158 400 id_point
50 108 349 160 400 id_point
51 108 349 161 401 id_point
52 162 342 215 397 id_point
52 186 415 226 452 marker
53 172 343 226 398 id_point
53 187 415 226 452 marker
54 172 342 226 396 id_point
54 186 416 226 453 marker
55 169 341 222 395 id_point
55 187 417 226 453 marker
56 167 338 220 395 id_point
56 187 416 226 453 marker
57 187 416 226 453 marker
57 169 338 222 392 id_point
58 187 416 225 452 marker
58 168 338 222 392 id_point
59 169 340 222 393 id_point
59 187 416 225 452 marker
60 185 414 225 451 marker
60 169 341 222 394 id_point
61 169 342 222 395 id_point
61 185 413 224 452 marker
62 168 342 221 396 id_point
63 168 342 222 397 id_point
64 170 342 223 396 id_point
65 170 344 224 397 id_point
66 254 411 292 451 marker
66 221 338 276 394 id_point
67 253 413 290 450 marker
67 237 341 287 396 id_point
68 254 413 292 451 marker
68 237 336 288 394 id_point
69 252 413 291 452 marker
69 236 341 287 393 id_point
70 253 413 292 452 marker
70 236 340 288 396 id_point
71 235 339 287 394 id_point
71 253 414 291 451 marker
72 254 413 290 451 marker
72 235 342 287 394 id_point
73 252 413 289 451 marker
73 238 341 288 395 id_point
74 234 340 286 394 id_point
74 253 412 290 451 marker
75 234 342 286 396 id_point
76 230 350 285 407 id_point
77 144 402 191 446 id_point
78 37 443 95 500 id_point
79 57 479 95 522 marker
79 34 429 82 482 id_point
80 57 481 96 521 marker
80 31 430 81 480 id_point
81 33 427 83 481 id_point
81 58 480 96 522 marker
82 57 479 95 523 marker
82 30 428 82 480 id_point
83 58 480 96 523 marker
83 32 429 82 481 id_point
84 58 481 95 523 marker
84 33 429 82 481 id_point
85 32 430 88 483 id_point
85 57 481 97 523 marker
86 32 432 85 484 id_point
86 59 482 95 522 marker
87 31 436 81 492 id_point
88 33 431 92 487 id_point
88 42 485 66 521 marker
89 46 429 100 482 id_point
90 101 417 153 470 id_point
91 98 417 152 472 id_point
91 118 479 158 519 marker
92 97 423 148 474 id_point
92 119 479 159 519 marker
93 96 421 149 474 id_point
93 119 479 159 519 marker
94 119 479 158 519 marker
94 95 423 147 474 id_point
95 96 425 149 479 id_point
95 119 478 157 519 marker
96 96 425 149 478 id_point
96 119 480 158 519 marker
97 120 479 158 519 marker
97 98 426 150 480 id_point
98 120 478 159 519 marker
98 100 426 151 479 id_point
99 101 425 154 479 id_point
99 120 478 158 519 marker
100 99 426 152 479 id_point
101 100 426 152 479 id_point
102 102 423 157 476 id_point
103 139 415 194 471 id_point
104 186 476 225 514 marker
104 144 420 199 474 id_point
105 170 418 223 473 id_point
105 183 474 224 516 marker
106 186 476 224 515 marker
106 167 417 222 474 id_point
107 163 418 219 475 id_point
107 185 476 225 516 marker
108 161 418 217 475 id_point
108 187 477 225 517 marker
109 161 419 215 473 id_point
109 186 476 225 517 marker
110 186 477 225 517 marker
110 161 418 217 475 id_point
111 161 419 216 476 id_point
111 184 476 224 519 marker
112 161 419 216 476 id_point
112 186 476 224 517 marker
113 161 417 217 474 id_point
113 187 477 225 517 marker
114 161 417 215 474 id_point
115 162 420 215 474 id_point
116 163 419 218 476 id_point
117 206 416 262 472 id_point
117 254 475 292 516 marker
118 255 475 292 516 marker
118 230 418 286 473 id_point
119 254 475 292 515 marker
119 230 416 285 471 id_point
120 253 475 291 516 marker
120 232 414 285 469 id_point
121 255 475 292 516 marker
121 231 416 286 471 id_point
122 254 476 291 517 marker
122 230 416 286 471 id_point
123 255 475 293 517 marker
123 231 414 286 469 id_point
124 255 475 291 517 marker
124 230 416 284 469 id_point
125 254 476 291 517 marker
125 231 416 285 473 id_point
126 230 417 286 471 id_point
128 201 441 257 496 id_point
129 24 501 81 554 id_point
130 23 508 80 563 id_point
130 58 545 96 587 marker
131 21 509 75 559 id_point
131 58 544 96 586 marker
132 21 509 76 560 id_point
132 57 544 95 587 marker
133 19 509 75 559 id_point
133 58 543 95 587 marker
134 19 509 75 560 id_point
134 58 542 94 586 marker
135 18 508 76 560 id_point
135 56 543 93 586 marker
136 20 509 76 560 id_point
136 56 543 93 586 marker
137 20 511 75 561 id_point
137 57 543 94 587 marker
138 20 511 75 561 id_point
138 57 543 95 586 marker
139 17 506 76 560 id_point
140 22 507 79 562 id_point
141 35 506 93 559 id_point
142 84 504 137 559 id_point
143 120 544 157 585 marker
143 86 505 141 558 id_point
144 120 544 157 586 marker
144 88 504 142 557 id_point
145 119 545 157 585 marker
145 88 502 141 556 id_point
146 119 544 157 586 marker
146 88 502 141 556 id_point
147 119 544 157 586 marker
147 86 504 140 556 id_point
148 119 544 156 586 marker
148 88 504 142 557 id_point
149 118 544 157 585 marker
149 87 502 142 556 id_point
150 119 544 157 586 marker
150 88 504 143 559 id_point
151 119 543 156 585 marker
151 89 504 143 558 id_point
152 118 544 156 585 marker
152 88 504 142 559 id_point
153 88 505 142 560 id_point
154 89 504 141 558 id_point
155 90 504 142 558 id_point
156 131 509 187 563 id_point
157 184 545 224 584 marker
157 139 510 195 564 id_point
158 153 503 210 561 id_point
158 185 546 225 584 marker
159 185 543 224 584 marker
159 154 503 208 559 id_point
160 150 506 205 560 id_point
160 185 543 223 584 marker
161 152 502 206 557 id_point
161 185 544 224 586 marker
162 151 501 206 558 id_point
162 186 543 224 586 marker
163 151 503 205 558 id_point
163 185 544 224 585 marker
164 151 501 205 557 id_point
164 184 543 223 585 marker
165 184 543 223 585 marker
165 151 502 206 556 id_point
166 149 501 205 554 id_point
167 152 503 206 559 id_point
168 152 503 206 558 id_point
169 155 502 209 555 id_point
170 254 542 290 583 marker
170 214 500 268 553 id_point
171 255 542 290 583 marker
171 225 501 280 555 id_point
172 254 541 290 583 marker
172 224 500 281 556 id_point
173 254 542 290 583 marker
173 223 501 280 555 id_point
174 254 542 290 584 marker
174 223 502 279 557 id_point
175 254 541 290 583 marker
175 223 501 278 556 id_point
176 255 542 290 583 marker
176 223 502 278 556 id_point
177 255 541 290 583 marker
177 224 501 279 555 id_point
178 254 541 290 583 marker
178 223 498 278 554 id_point
179 223 500 278 556 id_point
180 222 508 276 561 id_point
181 19 581 74 635 id_point
182 7 596 62 649 id_point
183 59 611 95 653 marker
183 14 594 69 647 id_point
184 17 593 73 645 id_point
184 59 610 96 654 marker
185 59 612 95 654 marker
185 17 592 73 645 id_point
186 59 612 95 654 marker
186 20 595 74 645 id_point
187 58 614 94 655 marker
187 19 596 74 645 id_point
188 60 615 94 654 marker
188 20 595 77 648 id_point
189 59 614 94 653 marker
189 21 596 74 647 id_point
190 60 615 94 652 marker
190 22 597 75 648 id_point
191 23 596 80 648 id_point
191 61 616 95 654 marker
192 21 594 76 646 id_point
193 30 593 85 648 id_point
194 35 595 97 646 id_point
195 120 613 157 656 marker
195 88 589 144 643 id_point
196 119 614 158 656 marker
196 91 593 145 646 id_point
197 121 613 158 656 marker
197 87 591 144 645 id_point
198 122 614 158 656 marker
198 86 591 142 644 id_point
199 122 614 158 656 marker
199 88 591 144 644 id_point
200 122 615 159 657 marker
200 89 591 144 645 id_point
201 122 616 159 657 marker
201 89 592 144 646 id_point
202 121 615 158 657 marker
202 87 591 144 645 id_point
203 119 615 157 655 marker
203 88 594 143 647 id_point
204 89 594 140 647 id_point
205 87 594 140 644 id_point
206 90 591 142 644 id_point
207 143 586 195 639 id_point
208 185 612 225 652 marker
208 144 585 200 639 id_point
209 156 590 214 646 id_point
209 184 611 226 653 marker
210 181 610 225 653 marker
210 155 591 213 646 id_point
211 183 613 222 653 marker
211 156 592 211 646 id_point
212 185 612 224 654 marker
212 153 590 206 643 id_point
213 185 614 224 654 marker
213 152 590 206 644 id_point
214 185 612 224 655 marker
214 154 591 208 644 id_point
215 186 615 224 654 marker
215 155 590 209 644 id_point
216 184 612 224 654 marker
216 154 590 212 646 id_point
217 153 590 206 642 id_point
218 152 591 205 643 id_point
219 152 590 205 642 id_point
220 183 596 235 650 id_point
221 254 611 288 651 marker
221 210 590 266 643 id_point
222 250 612 289 652 marker
222 224 590 279 645 id_point
223 222 588 276 643 id_point
223 256 612 290 651 marker
224 224 588 277 643 id_point
224 250 610 292 652 marker
225 225 591 278 646 id_point
225 250 613 289 653 marker
226 223 587 277 643 id_point
226 252 611 292 653 marker
227 225 590 278 647 id_point
227 250 611 291 652 marker
228 255 613 291 653 marker
228 222 590 277 643 id_point
229 256 616 289 654 marker
229 222 592 278 645 id_point
230 221 590 276 644 id_point
231 220 589 275 644 id_point
232 220 590 275 643 id_point
233 219 583 275 638 id_point
233 139 569 175 612 marker
234 218 587 277 641 id_point
234 138 574 176 612 marker
234 103 486 132 530 marker
235 228 600 287 655 id_point
235 144 574 181 613 marker
235 106 488 137 533 marker
236 236 598 296 654 id_point
236 151 576 190 614 marker
236 114 489 145 535 marker
237 259 597 315 652 id_point
237 161 579 198 616 marker
237 123 490 153 535 marker
238 261 586 317 640 id_point
238 158 573 191 615 marker
238 119 485 149 534 marker
238 199 479 245 527 id_point
239 266 561 324 616 id_point
239 166 575 204 613 marker
239 129 488 157 537 marker
240 169 572 205 610 marker
240 129 485 160 531 marker
241 168 562 206 599 marker
241 240 571 299 627 id_point
241 130 473 160 521 marker
242 165 562 202 600 marker
242 124 474 156 522 marker
242 208 467 252 514 id_point
