0 10 597 66 652 id_point
1 8 600 62 655 id_point
2 193 300 250 357 id_point
4 17 618 73 672 id_point
5 7 592 65 643 id_point
6 4 642 60 697 id_point
7 6 597 64 653 id_point
8 10 645 65 699 id_point
9 11 657 66 708 id_point
10 20 661 65 704 id_point
11 157 617 210 673 id_point
12 231 601 287 653 id_point
13 215 602 272 654 id_point
14 213 601 272 657 id_point
15 213 607 268 663 id_point
16 210 608 268 663 id_point
17 210 605 266 660 id_point
18 211 606 267 660 id_point
19 213 608 270 663 id_point
20 213 606 271 661 id_point
21 214 606 270 660 id_point
22 213 608 270 662 id_point
23 213 609 269 663 id_point
24 214 609 271 664 id_point
25 216 610 271 665 id_point
26 216 607 273 661 id_point
27 216 610 274 663 id_point
28 214 610 271 664 id_point
29 214 606 271 662 id_point
30 212 607 270 661 id_point
31 214 608 270 663 id_point
32 216 607 271 662 id_point
32 58 634 94 674 marker
33 15 607 70 659 id_point
33 59 635 96 674 marker
34 11 607 64 660 id_point
34 59 637 95 675 marker
35 59 636 96 674 marker
35 10 605 63 660 id_point
36 60 636 95 674 marker
36 5 609 62 661 id_point
37 61 637 95 674 marker
37 7 606 59 658 id_point
38 60 636 95 674 marker
38 5 607 60 659 id_point
39 61 637 96 674 marker
39 7 605 60 659 id_point
40 60 637 94 674 marker
40 7 607 62 662 id_point
41 61 637 96 674 marker
41 9 609 63 663 id_point
42 11 606 65 661 id_point
43 12 607 67 661 id_point
44 18 607 75 659 id_point
45 25 608 81 660 id_point
46 73 609 127 664 id_point
46 256 634 293 673 marker
47 257 633 293 672 marker
47 136 609 180 650 id_point
48 256 633 292 674 marker
48 203 610 261 664 id_point
49 258 635 294 672 marker
49 218 612 273 666 id_point
50 258 635 294 672 marker
50 216 611 272 667 id_point
51 258 635 294 671 marker
51 214 610 268 664 id_point
52 258 636 294 672 marker
52 214 608 270 662 id_point
53 259 635 293 672 marker
53 214 607 266 661 id_point
54 258 634 292 672 marker
54 209 610 268 664 id_point
55 259 635 292 673 marker
55 213 611 266 664 id_point
56 259 634 293 672 marker
56 215 611 268 664 id_point
57 215 610 273 663 id_point
58 217 612 274 666 id_point
59 216 610 274 665 id_point
60 42 714 96 769 id_point
61 71 831 110 868 marker
62 22 851 76 905 id_point
62 72 831 107 869 marker
63 20 854 73 908 id_point
63 73 833 107 869 marker
64 19 855 73 910 id_point
64 73 833 109 868 marker
65 19 854 72 909 id_point
65 72 829 108 867 marker
66 19 856 73 910 id_point
66 72 833 109 869 marker
67 20 853 72 908 id_point
67 72 833 108 870 marker
68 21 851 73 906 id_point
68 73 829 109 869 marker
69 20 854 76 908 id_point
69 74 830 108 869 marker
70 23 850 79 904 id_point
71 23 853 79 908 id_point
72 36 861 96 918 id_point
73 39 858 97 916 id_point
74 264 830 301 869 marker
74 209 856 265 911 id_point
75 264 829 302 868 marker
75 226 862 282 917 id_point
76 263 830 301 869 marker
76 226 864 280 918 id_point
77 264 830 302 868 marker
77 224 866 280 922 id_point
78 264 830 302 868 marker
78 223 870 279 924 id_point
79 264 830 303 868 marker
79 223 867 278 921 id_point
80 264 830 302 868 marker
80 224 868 277 924 id_point
81 265 830 303 868 marker
81 223 868 278 924 id_point
82 264 830 302 868 marker
82 223 867 277 923 id_point
83 263 830 303 868 marker
83 223 871 278 927 id_point
84 222 869 278 926 id_point
85 221 868 278 924 id_point
86 224 863 280 917 id_point
87 224 861 280 916 id_point
88 224 860 281 916 id_point
89 125 740 183 797 id_point
89 163 925 200 960 marker
89 119 846 149 889 marker
89 199 842 247 886 id_point
90 162 926 200 960 marker
90 113 711 168 767 id_point
90 117 846 148 890 marker
90 214 699 244 767 id_point
91 163 926 201 960 marker
91 120 849 150 891 marker
91 201 842 246 886 id_point
92 14 654 68 707 id_point
92 163 926 201 960 marker
92 119 847 151 891 marker
93 24 637 80 692 id_point
93 163 927 200 961 marker
93 119 849 149 894 marker
94 23 633 79 684 id_point
94 160 929 197 962 marker
94 115 848 146 895 marker
94 214 694 246 768 id_point
