1 295 596 338 637 id_point
2 281 591 337 647 id_point
3 298 575 354 630 id_point
4 303 572 359 627 id_point
5 302 571 356 628 id_point
6 303 572 357 630 id_point
7 303 576 358 633 id_point
8 302 577 357 631 id_point
9 303 574 358 630 id_point
10 304 574 361 629 id_point
11 303 573 359 628 id_point
12 302 577 359 631 id_point
13 303 576 359 630 id_point
14 303 575 359 630 id_point
15 302 577 359 631 id_point
16 302 579 358 632 id_point
17 302 579 358 632 id_point
18 302 577 359 633 id_point
19 304 577 360 631 id_point
20 304 579 360 635 id_point
21 305 580 361 636 id_point
22 304 577 360 632 id_point
23 306 577 361 632 id_point
24 308 576 363 632 id_point
25 306 578 361 635 id_point
26 306 577 362 632 id_point
27 305 578 361 636 id_point
27 176 339 219 380 marker
28 178 340 220 379 marker
28 109 338 169 401 id_point
29 177 340 219 379 marker
29 114 331 169 386 id_point
30 178 341 220 381 marker
30 114 336 168 391 id_point
31 177 341 221 379 marker
31 109 337 162 389 id_point
32 177 341 220 380 marker
32 108 336 160 390 id_point
33 178 342 220 380 marker
33 110 335 163 388 id_point
34 113 335 168 388 id_point
34 177 341 220 380 marker
35 112 337 167 392 id_point
35 177 341 221 381 marker
36 113 337 168 392 id_point
37 113 342 168 395 id_point
38 165 343 222 397 id_point
39 165 343 220 398 id_point
40 195 329 251 384 id_point
41 280 340 323 380 marker
41 197 330 250 384 id_point
42 280 340 323 379 marker
42 204 335 257 388 id_point
43 279 340 324 379 marker
43 208 335 261 388 id_point
44 279 340 324 379 marker
44 208 333 260 385 id_point
45 280 340 323 379 marker
45 206 333 261 387 id_point
46 280 339 323 379 marker
46 207 332 261 385 id_point
47 279 339 323 379 marker
47 206 332 258 385 id_point
48 279 340 323 379 marker
48 205 333 259 387 id_point
49 279 340 322 379 marker
49 204 332 259 386 id_point
50 279 339 323 379 marker
50 206 333 258 385 id_point
51 205 333 260 387 id_point
52 207 336 262 389 id_point
53 207 339 262 393 id_point
54 308 337 363 392 id_point
55 312 335 366 390 id_point
55 383 343 427 382 marker
56 385 342 426 381 marker
56 313 334 365 386 id_point
57 313 333 367 386 id_point
57 383 342 427 382 marker
58 313 333 367 386 id_point
58 383 342 426 382 marker
59 312 329 366 383 id_point
59 383 342 426 382 marker
60 384 343 426 382 marker
61 311 329 365 382 id_point
61 383 342 427 381 marker
62 311 331 366 383 id_point
62 383 342 426 382 marker
63 312 331 366 384 id_point
63 383 341 426 381 marker
64 311 330 365 385 id_point
64 382 342 426 382 marker
65 312 334 366 386 id_point
66 332 342 386 397 id_point
67 443 343 497 399 id_point
68 486 349 520 388 marker
68 447 346 501 398 id_point
69 483 348 521 387 marker
69 413 337 467 395 id_point
70 482 348 521 387 marker
70 411 336 464 393 id_point
71 482 349 521 388 marker
71 409 337 462 391 id_point
72 482 349 521 388 marker
72 406 337 459 389 id_point
73 483 349 521 387 marker
73 409 334 462 388 id_point
74 481 348 520 388 marker
74 409 334 463 387 id_point
75 482 348 520 387 marker
75 408 336 462 392 id_point
76 482 348 520 387 marker
76 408 338 463 394 id_point
77 482 348 520 387 marker
77 408 335 461 389 id_point
78 407 335 461 392 id_point
79 408 339 462 396 id_point
80 408 341 463 397 id_point
81 408 341 463 397 id_point
82 409 341 463 397 id_point
83 490 350 544 405 id_point
83 572 357 608 395 marker
84 572 358 608 395 marker
84 501 341 554 399 id_point
85 573 357 607 394 marker
85 507 338 561 393 id_point
86 573 357 607 395 marker
86 507 336 561 392 id_point
87 572 356 607 395 marker
87 530 362 572 403 id_point
88 572 356 607 395 marker
88 479 334 534 389 id_point
89 572 357 607 396 marker
89 489 342 530 388 id_point
90 573 355 610 396 marker
91 577 341 638 396 id_point
92 581 340 636 396 id_point
96 172 436 216 478 marker
97 173 436 216 479 marker
98 173 435 216 478 marker
99 173 435 216 479 marker
100 173 435 216 479 marker
101 172 435 215 479 marker
102 172 436 217 479 marker
103 173 436 215 479 marker
103 54 374 108 429 id_point
104 172 436 215 479 marker
104 60 378 105 419 id_point
105 172 435 216 478 marker
108 12 577 67 632 id_point
109 17 568 72 625 id_point
110 18 567 74 622 id_point
110 279 431 323 475 marker
111 280 431 324 476 marker
111 21 568 76 622 id_point
112 281 432 324 477 marker
112 25 581 70 634 id_point
113 21 581 75 636 id_point
113 281 433 324 477 marker
114 18 581 75 636 id_point
114 280 433 324 477 marker
115 20 581 75 635 id_point
115 281 433 326 476 marker
116 22 580 77 633 id_point
116 282 433 325 477 marker
117 23 578 78 632 id_point
117 282 433 325 476 marker
118 21 584 76 638 id_point
118 281 433 325 477 marker
119 21 584 76 638 id_point
119 281 433 324 477 marker
120 20 585 76 639 id_point
121 123 528 180 581 id_point
122 129 525 184 578 id_point
123 388 435 432 478 marker
123 248 540 306 595 id_point
124 388 434 431 477 marker
125 388 435 431 477 marker
126 388 434 430 477 marker
127 388 435 431 477 marker
128 389 435 432 478 marker
129 388 435 432 478 marker
130 388 435 432 478 marker
130 280 567 330 623 id_point
131 388 436 432 479 marker
131 283 555 339 610 id_point
132 286 553 341 607 id_point
132 389 435 432 479 marker
133 285 562 343 617 id_point
134 286 561 341 616 id_point
137 490 439 530 481 marker
137 424 451 478 506 id_point
138 490 439 530 481 marker
138 417 451 472 506 id_point
139 409 448 465 503 id_point
139 490 439 531 481 marker
140 490 439 530 480 marker
140 403 444 457 500 id_point
141 489 440 529 481 marker
141 406 448 460 504 id_point
142 411 450 466 503 id_point
142 488 439 528 481 marker
143 489 439 528 480 marker
143 408 448 463 503 id_point
144 490 439 529 481 marker
144 408 449 463 504 id_point
145 410 448 465 504 id_point
145 490 440 530 482 marker
146 411 449 468 504 id_point
146 489 439 529 481 marker
147 412 450 468 505 id_point
147 489 440 530 481 marker
148 412 451 467 506 id_point
149 411 455 465 508 id_point
150 542 447 596 500 id_point
151 542 447 597 502 id_point
151 584 446 619 490 marker
152 581 446 618 486 marker
153 552 453 609 514 id_point
153 584 442 620 485 marker
154 552 454 609 514 id_point
154 583 442 619 484 marker
155 557 455 614 512 id_point
156 555 453 613 513 id_point
156 581 442 619 486 marker
157 554 453 612 510 id_point
157 578 441 619 486 marker
158 552 452 610 511 id_point
158 580 442 618 486 marker
159 549 451 606 509 id_point
159 583 443 619 485 marker
160 548 456 602 512 id_point
162 22 495 76 548 id_point
163 20 492 76 546 id_point
163 170 540 216 585 marker
164 170 540 216 585 marker
164 44 462 99 516 id_point
165 170 541 215 584 marker
165 44 462 99 516 id_point
166 170 540 215 584 marker
166 47 461 103 517 id_point
167 47 459 102 515 id_point
167 170 540 216 584 marker
168 47 461 103 516 id_point
168 170 540 216 584 marker
169 170 538 215 584 marker
169 47 461 102 516 id_point
170 48 462 103 516 id_point
170 170 539 215 584 marker
171 170 539 215 584 marker
171 45 461 102 517 id_point
172 46 464 102 518 id_point
172 169 538 214 584 marker
173 169 538 214 584 marker
173 46 465 101 519 id_point
174 46 464 101 519 id_point
175 46 466 102 520 id_point
176 113 461 169 515 id_point
177 121 462 178 517 id_point
178 154 464 211 517 id_point
179 156 461 211 516 id_point
179 279 536 325 582 marker
180 134 460 189 512 id_point
180 280 536 325 584 marker
181 133 457 187 512 id_point
181 278 536 325 583 marker
182 131 459 185 515 id_point
182 279 537 326 583 marker
183 129 456 183 513 id_point
183 278 536 324 583 marker
184 129 456 183 509 id_point
184 279 536 326 582 marker
185 128 457 183 511 id_point
185 278 536 325 583 marker
186 128 457 183 514 id_point
186 279 536 324 583 marker
187 128 456 183 513 id_point
187 279 535 325 583 marker
188 129 458 184 511 id_point
188 279 536 325 582 marker
189 129 458 185 513 id_point
189 279 536 324 584 marker
190 129 458 184 511 id_point
191 131 460 185 514 id_point
192 133 459 188 515 id_point
193 193 459 248 513 id_point
194 202 457 259 509 id_point
194 389 536 433 582 marker
195 217 454 271 509 id_point
195 389 538 434 583 marker
196 389 537 434 582 marker
196 215 453 271 509 id_point
197 215 456 270 510 id_point
197 389 538 434 583 marker
198 390 538 434 584 marker
198 213 452 270 508 id_point
199 213 452 269 506 id_point
199 389 537 434 583 marker
200 213 452 268 506 id_point
200 389 537 433 583 marker
201 214 451 269 506 id_point
201 390 537 433 583 marker
202 212 452 268 505 id_point
202 390 538 434 583 marker
203 214 452 269 506 id_point
203 389 537 434 583 marker
204 213 451 268 504 id_point
204 389 538 434 583 marker
205 213 451 268 505 id_point
205 389 537 434 583 marker
206 212 452 267 503 id_point
207 213 453 269 508 id_point
208 252 585 308 639 id_point
209 400 582 459 637 id_point
210 493 538 534 582 marker
210 408 583 463 638 id_point
211 493 538 534 583 marker
211 420 595 475 652 id_point
212 494 538 534 582 marker
212 420 601 476 655 id_point
213 494 538 534 582 marker
213 421 597 476 651 id_point
214 494 538 534 582 marker
214 395 563 452 619 id_point
215 493 539 534 583 marker
215 393 565 449 619 id_point
216 493 539 534 583 marker
216 395 566 451 620 id_point
217 493 538 534 582 marker
217 392 564 449 618 id_point
218 493 538 533 582 marker
218 392 564 448 616 id_point
219 390 565 447 619 id_point
220 390 563 446 617 id_point
221 391 564 446 618 id_point
222 488 545 544 600 id_point
223 490 554 544 607 id_point
223 586 541 623 583 marker
224 493 557 545 610 id_point
224 587 541 623 583 marker
225 491 559 545 614 id_point
225 587 541 624 583 marker
226 492 557 544 613 id_point
226 587 542 623 583 marker
227 489 556 542 610 id_point
227 587 542 624 583 marker
228 587 542 623 583 marker
228 488 559 542 616 id_point
229 588 543 623 583 marker
229 488 559 543 615 id_point
230 487 560 541 616 id_point
230 587 542 624 583 marker
231 588 542 623 583 marker
231 487 560 541 616 id_point
232 486 559 542 615 id_point
233 484 562 540 616 id_point
234 9 625 65 680 id_point
235 1 682 36 735 id_point
236 0 720 51 773 id_point
237 169 648 216 694 marker
237 33 680 86 734 id_point
238 39 682 93 736 id_point
238 170 648 216 695 marker
239 170 649 216 695 marker
239 40 682 94 736 id_point
240 40 683 95 737 id_point
240 171 649 216 694 marker
241 42 682 96 736 id_point
241 171 649 216 694 marker
242 44 681 97 736 id_point
242 171 649 217 695 marker
243 24 688 78 741 id_point
243 171 649 216 695 marker
244 24 688 79 741 id_point
244 171 649 217 694 marker
245 24 687 80 741 id_point
245 171 649 216 695 marker
246 26 685 79 743 id_point
247 28 688 83 741 id_point
248 34 691 81 736 id_point
249 99 689 142 733 id_point
250 176 693 231 748 id_point
250 282 646 326 693 marker
251 137 689 193 743 id_point
251 281 645 326 694 marker
252 133 688 188 741 id_point
252 281 646 326 694 marker
253 133 693 187 746 id_point
253 280 645 325 693 marker
254 132 693 187 746 id_point
254 280 645 325 694 marker
255 131 691 185 744 id_point
255 281 645 325 693 marker
256 135 691 189 745 id_point
256 281 644 326 693 marker
257 134 692 189 746 id_point
257 282 646 326 693 marker
258 133 693 188 745 id_point
258 281 646 325 693 marker
259 133 692 188 744 id_point
259 279 647 326 694 marker
260 133 691 188 744 id_point
261 133 692 188 743 id_point
262 136 689 193 740 id_point
263 229 696 284 750 id_point
264 231 696 288 749 id_point
264 391 644 436 690 marker
265 391 644 436 690 marker
265 266 702 320 757 id_point
266 264 700 320 753 id_point
266 391 644 436 690 marker
267 261 698 315 752 id_point
267 390 644 436 690 marker
268 391 644 435 689 marker
268 257 697 312 749 id_point
269 258 698 312 749 id_point
269 390 644 436 690 marker
270 255 695 311 750 id_point
270 391 645 436 691 marker
271 257 697 313 752 id_point
271 391 644 437 689 marker
272 392 645 437 690 marker
272 259 698 314 753 id_point
273 391 645 436 690 marker
273 260 696 314 754 id_point
274 258 698 314 753 id_point
275 258 698 315 752 id_point
276 260 698 315 751 id_point
277 313 687 370 742 id_point
278 494 643 535 686 marker
278 384 688 440 745 id_point
279 495 642 535 686 marker
279 389 697 443 753 id_point
280 494 643 536 686 marker
280 388 697 442 754 id_point
281 494 642 536 686 marker
281 384 698 440 755 id_point
282 494 643 535 686 marker
282 388 699 442 754 id_point
283 494 642 536 685 marker
283 388 694 443 749 id_point
284 493 643 535 686 marker
284 385 695 439 750 id_point
285 494 643 535 686 marker
285 385 695 440 750 id_point
286 495 642 535 686 marker
286 385 695 440 750 id_point
287 494 643 535 686 marker
287 385 693 442 750 id_point
288 387 698 443 752 id_point
289 392 696 448 753 id_point
290 400 691 456 746 id_point
291 397 688 458 742 id_point
292 492 691 548 744 id_point
292 589 641 626 683 marker
293 498 692 555 747 id_point
293 588 641 625 683 marker
294 588 641 626 683 marker
294 504 693 558 748 id_point
295 588 642 626 684 marker
295 503 694 558 748 id_point
296 588 640 626 682 marker
296 502 694 556 748 id_point
297 588 640 626 683 marker
297 504 693 558 748 id_point
298 502 690 557 746 id_point
298 589 640 626 683 marker
299 588 640 625 683 marker
299 501 691 555 747 id_point
300 500 693 554 748 id_point
300 589 640 626 682 marker
301 589 640 626 682 marker
301 503 691 556 747 id_point
302 502 690 557 746 id_point
303 503 689 557 744 id_point
304 503 689 560 744 id_point
305 506 688 561 743 id_point
306 175 756 219 800 marker
307 175 757 219 801 marker
307 24 819 78 871 id_point
308 175 756 218 800 marker
308 24 825 78 878 id_point
309 175 756 219 800 marker
309 21 829 76 885 id_point
310 18 832 73 886 id_point
310 174 757 219 800 marker
311 21 825 78 882 id_point
311 174 755 218 800 marker
312 174 756 218 801 marker
312 26 822 80 877 id_point
313 174 756 219 800 marker
313 26 822 80 877 id_point
314 174 757 219 799 marker
314 26 821 80 877 id_point
315 27 820 82 876 id_point
315 174 757 218 800 marker
316 34 818 91 871 id_point
317 103 821 160 877 id_point
318 106 822 161 877 id_point
319 151 830 206 885 id_point
320 152 830 206 884 id_point
320 282 754 328 798 marker
321 145 825 200 880 id_point
321 283 754 327 799 marker
322 139 825 195 879 id_point
322 282 753 327 799 marker
323 142 825 196 878 id_point
323 282 754 328 799 marker
324 140 824 195 877 id_point
324 283 754 327 799 marker
325 140 823 195 876 id_point
325 282 754 326 800 marker
326 139 824 195 877 id_point
326 282 754 326 799 marker
327 140 822 196 876 id_point
327 283 754 326 799 marker
328 140 821 195 876 id_point
328 283 754 327 798 marker
329 282 753 326 797 marker
329 140 821 196 874 id_point
330 140 818 196 873 id_point
331 140 818 196 871 id_point
332 190 829 246 883 id_point
333 260 825 315 879 id_point
334 272 828 327 881 id_point
334 390 750 435 794 marker
335 391 751 435 794 marker
335 268 827 323 881 id_point
336 390 752 435 794 marker
336 268 832 322 886 id_point
337 265 827 320 883 id_point
337 390 751 435 795 marker
338 390 751 434 794 marker
338 266 830 320 886 id_point
339 265 832 319 887 id_point
339 391 751 435 794 marker
340 266 830 321 886 id_point
340 391 750 435 794 marker
341 391 749 435 794 marker
341 265 831 320 886 id_point
342 391 750 435 794 marker
342 265 831 320 887 id_point
343 265 829 319 883 id_point
343 391 749 435 794 marker
344 263 827 318 880 id_point
345 336 820 392 872 id_point
346 338 815 393 869 id_point
347 369 838 426 891 id_point
348 493 745 533 788 marker
348 379 837 434 892 id_point
349 493 744 533 787 marker
349 393 834 446 888 id_point
350 494 744 534 786 marker
350 392 834 448 890 id_point
351 494 744 534 786 marker
351 393 837 447 893 id_point
352 493 744 533 787 marker
352 392 838 445 890 id_point
353 493 745 534 787 marker
353 391 839 446 891 id_point
354 494 745 533 787 marker
354 392 832 447 885 id_point
355 494 745 533 787 marker
355 392 832 446 887 id_point
356 493 745 533 787 marker
356 392 834 447 887 id_point
357 494 745 533 787 marker
357 392 830 445 885 id_point
358 389 829 446 883 id_point
359 448 810 504 865 id_point
360 483 825 540 878 id_point
361 494 833 549 886 id_point
361 587 738 622 779 marker
362 587 738 623 778 marker
362 502 817 559 873 id_point
363 587 739 623 779 marker
363 503 822 558 876 id_point
364 587 739 623 779 marker
364 502 821 558 877 id_point
365 587 739 623 779 marker
365 504 821 559 878 id_point
366 587 739 624 779 marker
366 504 822 559 878 id_point
367 587 739 624 780 marker
367 505 823 561 877 id_point
368 587 740 624 780 marker
368 503 823 559 877 id_point
369 588 739 624 780 marker
369 502 823 558 877 id_point
370 495 818 551 872 id_point
371 490 818 550 872 id_point
372 58 923 115 978 id_point
373 269 1079 325 1134 id_point
374 268 1081 326 1138 id_point
375 270 1078 327 1138 id_point
376 395 970 453 1023 id_point
376 57 705 186 899 marker
376 67 690 173 902 id_point
377 398 970 453 1024 id_point
378 392 517 445 573 id_point
379 370 532 417 574 id_point
380 389 518 443 571 id_point
381 375 507 420 552 id_point
381 72 697 181 901 id_point
382 71 698 180 897 id_point
383 389 534 442 588 id_point
383 70 716 181 893 id_point
384 417 492 473 545 id_point
385 474 521 527 574 id_point
386 471 524 527 576 id_point
386 87 270 170 394 id_point
387 471 529 529 584 id_point
388 479 529 534 582 id_point
