0 291 612 345 669 id_point
1 299 599 352 656 id_point
2 294 611 348 663 id_point
3 293 611 347 666 id_point
5 83 197 137 255 id_point
7 68 153 111 197 id_point
9 226 591 281 645 id_point
10 247 570 302 626 id_point
11 250 565 306 623 id_point
12 257 562 312 619 id_point
13 226 638 280 689 id_point
14 228 638 282 691 id_point
15 228 640 282 694 id_point
16 228 640 282 694 id_point
17 228 639 282 695 id_point
18 227 608 280 662 id_point
19 227 609 282 663 id_point
20 229 611 282 664 id_point
21 228 613 285 665 id_point
22 229 607 283 660 id_point
23 229 607 283 661 id_point
24 229 609 283 660 id_point
25 229 607 283 659 id_point
26 228 606 283 660 id_point
27 116 431 155 470 marker
27 227 607 283 659 id_point
28 115 432 155 470 marker
28 228 607 281 659 id_point
29 117 427 156 469 marker
30 114 429 155 469 marker
31 114 430 156 469 marker
31 99 384 140 430 id_point
32 4 300 56 351 id_point
32 115 429 155 470 marker
33 5 294 58 347 id_point
33 116 429 155 469 marker
34 5 296 59 350 id_point
34 115 429 155 469 marker
35 5 303 59 355 id_point
35 116 429 155 469 marker
36 4 301 57 353 id_point
36 115 430 155 470 marker
37 6 301 58 354 id_point
38 5 304 57 355 id_point
39 26 306 82 359 id_point
40 29 311 85 365 id_point
41 144 247 199 297 id_point
41 314 427 355 467 marker
42 278 196 332 251 id_point
42 313 426 355 466 marker
43 246 425 301 481 id_point
43 315 426 355 467 marker
44 247 424 302 479 id_point
44 314 428 354 467 marker
45 245 422 300 476 id_point
45 313 427 355 466 marker
46 244 423 297 477 id_point
46 314 427 354 466 marker
47 245 422 300 475 id_point
47 314 427 355 466 marker
48 244 421 297 475 id_point
48 313 427 353 466 marker
49 314 427 354 466 marker
49 244 420 297 474 id_point
50 244 420 297 474 id_point
50 314 427 354 466 marker
51 246 422 299 477 id_point
52 245 422 300 476 id_point
53 245 425 299 478 id_point
54 244 424 299 480 id_point
55 336 424 389 477 id_point
56 508 433 543 473 marker
56 346 427 387 472 id_point
57 508 434 543 472 marker
57 422 431 474 486 id_point
58 509 434 543 472 marker
58 423 431 477 486 id_point
59 508 434 543 473 marker
59 424 432 475 485 id_point
60 508 434 542 472 marker
60 414 429 468 483 id_point
61 507 434 543 472 marker
61 414 430 468 483 id_point
62 508 434 543 472 marker
62 414 428 467 483 id_point
63 507 434 543 472 marker
63 413 426 468 482 id_point
64 508 434 542 473 marker
64 412 430 465 483 id_point
65 507 435 542 472 marker
65 412 433 465 486 id_point
66 415 433 467 487 id_point
67 414 437 466 493 id_point
68 406 445 459 500 id_point
69 112 629 153 671 marker
69 74 573 128 626 id_point
70 113 628 154 669 marker
70 55 637 113 691 id_point
71 113 628 153 669 marker
71 52 634 104 688 id_point
72 113 628 154 671 marker
72 51 636 106 688 id_point
73 113 628 153 671 marker
73 52 634 105 688 id_point
74 113 629 153 671 marker
74 55 634 106 687 id_point
75 113 629 154 671 marker
75 52 637 103 688 id_point
76 113 627 153 669 marker
76 52 634 101 690 id_point
77 113 628 153 669 marker
77 51 636 102 689 id_point
78 112 628 153 670 marker
78 51 636 103 690 id_point
79 50 637 104 686 id_point
80 71 636 126 690 id_point
82 318 624 359 668 marker
82 179 634 232 687 id_point
83 318 626 359 669 marker
83 242 635 296 689 id_point
84 239 634 293 688 id_point
84 318 625 361 669 marker
85 317 625 360 669 marker
85 235 636 290 690 id_point
86 318 626 359 669 marker
86 234 634 289 688 id_point
87 233 635 287 689 id_point
87 318 626 360 669 marker
88 318 627 359 669 marker
88 232 636 286 689 id_point
89 318 625 360 670 marker
89 233 635 287 689 id_point
90 318 627 360 669 marker
90 232 635 286 689 id_point
91 232 637 286 690 id_point
91 317 626 360 669 marker
92 233 637 287 690 id_point
93 235 635 289 688 id_point
94 233 635 288 688 id_point
96 517 623 554 664 marker
96 354 632 408 686 id_point
97 517 622 554 664 marker
97 429 626 482 682 id_point
98 518 623 554 664 marker
98 423 628 477 685 id_point
99 517 624 554 663 marker
99 424 630 476 686 id_point
100 517 623 554 664 marker
100 422 630 476 686 id_point
101 517 623 554 664 marker
101 422 629 475 684 id_point
102 517 624 554 664 marker
102 423 632 475 687 id_point
103 517 623 554 664 marker
103 423 627 476 683 id_point
104 518 623 554 664 marker
104 426 633 480 689 id_point
105 517 623 554 664 marker
105 442 639 496 696 id_point
106 441 638 495 694 id_point
107 435 639 490 694 id_point
108 429 645 485 698 id_point
110 121 829 161 870 marker
110 52 794 104 848 id_point
111 122 829 161 868 marker
111 45 859 105 911 id_point
112 123 829 162 870 marker
112 48 855 107 909 id_point
113 123 830 162 870 marker
113 46 858 107 910 id_point
114 122 829 162 871 marker
114 47 855 107 910 id_point
115 123 830 162 871 marker
115 51 854 106 909 id_point
116 122 830 162 871 marker
116 49 854 105 909 id_point
117 122 829 162 871 marker
117 52 854 106 909 id_point
118 127 830 166 870 marker
118 55 856 109 911 id_point
119 127 830 167 869 marker
119 58 856 111 911 id_point
120 64 856 116 909 id_point
121 61 856 117 912 id_point
122 191 862 248 917 id_point
123 326 825 366 866 marker
123 192 860 249 912 id_point
124 326 827 366 868 marker
124 242 853 300 908 id_point
125 326 827 366 867 marker
125 243 853 297 907 id_point
126 327 827 367 868 marker
126 241 852 298 906 id_point
127 327 827 367 868 marker
127 244 853 299 907 id_point
128 327 828 368 868 marker
128 244 856 298 909 id_point
129 327 827 367 867 marker
129 243 854 297 908 id_point
130 326 828 367 869 marker
130 241 853 297 908 id_point
131 325 828 368 868 marker
131 241 853 296 907 id_point
132 326 828 367 868 marker
132 241 853 296 907 id_point
133 241 853 295 908 id_point
134 242 851 296 906 id_point
135 265 828 319 884 id_point
136 264 829 323 883 id_point
137 519 814 556 852 marker
137 389 819 445 875 id_point
138 519 815 554 853 marker
138 431 816 485 870 id_point
139 519 815 555 852 marker
139 437 819 492 871 id_point
140 520 815 555 852 marker
140 436 819 491 871 id_point
141 520 815 556 853 marker
141 436 817 491 872 id_point
142 519 815 555 853 marker
142 435 820 490 875 id_point
143 519 816 554 853 marker
143 436 819 491 873 id_point
144 519 816 555 853 marker
144 435 819 490 874 id_point
145 519 816 554 853 marker
145 434 819 488 873 id_point
146 431 817 486 875 id_point
147 431 819 487 875 id_point
149 245 591 299 646 id_point
150 250 589 306 644 id_point
151 251 587 308 640 id_point
152 281 672 333 726 id_point
