0 173 598 230 653 id_point
1 177 594 233 648 id_point
2 182 599 236 650 id_point
3 182 597 234 652 id_point
4 179 599 233 653 id_point
5 184 598 238 651 id_point
6 185 594 239 648 id_point
7 191 596 245 648 id_point
8 193 592 247 647 id_point
9 195 593 250 647 id_point
10 194 594 249 647 id_point
11 196 598 252 652 id_point
12 195 597 251 652 id_point
13 195 597 249 650 id_point
14 195 597 249 650 id_point
15 197 598 252 651 id_point
16 198 594 253 649 id_point
17 200 596 254 649 id_point
18 199 598 254 650 id_point
19 198 597 253 651 id_point
20 197 598 252 653 id_point
21 194 600 249 655 id_point
22 194 597 248 655 id_point
23 192 600 249 654 id_point
24 193 600 249 656 id_point
25 92 414 131 454 marker
25 194 599 248 656 id_point
26 97 415 132 452 marker
26 61 398 115 453 id_point
27 96 414 133 451 marker
27 41 389 95 445 id_point
28 95 414 133 453 marker
28 36 387 90 436 id_point
29 94 415 132 454 marker
29 34 386 88 436 id_point
30 95 415 133 454 marker
30 34 387 89 437 id_point
31 94 415 132 454 marker
31 35 389 89 442 id_point
32 95 415 133 454 marker
32 35 390 89 443 id_point
33 94 415 132 454 marker
33 35 390 88 442 id_point
34 94 415 132 454 marker
34 35 390 89 441 id_point
35 94 416 132 455 marker
35 34 390 89 443 id_point
36 35 393 87 446 id_point
37 35 396 90 447 id_point
38 84 387 138 442 id_point
39 158 414 197 453 marker
39 89 389 143 443 id_point
40 156 414 197 453 marker
40 89 392 143 446 id_point
41 158 415 197 453 marker
41 91 391 145 444 id_point
42 157 415 197 454 marker
42 91 390 145 444 id_point
43 157 415 197 453 marker
43 91 390 144 444 id_point
44 157 415 197 454 marker
44 91 390 145 444 id_point
45 157 416 197 453 marker
45 92 389 146 444 id_point
46 92 392 146 446 id_point
46 157 415 198 454 marker
47 157 416 197 453 marker
47 92 395 147 448 id_point
48 157 415 197 454 marker
48 93 396 148 451 id_point
49 93 396 146 452 id_point
50 93 396 147 452 id_point
51 107 387 160 441 id_point
52 112 386 164 440 id_point
53 159 394 213 447 id_point
53 223 414 264 453 marker
54 157 393 211 447 id_point
54 222 414 264 453 marker
55 155 393 208 447 id_point
55 223 413 264 452 marker
56 151 391 205 444 id_point
56 222 414 263 453 marker
57 150 391 203 445 id_point
57 222 413 263 453 marker
58 153 388 207 443 id_point
58 223 414 264 453 marker
59 153 389 207 444 id_point
59 223 414 264 453 marker
60 153 391 207 445 id_point
60 222 413 263 453 marker
61 152 391 206 446 id_point
61 222 414 264 454 marker
62 153 391 206 446 id_point
62 223 413 263 453 marker
63 153 393 206 447 id_point
64 153 394 208 448 id_point
65 155 395 206 448 id_point
66 200 382 253 435 id_point
67 291 412 331 452 marker
67 205 380 259 435 id_point
68 212 388 266 442 id_point
68 290 413 331 453 marker
69 291 413 332 454 marker
69 213 387 267 442 id_point
70 214 386 268 441 id_point
70 291 412 332 452 marker
71 213 386 267 442 id_point
71 289 413 331 453 marker
72 213 384 266 437 id_point
72 289 412 331 452 marker
73 215 382 270 437 id_point
73 290 413 331 453 marker
74 215 382 268 435 id_point
74 290 413 331 453 marker
75 215 382 269 435 id_point
75 289 412 331 452 marker
76 215 381 267 436 id_point
77 216 382 269 436 id_point
78 216 382 270 436 id_point
79 218 384 271 436 id_point
80 277 378 332 433 id_point
80 357 415 398 454 marker
81 278 380 333 435 id_point
81 357 417 397 455 marker
82 277 381 332 436 id_point
82 357 415 398 454 marker
83 277 380 332 435 id_point
83 356 415 398 454 marker
84 277 381 332 434 id_point
84 357 415 398 454 marker
85 276 383 331 437 id_point
85 357 416 397 454 marker
86 276 382 332 437 id_point
86 356 416 397 454 marker
87 278 384 333 437 id_point
87 356 416 397 455 marker
88 278 383 333 437 id_point
88 357 416 398 455 marker
89 278 382 332 437 id_point
89 356 415 396 455 marker
90 276 381 330 437 id_point
91 277 380 331 435 id_point
92 282 379 335 432 id_point
93 284 377 338 434 id_point
94 345 390 399 444 id_point
94 422 420 460 459 marker
95 343 386 398 442 id_point
95 422 419 460 459 marker
96 338 384 394 440 id_point
96 422 420 460 460 marker
97 337 384 392 438 id_point
97 422 420 460 459 marker
98 338 383 393 437 id_point
98 422 419 461 459 marker
99 337 384 392 438 id_point
99 422 420 460 459 marker
100 336 383 393 438 id_point
100 422 420 460 460 marker
101 336 383 393 437 id_point
101 423 420 461 460 marker
102 337 382 392 435 id_point
102 421 421 460 460 marker
103 337 383 393 437 id_point
103 421 421 459 461 marker
104 337 383 392 436 id_point
104 421 421 459 460 marker
105 336 386 390 439 id_point
106 317 402 371 457 id_point
107 317 402 370 457 id_point
108 111 428 158 473 id_point
109 484 424 521 464 marker
109 27 458 83 509 id_point
110 485 423 520 463 marker
111 396 394 449 449 id_point
111 483 425 520 463 marker
112 483 425 520 463 marker
112 395 394 449 448 id_point
113 484 424 521 463 marker
113 396 394 450 448 id_point
114 484 425 520 464 marker
114 394 394 449 448 id_point
115 485 424 521 463 marker
115 398 394 452 448 id_point
116 484 424 520 463 marker
116 398 392 452 446 id_point
117 485 425 520 463 marker
117 398 393 452 446 id_point
118 400 392 452 446 id_point
119 396 393 451 447 id_point
120 47 477 98 530 id_point
121 20 454 76 508 id_point
122 87 482 126 522 marker
122 23 453 77 507 id_point
123 88 482 127 521 marker
123 26 455 80 505 id_point
124 89 483 126 522 marker
124 26 456 82 507 id_point
125 88 482 127 522 marker
125 31 457 84 511 id_point
126 87 481 127 521 marker
126 31 457 84 512 id_point
127 88 482 127 521 marker
127 31 459 85 513 id_point
128 88 482 125 521 marker
128 30 459 83 512 id_point
129 88 481 127 521 marker
129 30 460 83 514 id_point
130 89 482 126 522 marker
130 30 460 83 516 id_point
131 89 483 126 522 marker
131 32 460 86 515 id_point
132 32 463 87 518 id_point
133 34 464 86 519 id_point
135 24 462 76 516 id_point
136 85 469 142 524 id_point
136 151 480 193 522 marker
137 152 481 193 522 marker
137 93 463 147 516 id_point
138 90 461 147 516 id_point
138 152 481 193 521 marker
139 91 462 146 516 id_point
139 152 481 193 522 marker
140 92 460 146 515 id_point
140 151 481 193 521 marker
141 92 460 145 515 id_point
141 152 481 193 521 marker
142 93 462 147 516 id_point
142 152 482 193 522 marker
143 92 464 147 517 id_point
143 152 481 193 522 marker
144 92 461 146 516 id_point
144 152 481 194 522 marker
145 92 462 147 516 id_point
145 152 481 193 522 marker
146 91 462 146 517 id_point
146 152 482 193 522 marker
147 92 466 148 520 id_point
148 92 466 146 519 id_point
149 93 467 148 521 id_point
150 133 457 187 512 id_point
151 219 480 261 522 marker
151 150 459 204 513 id_point
152 220 482 262 523 marker
152 151 460 205 515 id_point
153 220 480 262 522 marker
153 148 458 204 513 id_point
154 220 481 262 523 marker
154 149 457 203 511 id_point
155 220 481 262 523 marker
155 150 457 204 511 id_point
156 220 481 261 522 marker
156 149 457 204 511 id_point
157 220 482 261 522 marker
157 149 457 203 511 id_point
158 147 456 204 512 id_point
158 219 481 261 523 marker
159 220 481 262 523 marker
159 148 458 203 511 id_point
160 150 458 204 514 id_point
161 150 459 203 514 id_point
162 150 457 207 511 id_point
163 152 457 204 514 id_point
164 288 481 329 523 marker
164 201 467 255 520 id_point
165 209 459 265 515 id_point
165 288 481 330 522 marker
166 214 455 269 509 id_point
166 287 481 329 522 marker
167 212 455 266 510 id_point
167 288 482 329 523 marker
168 213 455 267 509 id_point
168 289 482 329 524 marker
169 212 454 265 509 id_point
169 288 482 329 522 marker
170 211 454 264 507 id_point
170 287 482 329 524 marker
171 210 455 264 508 id_point
171 288 481 329 523 marker
172 212 454 266 508 id_point
172 287 481 328 523 marker
173 211 459 265 510 id_point
173 288 482 329 524 marker
174 212 457 268 510 id_point
175 212 458 268 511 id_point
176 214 459 269 513 id_point
177 224 461 281 517 id_point
178 356 484 396 525 marker
178 264 458 319 513 id_point
179 275 455 331 511 id_point
179 354 484 396 526 marker
180 279 456 333 512 id_point
180 354 485 396 526 marker
181 278 458 332 510 id_point
181 355 484 396 526 marker
182 277 459 332 511 id_point
182 355 484 397 525 marker
183 277 458 332 513 id_point
183 354 484 396 525 marker
184 277 457 332 513 id_point
184 355 484 397 525 marker
185 278 457 332 512 id_point
185 355 483 397 525 marker
186 279 457 332 511 id_point
186 355 484 397 525 marker
187 277 457 331 512 id_point
188 277 458 332 512 id_point
189 278 457 332 513 id_point
190 281 459 334 511 id_point
191 422 486 461 526 marker
191 332 459 385 514 id_point
192 340 460 394 514 id_point
192 422 487 461 528 marker
193 421 487 461 527 marker
193 343 459 398 514 id_point
194 343 457 397 512 id_point
194 422 487 461 528 marker
195 343 455 397 510 id_point
195 422 487 461 527 marker
196 422 487 461 526 marker
196 347 455 400 510 id_point
197 349 457 403 513 id_point
197 422 487 460 527 marker
198 348 460 403 516 id_point
198 422 487 461 527 marker
199 349 458 403 515 id_point
199 422 487 461 527 marker
200 349 458 404 514 id_point
200 421 486 461 527 marker
201 348 457 402 513 id_point
201 422 487 461 528 marker
202 347 456 402 514 id_point
203 349 461 402 517 id_point
204 352 461 405 518 id_point
205 366 457 420 515 id_point
206 486 489 523 528 marker
206 399 471 451 525 id_point
207 486 489 523 528 marker
207 410 466 464 521 id_point
208 485 489 522 529 marker
208 412 464 467 518 id_point
209 413 461 466 517 id_point
209 486 490 523 529 marker
210 485 489 523 528 marker
210 409 458 462 514 id_point
211 413 460 466 516 id_point
211 486 490 523 529 marker
212 411 460 465 516 id_point
212 486 490 523 529 marker
213 411 461 465 516 id_point
213 486 489 522 528 marker
214 411 460 465 517 id_point
214 486 490 523 529 marker
215 411 460 464 516 id_point
215 486 489 523 529 marker
216 485 489 523 528 marker
216 411 458 465 515 id_point
217 409 460 463 516 id_point
218 406 460 461 518 id_point
220 29 542 83 598 id_point
221 85 551 122 592 marker
221 14 532 68 587 id_point
222 83 552 122 593 marker
222 18 531 71 585 id_point
223 83 550 123 591 marker
223 18 530 73 586 id_point
224 83 553 123 593 marker
224 19 532 72 586 id_point
225 83 551 122 592 marker
225 20 534 74 587 id_point
226 84 552 122 593 marker
226 21 535 73 590 id_point
227 84 551 122 592 marker
227 19 536 74 591 id_point
228 83 552 122 593 marker
228 22 537 74 591 id_point
229 22 538 77 591 id_point
230 23 538 76 592 id_point
231 24 537 76 591 id_point
232 75 540 131 596 id_point
233 148 551 190 593 marker
233 79 540 133 593 id_point
234 147 550 190 592 marker
234 82 537 134 591 id_point
235 148 551 190 592 marker
235 78 538 133 591 id_point
236 79 536 134 589 id_point
236 147 550 191 593 marker
237 78 536 134 589 id_point
237 148 550 191 593 marker
238 80 535 135 588 id_point
238 147 551 192 594 marker
239 80 534 134 587 id_point
239 147 549 190 592 marker
240 147 549 190 592 marker
240 79 536 134 588 id_point
241 148 550 190 591 marker
241 82 537 135 589 id_point
242 82 535 135 588 id_point
242 149 550 192 592 marker
243 82 536 137 590 id_point
244 82 537 137 592 id_point
245 86 537 139 594 id_point
246 161 542 218 595 id_point
247 218 549 260 591 marker
247 162 540 216 595 id_point
248 218 549 260 592 marker
248 159 535 212 590 id_point
249 218 550 260 593 marker
249 153 534 205 587 id_point
250 218 551 258 593 marker
250 148 534 201 587 id_point
251 217 550 259 593 marker
251 146 535 199 586 id_point
252 216 550 258 592 marker
252 145 535 198 587 id_point
253 217 550 259 593 marker
253 145 533 199 586 id_point
254 217 551 258 593 marker
254 147 534 200 587 id_point
255 217 550 258 593 marker
255 146 534 200 587 id_point
256 217 552 259 594 marker
256 146 534 200 588 id_point
257 145 533 199 588 id_point
258 146 533 200 587 id_point
259 147 534 201 588 id_point
260 148 534 202 588 id_point
261 213 536 268 589 id_point
261 286 552 328 593 marker
262 214 535 268 587 id_point
262 286 551 328 592 marker
263 214 537 269 592 id_point
263 286 550 329 592 marker
264 213 535 268 588 id_point
264 287 552 329 593 marker
265 211 531 265 585 id_point
265 287 550 329 592 marker
266 212 533 266 587 id_point
266 286 552 329 594 marker
267 212 535 266 588 id_point
267 286 551 329 593 marker
268 213 535 266 587 id_point
268 286 552 328 593 marker
269 212 535 266 587 id_point
269 286 551 328 593 marker
270 212 532 267 586 id_point
270 286 552 328 594 marker
271 211 536 265 588 id_point
272 213 535 266 587 id_point
273 213 534 267 589 id_point
274 213 534 268 587 id_point
275 220 534 277 587 id_point
276 355 551 398 595 marker
276 267 534 320 590 id_point
277 355 553 397 594 marker
277 284 537 338 592 id_point
278 355 553 397 595 marker
278 283 535 337 590 id_point
279 356 553 398 595 marker
279 283 535 336 590 id_point
280 354 552 397 594 marker
280 281 537 335 589 id_point
281 353 552 397 594 marker
281 281 536 335 589 id_point
282 354 552 397 594 marker
282 282 536 335 587 id_point
283 356 553 398 596 marker
283 282 536 335 588 id_point
284 356 552 398 593 marker
284 282 534 335 589 id_point
285 281 536 337 591 id_point
286 282 534 335 591 id_point
287 282 535 336 591 id_point
288 290 539 345 596 id_point
289 422 553 463 594 marker
289 349 538 403 593 id_point
290 422 554 463 594 marker
290 352 538 405 593 id_point
291 351 539 405 594 id_point
291 423 553 464 595 marker
292 349 535 403 589 id_point
292 423 554 464 595 marker
293 424 554 464 595 marker
293 344 534 396 588 id_point
294 423 554 463 594 marker
294 344 533 397 588 id_point
295 424 553 463 594 marker
295 345 535 398 589 id_point
296 428 612 483 667 id_point
296 423 553 463 594 marker
297 424 553 463 594 marker
298 424 554 464 595 marker
299 425 619 482 677 id_point
300 427 623 483 680 id_point
303 467 600 522 660 id_point
303 488 555 526 595 marker
304 488 556 526 597 marker
305 488 557 525 596 marker
306 488 557 526 598 marker
307 489 555 525 595 marker
307 482 624 536 679 id_point
308 488 556 526 597 marker
309 488 557 525 595 marker
310 488 556 526 596 marker
311 463 604 517 660 id_point
311 488 556 525 596 marker
312 488 556 524 595 marker
314 458 601 513 658 id_point
317 21 528 77 578 id_point
318 81 623 122 665 marker
318 14 575 68 627 id_point
319 81 622 120 664 marker
319 3 619 62 679 id_point
320 81 623 121 665 marker
321 80 622 121 665 marker
321 6 642 53 683 id_point
322 81 622 121 664 marker
322 7 632 61 688 id_point
323 82 623 120 665 marker
323 11 632 63 687 id_point
324 82 622 119 665 marker
324 11 632 62 687 id_point
325 82 623 120 665 marker
325 11 635 63 691 id_point
326 81 622 119 664 marker
326 11 633 64 690 id_point
327 82 622 120 664 marker
327 12 638 65 694 id_point
328 12 639 65 694 id_point
329 29 634 83 688 id_point
330 29 634 84 685 id_point
331 30 634 85 688 id_point
332 147 620 190 664 marker
332 45 672 98 726 id_point
333 72 652 128 708 id_point
333 147 622 190 664 marker
334 146 621 190 663 marker
334 76 649 131 704 id_point
335 146 621 190 663 marker
335 75 648 129 703 id_point
336 147 622 189 664 marker
336 47 613 101 665 id_point
337 147 622 189 664 marker
337 45 610 100 664 id_point
338 147 622 189 664 marker
338 45 609 102 663 id_point
339 47 612 102 665 id_point
339 146 623 190 665 marker
340 146 622 189 664 marker
340 47 611 102 664 id_point
341 44 612 100 667 id_point
341 146 623 189 665 marker
342 147 622 189 664 marker
342 48 611 102 664 id_point
343 48 612 102 665 id_point
344 51 614 105 667 id_point
345 52 613 108 667 id_point
346 108 620 164 677 id_point
347 216 622 257 663 marker
348 217 622 259 665 marker
349 217 623 258 663 marker
349 128 617 185 672 id_point
350 216 621 258 663 marker
350 133 615 187 669 id_point
351 215 624 258 664 marker
351 135 615 190 665 id_point
352 216 622 259 664 marker
352 135 614 189 666 id_point
353 217 622 258 665 marker
353 129 612 183 666 id_point
354 218 622 259 664 marker
354 123 616 179 671 id_point
355 216 622 258 664 marker
355 130 615 185 669 id_point
356 217 621 257 664 marker
356 125 613 179 667 id_point
357 217 621 257 664 marker
357 128 609 182 663 id_point
358 121 609 175 664 id_point
360 127 622 184 677 id_point
361 137 621 192 677 id_point
362 286 621 328 664 marker
362 138 623 193 677 id_point
363 287 621 328 665 marker
363 188 619 245 675 id_point
364 287 621 328 665 marker
364 192 616 246 672 id_point
365 287 621 328 665 marker
365 193 616 244 670 id_point
366 287 621 328 665 marker
366 192 614 246 670 id_point
367 287 622 328 666 marker
367 191 615 246 669 id_point
368 287 621 328 665 marker
368 193 615 248 669 id_point
369 287 621 328 665 marker
369 196 614 251 670 id_point
370 287 621 328 665 marker
370 196 613 251 667 id_point
371 287 620 327 665 marker
371 195 613 249 668 id_point
372 194 614 249 668 id_point
373 197 612 252 668 id_point
374 197 613 253 668 id_point
375 266 622 324 676 id_point
376 355 622 397 664 marker
376 240 627 297 682 id_point
377 355 622 398 665 marker
377 240 629 298 682 id_point
378 355 622 398 665 marker
378 265 603 320 659 id_point
379 239 634 294 687 id_point
379 354 622 396 664 marker
380 355 623 397 665 marker
381 355 622 397 666 marker
381 262 605 319 659 id_point
382 354 622 397 665 marker
382 241 627 297 683 id_point
383 617 319 669 378 id_point
383 356 623 398 666 marker
384 355 622 398 665 marker
385 616 319 670 376 id_point
385 355 623 397 666 marker
387 615 324 670 379 id_point
388 618 322 669 379 id_point
389 618 327 664 371 id_point
391 423 623 463 665 marker
391 306 568 364 623 id_point
392 423 624 463 666 marker
392 312 574 356 619 id_point
393 424 624 463 666 marker
393 297 600 352 655 id_point
394 422 624 463 665 marker
395 423 624 463 665 marker
395 297 598 354 653 id_point
396 423 623 463 665 marker
396 291 595 346 650 id_point
397 424 624 463 665 marker
397 294 593 349 648 id_point
398 424 624 463 665 marker
398 293 592 349 647 id_point
399 422 624 463 665 marker
399 293 594 348 647 id_point
400 422 624 463 666 marker
400 292 594 348 648 id_point
401 293 592 349 646 id_point
402 292 592 348 648 id_point
403 299 592 353 648 id_point
404 309 595 372 647 id_point
405 488 625 526 665 marker
405 321 593 374 648 id_point
406 488 625 525 664 marker
406 356 593 412 647 id_point
407 488 625 525 665 marker
407 349 583 403 638 id_point
408 488 624 525 665 marker
408 350 591 406 644 id_point
409 488 625 525 665 marker
409 352 587 407 642 id_point
410 488 625 526 665 marker
410 350 589 407 642 id_point
411 488 626 526 665 marker
411 276 477 330 533 id_point
412 488 626 526 666 marker
412 265 479 321 536 id_point
413 488 625 526 665 marker
414 488 626 526 666 marker
416 372 589 428 643 id_point
418 80 697 121 737 marker
418 12 660 63 704 id_point
419 80 696 121 737 marker
419 1 655 34 715 id_point
420 80 697 121 737 marker
420 9 659 61 714 id_point
421 81 697 120 737 marker
421 8 660 62 713 id_point
422 81 695 122 736 marker
422 7 660 61 716 id_point
423 81 697 122 737 marker
423 8 661 61 715 id_point
424 9 662 63 715 id_point
424 81 697 121 736 marker
425 80 696 121 736 marker
425 10 662 62 716 id_point
426 80 696 121 737 marker
426 10 661 62 717 id_point
427 80 696 121 737 marker
427 10 661 63 717 id_point
428 10 665 65 718 id_point
429 13 664 67 718 id_point
430 13 663 67 718 id_point
431 13 665 70 717 id_point
432 28 668 84 721 id_point
433 65 661 120 717 id_point
433 148 696 189 738 marker
434 71 661 126 718 id_point
434 147 697 189 738 marker
435 73 662 126 718 id_point
435 147 696 188 738 marker
436 73 661 126 717 id_point
436 147 697 190 738 marker
437 73 662 127 718 id_point
437 148 696 190 739 marker
438 73 661 126 717 id_point
438 147 696 189 738 marker
439 72 663 125 718 id_point
439 147 696 189 739 marker
440 71 663 127 718 id_point
440 147 696 189 737 marker
441 72 665 126 720 id_point
441 147 697 189 738 marker
442 72 661 125 718 id_point
442 147 697 190 738 marker
443 147 696 190 738 marker
443 72 661 125 718 id_point
444 70 661 123 718 id_point
445 72 660 125 716 id_point
446 71 658 127 713 id_point
447 74 659 130 712 id_point
448 216 696 259 738 marker
448 120 658 175 713 id_point
449 134 663 188 719 id_point
449 215 697 258 739 marker
450 131 664 189 719 id_point
450 215 698 258 741 marker
451 215 698 258 740 marker
451 130 662 185 718 id_point
452 215 700 258 743 marker
452 127 664 184 718 id_point
453 215 700 258 742 marker
453 126 665 183 717 id_point
454 216 696 258 738 marker
454 132 658 184 711 id_point
455 133 651 188 706 id_point
455 218 689 261 732 marker
456 131 649 187 703 id_point
456 219 688 261 732 marker
457 222 689 264 732 marker
457 135 650 190 703 id_point
458 140 650 194 702 id_point
459 140 651 195 704 id_point
461 158 575 215 630 id_point
462 292 688 336 731 marker
462 164 586 221 640 id_point
463 293 689 336 731 marker
464 293 689 334 732 marker
464 203 682 258 736 id_point
465 292 691 334 733 marker
466 292 691 334 733 marker
466 203 681 257 736 id_point
467 293 691 334 733 marker
467 204 682 258 737 id_point
468 292 691 333 734 marker
468 202 683 259 738 id_point
469 291 691 333 732 marker
469 203 683 257 737 id_point
470 292 691 333 733 marker
470 203 682 257 737 id_point
471 291 691 333 733 marker
471 174 700 229 753 id_point
472 172 700 230 753 id_point
474 174 699 231 752 id_point
475 177 698 234 751 id_point
476 359 692 400 732 marker
476 203 695 258 749 id_point
477 360 692 400 734 marker
477 246 696 302 749 id_point
478 360 692 400 734 marker
478 249 695 303 748 id_point
479 360 692 400 733 marker
479 246 699 303 750 id_point
480 360 692 400 734 marker
480 247 695 301 749 id_point
481 359 691 399 733 marker
481 247 695 303 748 id_point
482 360 693 401 734 marker
482 246 697 303 749 id_point
483 360 693 401 734 marker
483 247 695 302 749 id_point
484 360 692 401 734 marker
484 246 696 303 749 id_point
485 360 692 401 734 marker
485 247 695 302 749 id_point
486 360 693 401 734 marker
486 249 696 302 748 id_point
487 247 694 301 749 id_point
488 247 696 305 748 id_point
489 253 694 310 747 id_point
490 304 699 359 753 id_point
491 427 692 467 733 marker
491 348 706 403 760 id_point
492 427 692 467 732 marker
492 333 701 387 756 id_point
493 427 691 467 732 marker
493 332 704 387 758 id_point
494 427 691 467 732 marker
494 331 701 385 756 id_point
495 428 692 467 732 marker
495 335 701 390 757 id_point
496 428 692 467 732 marker
496 334 700 389 755 id_point
497 428 692 467 733 marker
497 336 702 391 755 id_point
498 428 692 467 733 marker
498 336 701 391 757 id_point
499 428 691 467 732 marker
499 334 704 394 759 id_point
500 339 702 394 758 id_point
501 341 702 395 758 id_point
502 343 701 396 757 id_point
503 368 703 424 758 id_point
504 492 689 531 731 marker
505 492 690 530 731 marker
505 573 844 624 895 id_point
506 492 691 529 730 marker
506 590 858 633 915 id_point
507 491 688 530 730 marker
507 444 749 500 804 id_point
508 492 691 530 730 marker
508 556 830 594 877 id_point
509 492 690 530 731 marker
510 492 690 530 730 marker
511 492 690 531 731 marker
512 471 718 525 776 id_point
512 492 689 530 731 marker
513 491 689 530 732 marker
516 16 756 72 811 id_point
517 19 778 74 831 id_point
518 89 764 128 803 marker
518 23 776 74 831 id_point
519 89 763 128 804 marker
519 21 749 73 801 id_point
520 89 763 129 803 marker
520 21 745 75 797 id_point
521 89 763 128 804 marker
521 23 745 74 798 id_point
522 89 764 129 804 marker
522 22 747 73 797 id_point
523 89 764 128 805 marker
523 19 747 76 799 id_point
524 89 763 128 803 marker
524 22 747 75 801 id_point
525 89 763 128 804 marker
525 22 748 77 800 id_point
526 89 764 128 803 marker
526 23 748 75 797 id_point
527 89 763 128 804 marker
527 23 746 74 800 id_point
528 91 765 129 805 marker
528 20 748 76 800 id_point
529 91 764 129 804 marker
529 21 749 72 799 id_point
530 18 750 75 805 id_point
531 23 752 78 807 id_point
532 39 753 95 807 id_point
533 41 753 96 806 id_point
534 76 753 133 808 id_point
534 155 765 196 807 marker
535 79 752 134 805 id_point
535 155 766 196 808 marker
536 79 744 136 797 id_point
536 155 765 196 807 marker
537 82 742 138 796 id_point
537 155 767 196 808 marker
538 81 740 139 797 id_point
538 155 767 196 808 marker
539 82 741 137 796 id_point
539 154 765 196 806 marker
540 83 744 138 797 id_point
540 154 765 197 806 marker
541 81 743 138 797 id_point
541 155 765 196 808 marker
542 155 765 197 806 marker
542 82 744 136 797 id_point
543 80 743 139 799 id_point
543 155 765 196 807 marker
544 82 746 137 799 id_point
544 155 766 197 806 marker
545 155 765 197 807 marker
545 83 744 137 797 id_point
546 83 744 139 798 id_point
547 83 744 140 798 id_point
548 89 743 145 798 id_point
549 91 742 147 797 id_point
550 154 739 211 794 id_point
550 224 765 266 807 marker
551 224 766 266 808 marker
551 149 739 206 794 id_point
552 222 767 266 808 marker
552 142 739 197 795 id_point
553 224 766 265 808 marker
553 139 740 196 793 id_point
554 224 766 266 808 marker
554 142 740 196 795 id_point
555 137 738 194 793 id_point
555 224 766 266 808 marker
556 225 767 266 807 marker
556 137 738 194 792 id_point
557 139 737 197 793 id_point
557 224 767 268 808 marker
558 225 766 267 807 marker
558 139 737 196 792 id_point
559 224 766 266 808 marker
559 140 737 195 792 id_point
560 225 767 266 807 marker
560 137 737 194 792 id_point
561 138 738 195 792 id_point
562 142 742 196 796 id_point
563 140 742 197 797 id_point
564 193 735 250 787 id_point
565 234 732 292 786 id_point
565 294 766 334 807 marker
566 291 766 334 808 marker
566 209 739 266 792 id_point
567 294 765 334 806 marker
567 203 738 258 794 id_point
568 294 765 334 808 marker
568 203 737 258 794 id_point
569 293 766 334 807 marker
569 203 735 258 792 id_point
570 294 765 334 806 marker
570 201 737 257 793 id_point
571 293 765 334 807 marker
571 202 736 256 793 id_point
572 294 766 335 807 marker
572 201 735 255 791 id_point
573 293 764 334 806 marker
573 146 738 201 792 id_point
574 293 766 334 808 marker
574 146 731 206 789 id_point
575 294 765 334 807 marker
575 145 737 198 790 id_point
576 146 738 201 792 id_point
578 151 738 208 792 id_point
579 186 762 243 821 id_point
580 361 765 402 805 marker
580 192 759 247 814 id_point
581 362 765 402 805 marker
582 361 765 401 805 marker
582 254 786 301 833 id_point
583 362 765 402 807 marker
583 249 787 308 841 id_point
584 362 764 402 806 marker
585 361 765 402 806 marker
585 248 784 306 838 id_point
586 362 765 402 806 marker
586 257 786 314 839 id_point
587 362 765 401 806 marker
587 260 783 315 839 id_point
588 362 765 402 807 marker
588 259 786 315 838 id_point
589 362 764 402 806 marker
589 261 785 316 841 id_point
590 253 785 310 838 id_point
591 257 784 313 840 id_point
592 267 781 323 838 id_point
593 272 777 328 832 id_point
594 301 788 356 844 id_point
595 428 763 467 802 marker
595 330 787 388 840 id_point
596 415 712 468 773 id_point
596 427 763 468 805 marker
597 415 712 468 772 id_point
597 427 763 468 805 marker
598 427 760 468 803 marker
598 427 719 470 761 id_point
599 426 759 467 804 marker
599 415 709 467 762 id_point
600 414 709 467 764 id_point
600 426 760 467 805 marker
601 425 762 466 804 marker
601 412 707 465 763 id_point
602 428 761 467 803 marker
602 412 708 466 767 id_point
603 418 709 470 764 id_point
603 428 760 468 804 marker
604 421 704 474 759 id_point
604 430 761 470 803 marker
605 416 704 473 761 id_point
606 428 716 483 770 id_point
607 493 714 546 770 id_point
608 494 759 531 798 marker
609 494 758 530 799 marker
609 569 701 623 758 id_point
610 573 717 629 770 id_point
610 493 759 530 800 marker
611 492 756 530 801 marker
612 495 746 542 798 marker
613 482 744 538 802 id_point
614 483 733 533 791 id_point
614 492 754 532 797 marker
615 477 736 531 793 id_point
616 481 727 534 791 id_point
616 492 754 533 800 marker
617 474 734 530 794 id_point
617 492 755 531 797 marker
618 495 758 533 800 marker
621 1 827 54 881 id_point
622 23 899 79 955 id_point
623 21 900 77 954 id_point
624 23 897 76 953 id_point
624 93 832 131 871 marker
625 93 833 131 872 marker
625 0 831 32 884 id_point
626 93 833 131 872 marker
627 94 833 132 873 marker
628 94 833 132 873 marker
628 0 835 35 891 id_point
629 94 834 133 871 marker
629 0 819 52 875 id_point
630 95 834 134 873 marker
630 1 817 55 874 id_point
631 95 832 133 873 marker
632 10 778 65 829 id_point
632 93 833 132 871 marker
633 94 832 132 873 marker
634 95 832 133 873 marker
634 18 781 58 826 id_point
635 14 782 56 825 id_point
639 158 834 201 875 marker
639 0 824 25 874 id_point
640 0 831 50 886 id_point
640 158 834 201 874 marker
641 0 832 49 885 id_point
641 160 835 201 874 marker
642 0 838 47 889 id_point
642 159 834 201 874 marker
643 0 834 44 888 id_point
643 158 833 200 875 marker
644 0 835 44 888 id_point
644 159 834 201 875 marker
645 0 833 46 886 id_point
645 159 834 201 875 marker
646 0 835 46 886 id_point
646 159 834 201 875 marker
647 0 833 49 886 id_point
647 159 834 201 875 marker
648 0 832 51 887 id_point
648 159 834 202 874 marker
649 0 837 49 889 id_point
650 1 832 56 886 id_point
651 2 832 58 886 id_point
652 71 855 127 909 id_point
653 75 859 133 917 id_point
653 226 833 268 873 marker
654 74 866 129 921 id_point
654 226 833 269 872 marker
655 69 868 125 923 id_point
655 226 832 269 872 marker
656 88 896 143 951 id_point
656 225 834 268 874 marker
657 85 896 144 960 id_point
657 226 835 268 876 marker
658 227 835 268 874 marker
658 90 898 149 953 id_point
659 92 896 147 953 id_point
659 227 833 269 874 marker
660 229 834 269 873 marker
660 86 896 148 951 id_point
661 228 834 268 872 marker
661 91 902 137 948 id_point
662 90 911 137 959 id_point
663 81 910 140 966 id_point
665 295 832 338 871 marker
666 295 832 337 872 marker
667 193 948 248 1006 id_point
667 295 832 337 872 marker
668 295 833 336 872 marker
668 195 975 241 1019 id_point
669 295 832 336 872 marker
669 180 984 227 1031 id_point
670 295 833 337 872 marker
670 259 913 303 957 id_point
671 295 832 337 872 marker
671 191 936 237 978 id_point
672 295 832 336 872 marker
672 257 907 298 951 id_point
673 295 833 336 872 marker
674 295 833 337 872 marker
677 205 919 263 970 id_point
678 267 927 323 982 id_point
679 363 830 401 869 marker
679 268 918 324 972 id_point
680 362 831 402 870 marker
680 314 923 369 981 id_point
681 350 893 405 949 id_point
681 364 832 402 870 marker
682 640 239 693 294 id_point
682 363 831 402 869 marker
683 363 832 403 870 marker
683 302 774 346 817 id_point
684 204 752 260 806 id_point
684 363 830 403 871 marker
685 363 831 402 870 marker
685 205 752 261 805 id_point
686 363 831 402 870 marker
687 206 755 261 809 id_point
687 362 831 403 871 marker
688 364 831 402 870 marker
689 364 831 403 871 marker
689 208 756 261 809 id_point
690 205 754 261 809 id_point
694 430 826 469 864 marker
695 430 827 468 866 marker
696 394 769 450 825 id_point
696 427 826 469 866 marker
697 430 827 469 866 marker
698 430 827 469 866 marker
698 353 771 407 827 id_point
699 429 827 469 866 marker
700 429 827 469 866 marker
701 429 828 469 866 marker
701 402 779 448 822 id_point
702 429 828 469 868 marker
702 354 778 408 834 id_point
703 430 827 468 867 marker
703 349 775 405 829 id_point
704 348 773 402 827 id_point
705 347 773 400 827 id_point
707 400 800 455 851 id_point
708 427 788 481 845 id_point
708 492 822 528 863 marker
709 495 822 530 861 marker
709 440 794 495 849 id_point
710 495 823 530 861 marker
710 444 798 496 852 id_point
711 494 822 529 860 marker
711 442 798 494 852 id_point
712 494 822 530 860 marker
712 439 796 493 849 id_point
713 494 822 529 861 marker
713 440 796 494 849 id_point
714 494 823 529 860 marker
714 442 793 498 848 id_point
715 494 823 530 862 marker
715 442 790 495 844 id_point
716 493 823 530 862 marker
717 490 836 543 899 id_point
718 485 839 539 899 id_point
720 480 835 534 896 id_point
722 42 847 98 901 id_point
723 37 859 92 913 id_point
723 150 713 211 811 id_point
724 180 623 225 670 id_point
726 448 777 484 823 marker
727 302 552 356 606 id_point
728 318 382 373 434 id_point
730 125 241 177 298 id_point
731 113 380 167 436 id_point
733 282 787 336 843 id_point
