0 248 606 303 660 id_point
1 281 613 322 658 id_point
3 249 600 306 655 id_point
4 248 600 304 658 id_point
5 270 602 326 657 id_point
6 270 601 325 655 id_point
7 268 600 324 656 id_point
8 271 603 326 655 id_point
9 271 602 327 659 id_point
10 272 599 328 653 id_point
11 273 596 331 652 id_point
12 279 599 333 653 id_point
13 278 600 333 653 id_point
14 281 600 335 654 id_point
15 281 602 334 655 id_point
16 281 600 335 654 id_point
17 284 602 338 655 id_point
18 284 602 339 655 id_point
19 282 603 335 656 id_point
20 280 600 334 654 id_point
21 279 600 333 654 id_point
22 281 601 335 654 id_point
23 287 599 343 653 id_point
24 285 600 340 655 id_point
25 262 603 318 656 id_point
25 115 430 152 471 marker
26 114 431 151 470 marker
26 261 599 316 652 id_point
27 262 598 318 653 id_point
27 114 431 152 470 marker
28 104 371 156 423 id_point
28 113 431 151 470 marker
29 104 370 156 423 id_point
29 112 429 151 470 marker
30 102 370 155 424 id_point
30 113 432 151 470 marker
31 103 371 156 424 id_point
31 113 432 151 470 marker
32 103 371 155 425 id_point
32 113 432 151 469 marker
33 103 373 155 427 id_point
33 113 432 151 470 marker
34 102 374 155 426 id_point
35 104 373 156 426 id_point
36 105 376 158 429 id_point
37 248 376 303 434 id_point
38 305 423 347 465 marker
38 282 375 336 444 id_point
39 306 425 348 464 marker
39 219 325 274 381 id_point
40 306 425 348 464 marker
40 218 324 273 379 id_point
41 307 424 348 464 marker
41 218 320 273 377 id_point
42 306 425 348 465 marker
42 217 318 273 374 id_point
43 306 425 348 465 marker
43 216 317 271 375 id_point
44 272 362 329 416 id_point
44 305 424 348 464 marker
45 271 362 329 416 id_point
45 306 424 348 463 marker
46 273 363 329 418 id_point
46 305 424 349 464 marker
47 272 364 329 420 id_point
47 306 425 348 464 marker
48 273 364 331 421 id_point
49 276 366 331 422 id_point
50 275 366 331 426 id_point
51 86 599 139 652 id_point
52 112 624 150 666 marker
53 98 577 150 647 id_point
53 110 625 151 669 marker
54 111 623 150 665 marker
54 70 588 126 642 id_point
55 111 624 151 666 marker
55 69 591 125 645 id_point
56 69 592 126 645 id_point
56 111 624 151 666 marker
57 111 624 151 666 marker
57 70 588 125 641 id_point
58 111 624 150 666 marker
58 72 593 127 647 id_point
59 71 593 127 646 id_point
59 112 625 151 667 marker
60 73 593 129 648 id_point
60 111 625 150 667 marker
61 75 593 126 647 id_point
62 98 598 150 653 id_point
63 99 599 154 655 id_point
64 246 590 300 644 id_point
65 311 622 353 665 marker
65 251 589 306 641 id_point
66 310 620 353 664 marker
66 256 584 311 635 id_point
67 256 585 311 637 id_point
67 311 620 354 664 marker
68 252 587 307 637 id_point
68 310 621 353 664 marker
69 311 621 353 663 marker
69 253 585 308 638 id_point
70 254 585 310 638 id_point
70 311 622 354 665 marker
71 256 585 311 638 id_point
71 311 621 353 664 marker
72 255 584 310 637 id_point
72 311 621 354 664 marker
73 256 584 311 637 id_point
73 311 621 354 663 marker
74 256 584 310 637 id_point
75 256 585 311 639 id_point
76 254 603 310 658 id_point
77 245 592 298 645 id_point
