4 211 554 266 608 id_point
5 209 585 264 642 id_point
6 214 584 264 628 id_point
7 336 138 391 195 id_point
8 341 133 395 187 id_point
9 351 115 403 173 id_point
10 355 96 410 155 id_point
11 227 544 283 602 id_point
12 210 593 266 649 id_point
13 221 585 277 643 id_point
14 219 585 276 643 id_point
15 218 584 275 642 id_point
16 218 582 275 640 id_point
17 220 584 277 642 id_point
18 221 586 279 644 id_point
19 223 589 280 645 id_point
20 224 586 280 642 id_point
21 221 589 279 646 id_point
22 221 589 279 646 id_point
23 220 589 278 646 id_point
24 221 586 279 644 id_point
25 222 586 279 643 id_point
26 213 585 271 642 id_point
27 244 422 288 460 marker
27 221 589 266 635 id_point
28 247 420 285 461 marker
28 235 384 285 443 id_point
29 237 373 290 431 id_point
29 245 421 286 463 marker
30 236 371 288 426 id_point
30 245 418 287 461 marker
31 233 369 283 425 id_point
31 245 418 287 460 marker
32 233 368 284 424 id_point
32 245 418 286 460 marker
33 233 369 284 427 id_point
33 244 419 287 461 marker
34 244 418 286 461 marker
34 233 368 285 423 id_point
35 245 419 286 462 marker
35 234 369 285 424 id_point
36 231 366 286 424 id_point
37 231 367 288 426 id_point
38 235 370 291 425 id_point
39 237 373 291 428 id_point
40 438 427 475 464 marker
40 244 373 287 421 id_point
41 439 426 476 463 marker
41 386 363 440 419 id_point
42 439 427 475 463 marker
42 389 367 443 423 id_point
43 439 427 475 463 marker
43 391 365 445 421 id_point
44 439 426 475 463 marker
44 396 362 451 420 id_point
45 438 427 475 463 marker
45 396 361 451 416 id_point
46 439 427 475 463 marker
46 398 362 451 419 id_point
47 439 426 476 462 marker
47 394 360 451 419 id_point
48 439 427 476 463 marker
48 396 360 450 416 id_point
49 439 427 475 463 marker
49 394 360 451 417 id_point
50 440 427 476 463 marker
50 395 362 449 417 id_point
51 395 362 448 419 id_point
52 394 363 448 420 id_point
53 360 571 418 637 id_point
54 365 586 418 641 id_point
54 250 614 292 659 marker
55 249 615 290 660 marker
55 222 584 278 643 id_point
56 215 583 277 647 id_point
56 249 614 292 661 marker
57 214 582 275 642 id_point
57 250 614 292 662 marker
58 250 615 291 662 marker
58 214 585 276 646 id_point
59 214 582 275 645 id_point
59 250 614 291 661 marker
60 216 585 272 641 id_point
60 249 616 292 662 marker
61 215 584 275 645 id_point
61 250 615 292 662 marker
62 214 583 277 645 id_point
62 250 616 292 661 marker
63 217 584 276 646 id_point
63 250 615 292 662 marker
64 217 583 278 646 id_point
64 250 614 292 661 marker
65 216 583 274 640 id_point
66 225 580 278 637 id_point
67 228 582 282 639 id_point
69 446 612 486 655 marker
69 379 567 438 623 id_point
70 447 612 486 655 marker
70 384 574 440 629 id_point
71 447 612 486 655 marker
71 383 571 440 625 id_point
72 447 613 487 656 marker
72 390 577 444 632 id_point
73 447 613 487 657 marker
73 393 576 448 632 id_point
74 447 613 487 656 marker
74 390 576 446 634 id_point
75 446 613 487 656 marker
75 387 569 443 623 id_point
76 447 613 486 655 marker
76 386 564 442 618 id_point
77 447 613 487 656 marker
77 386 564 442 618 id_point
78 386 564 441 618 id_point
79 386 565 441 620 id_point
80 387 566 442 621 id_point
81 388 565 441 619 id_point
82 394 570 450 626 id_point
83 394 569 453 625 id_point
84 313 525 367 579 id_point
84 404 539 449 592 marker
85 326 495 380 549 id_point
85 405 540 447 592 marker
86 403 536 453 591 marker
