0 194 591 249 646 id_point
3 250 596 306 652 id_point
4 247 590 301 645 id_point
5 247 587 302 643 id_point
6 248 588 305 646 id_point
7 250 592 305 647 id_point
8 204 597 251 639 id_point
9 251 592 306 646 id_point
10 251 598 309 654 id_point
11 252 594 308 649 id_point
13 252 595 307 651 id_point
15 209 585 253 631 id_point
17 251 586 307 643 id_point
18 254 588 310 645 id_point
20 250 590 306 646 id_point
21 251 592 307 647 id_point
22 253 590 311 647 id_point
23 253 589 310 646 id_point
24 255 589 311 645 id_point
24 239 419 281 458 marker
25 263 386 320 440 id_point
25 238 419 278 459 marker
26 265 371 322 428 id_point
27 240 416 280 458 marker
27 189 350 247 403 id_point
28 241 418 281 458 marker
28 192 353 249 405 id_point
29 241 417 280 458 marker
29 191 352 249 404 id_point
30 241 417 281 458 marker
30 192 351 250 404 id_point
31 242 418 281 458 marker
31 193 353 249 405 id_point
32 242 418 281 458 marker
32 195 354 251 406 id_point
33 194 352 252 406 id_point
34 208 352 264 404 id_point
35 216 353 272 408 id_point
36 233 347 293 406 id_point
37 336 418 377 457 marker
37 291 346 346 404 id_point
38 337 419 377 457 marker
38 295 347 351 403 id_point
39 337 419 377 458 marker
39 295 345 351 402 id_point
40 338 419 378 457 marker
40 296 344 352 401 id_point
41 338 419 378 457 marker
41 302 348 356 403 id_point
42 338 420 378 458 marker
42 302 347 356 400 id_point
43 338 420 378 458 marker
43 302 345 357 400 id_point
44 339 420 378 458 marker
44 303 345 357 402 id_point
45 338 420 378 459 marker
45 302 350 356 405 id_point
46 338 419 378 458 marker
46 302 350 356 405 id_point
47 300 349 355 404 id_point
48 300 351 354 406 id_point
49 301 351 354 407 id_point
50 302 353 356 408 id_point
51 434 422 471 460 marker
51 409 354 460 411 id_point
52 423 363 478 422 id_point
52 431 421 471 460 marker
53 419 362 473 419 id_point
53 430 419 470 459 marker
54 418 364 473 421 id_point
54 429 420 471 459 marker
55 420 365 472 421 id_point
55 431 420 470 460 marker
56 419 364 472 421 id_point
56 429 421 470 460 marker
57 418 365 472 420 id_point
57 430 421 471 461 marker
58 418 362 472 420 id_point
58 431 420 471 461 marker
59 418 363 471 420 id_point
59 430 421 471 461 marker
60 417 363 469 419 id_point
60 431 420 471 460 marker
61 413 366 468 422 id_point
62 416 370 470 427 id_point
63 421 376 468 423 id_point
64 238 479 287 539 id_point
65 243 514 281 554 marker
65 148 486 205 543 id_point
66 145 484 200 539 id_point
66 242 512 282 554 marker
67 145 483 201 536 id_point
67 242 513 281 553 marker
68 151 480 203 534 id_point
68 243 512 283 554 marker
69 150 485 204 539 id_point
69 242 512 282 555 marker
70 151 485 206 539 id_point
70 243 513 282 555 marker
71 151 485 205 539 id_point
71 243 513 280 554 marker
72 151 487 205 540 id_point
72 243 513 282 554 marker
73 153 487 207 543 id_point
73 243 514 281 554 marker
74 152 489 205 545 id_point
75 156 487 209 545 id_point
76 158 484 217 543 id_point
77 343 514 383 554 marker
77 272 436 324 492 id_point
78 341 513 383 555 marker
78 276 437 331 491 id_point
80 325 494 380 550 id_point
80 335 506 381 554 marker
81 341 512 382 555 marker
82 330 497 384 551 id_point
82 336 507 381 555 marker
83 325 491 381 549 id_point
84 325 494 380 549 id_point
84 335 507 381 554 marker
85 325 494 382 549 id_point
85 336 507 381 554 marker
86 325 492 381 548 id_point
86 342 510 383 553 marker
87 338 509 381 556 marker
88 329 500 384 551 id_point
89 327 500 382 553 id_point
90 327 500 382 556 id_point
92 444 515 479 553 marker
92 405 490 462 548 id_point
93 443 477 500 537 id_point
93 439 516 480 557 marker
94 442 475 498 536 id_point
94 440 516 479 555 marker
95 443 479 500 538 id_point
95 439 518 479 558 marker
96 440 515 477 555 marker
96 421 482 464 525 id_point
97 445 477 502 535 id_point
97 439 518 480 557 marker
98 438 515 476 556 marker
99 439 515 477 555 marker
100 439 515 478 555 marker
101 443 472 499 529 id_point
101 438 518 479 558 marker
102 427 476 493 533 id_point
103 444 470 499 527 id_point
104 444 475 502 530 id_point
105 449 473 504 530 id_point
106 244 614 286 658 marker
106 453 486 499 530 id_point
107 176 633 232 685 id_point
107 245 615 287 657 marker
108 178 635 234 688 id_point
108 246 615 287 657 marker
109 176 634 233 688 id_point
109 245 615 288 657 marker
110 178 635 235 688 id_point
110 244 615 287 657 marker
111 179 632 235 685 id_point
111 244 614 286 656 marker
112 173 627 228 680 id_point
112 243 616 286 658 marker
113 174 619 228 674 id_point
113 243 616 286 655 marker
114 174 618 234 676 id_point
115 177 619 234 675 id_point
116 185 618 241 674 id_point
117 197 619 253 673 id_point
118 347 613 386 656 marker
118 268 618 323 674 id_point
119 325 618 383 676 id_point
120 324 618 381 678 id_point
121 324 617 383 676 id_point
121 341 615 383 661 marker
122 320 617 380 676 id_point
122 340 615 383 661 marker
123 324 613 384 667 id_point
123 335 616 379 666 marker
124 323 613 384 666 id_point
124 334 615 380 665 marker
125 323 614 381 670 id_point
126 320 615 381 670 id_point
127 320 612 382 666 id_point
128 326 611 381 669 id_point
129 324 618 378 673 id_point
130 325 616 381 674 id_point
131 421 600 476 657 id_point
132 422 604 478 657 id_point
133 420 608 480 657 id_point
134 421 607 479 659 id_point
135 420 608 477 660 id_point
136 419 608 478 660 id_point
137 416 604 475 658 id_point
137 431 611 476 661 marker
138 417 607 477 656 id_point
139 416 603 474 656 id_point
139 434 608 479 659 marker
140 417 607 477 655 id_point
141 443 610 482 655 marker
142 417 609 475 660 id_point
143 414 603 471 661 id_point
144 419 606 475 663 id_point
147 427 597 480 654 id_point
147 330 281 360 317 marker
148 294 484 350 538 id_point
148 330 282 361 316 marker
148 397 537 445 591 marker
149 330 283 360 318 marker
150 331 284 361 317 marker
151 217 91 272 145 id_point
151 332 284 365 317 marker
152 221 93 271 146 id_point
152 334 286 365 318 marker
152 404 538 452 590 marker
153 225 59 278 113 id_point
153 339 284 369 316 marker
153 409 538 459 593 marker
154 233 51 287 106 id_point
154 350 286 383 318 marker
154 423 536 474 589 marker
155 221 120 274 177 id_point
155 349 285 380 317 marker
155 420 537 468 591 marker
156 224 125 272 176 id_point
156 343 283 374 316 marker
157 219 112 267 165 id_point
157 339 285 370 317 marker
157 410 537 461 590 marker
158 228 97 281 151 id_point
158 337 286 368 318 marker
158 406 541 456 593 marker
159 339 286 370 319 marker
159 348 112 394 162 id_point
159 409 539 460 592 marker
160 320 151 374 204 id_point
160 341 286 371 318 marker
160 409 538 458 592 marker
160 336 402 378 454 id_point
161 326 136 380 189 id_point
161 340 285 372 318 marker
161 407 538 461 592 marker
