0 255 589 309 644 id_point
1 261 583 315 638 id_point
2 264 582 320 637 id_point
3 287 609 342 663 id_point
4 283 607 340 661 id_point
5 263 589 317 644 id_point
6 251 579 307 640 id_point
7 254 590 308 646 id_point
8 246 582 301 636 id_point
9 235 569 289 624 id_point
10 226 559 286 623 id_point
11 235 565 291 622 id_point
12 232 563 289 617 id_point
13 232 563 289 617 id_point
14 229 562 284 620 id_point
15 233 572 289 628 id_point
16 232 572 288 627 id_point
17 227 562 283 619 id_point
18 228 562 284 617 id_point
19 224 555 280 611 id_point
20 224 556 283 618 id_point
21 230 566 287 624 id_point
22 226 558 281 614 id_point
23 224 557 278 612 id_point
24 223 551 277 608 id_point
25 225 563 280 618 id_point
26 225 559 278 613 id_point
27 222 550 277 606 id_point
28 222 551 275 606 id_point
29 114 427 151 465 marker
29 229 567 284 622 id_point
30 78 351 133 404 id_point
30 113 427 152 465 marker
31 112 427 152 465 marker
31 62 338 116 391 id_point
32 56 334 113 389 id_point
32 112 427 152 465 marker
33 112 427 152 465 marker
33 56 335 111 388 id_point
34 112 427 152 465 marker
34 57 335 111 387 id_point
35 113 427 151 465 marker
35 57 338 112 391 id_point
36 113 427 152 465 marker
36 59 339 113 393 id_point
37 60 340 115 393 id_point
37 112 427 152 465 marker
38 113 427 151 465 marker
38 59 340 115 395 id_point
39 112 427 151 465 marker
39 60 339 114 393 id_point
40 58 341 113 396 id_point
41 57 341 114 396 id_point
42 61 344 115 395 id_point
43 62 344 116 395 id_point
44 63 346 117 395 id_point
45 212 319 266 375 id_point
45 208 424 248 464 marker
46 209 424 248 464 marker
46 154 329 207 383 id_point
47 211 375 268 436 id_point
47 208 426 247 463 marker
48 210 377 265 436 id_point
48 209 426 248 467 marker
49 209 375 264 434 id_point
49 208 427 246 463 marker
50 209 375 264 435 id_point
50 208 427 247 462 marker
51 208 426 249 462 marker
51 153 359 208 415 id_point
52 208 425 248 463 marker
52 153 359 208 416 id_point
53 153 354 208 411 id_point
53 207 426 249 462 marker
54 208 425 248 464 marker
54 152 357 207 413 id_point
55 154 359 211 416 id_point
55 208 425 249 463 marker
56 155 357 208 412 id_point
57 164 359 217 415 id_point
58 164 358 218 415 id_point
59 164 360 218 416 id_point
60 306 422 347 461 marker
60 199 349 268 410 id_point
61 305 423 346 462 marker
61 233 356 289 413 id_point
62 305 423 346 462 marker
62 252 357 306 415 id_point
63 251 357 307 415 id_point
63 305 423 346 462 marker
64 251 357 306 415 id_point
64 305 423 346 462 marker
65 252 357 307 415 id_point
65 306 423 348 462 marker
66 251 358 306 415 id_point
66 306 424 347 462 marker
67 306 423 347 462 marker
67 251 355 306 414 id_point
68 252 356 308 416 id_point
68 306 423 346 463 marker
69 274 360 330 420 id_point
69 304 422 347 462 marker
70 304 423 348 462 marker
70 274 360 330 419 id_point
71 272 365 329 420 id_point
72 272 363 328 423 id_point
73 272 367 327 425 id_point
74 258 374 318 435 id_point
75 109 523 149 569 marker
76 111 477 165 530 id_point
76 110 524 149 564 marker
77 112 477 165 534 id_point
77 110 526 148 564 marker
78 114 478 166 531 id_point
78 109 526 148 563 marker
79 111 476 164 536 id_point
79 108 526 148 565 marker
80 112 477 165 534 id_point
80 110 525 149 564 marker
81 111 476 164 537 id_point
81 110 526 150 566 marker
82 112 476 166 534 id_point
82 110 526 149 564 marker
83 112 475 166 533 id_point
83 109 525 150 563 marker
84 113 477 167 535 id_point
84 109 526 149 563 marker
85 116 478 168 534 id_point
86 120 478 172 530 id_point
87 122 478 175 533 id_point
88 123 476 175 529 id_point
89 172 467 225 519 id_point
89 207 519 247 562 marker
90 186 465 239 519 id_point
90 206 520 247 563 marker
91 207 518 247 561 marker
91 184 479 224 520 id_point
92 184 465 237 519 id_point
92 205 519 245 561 marker
93 184 464 237 519 id_point
93 204 520 247 561 marker
94 184 467 239 518 id_point
94 203 519 247 561 marker
95 184 466 237 524 id_point
95 204 518 245 562 marker
96 184 466 237 524 id_point
96 202 519 245 563 marker
97 185 467 237 522 id_point
97 203 520 246 562 marker
98 184 466 238 522 id_point
99 178 465 232 518 id_point
100 177 467 231 522 id_point
101 177 467 232 522 id_point
102 244 462 300 518 id_point
103 249 462 305 518 id_point
103 307 519 349 561 marker
104 308 519 349 560 marker
104 253 460 308 516 id_point
105 307 519 348 561 marker
105 253 458 310 515 id_point
106 307 520 349 562 marker
106 256 462 304 510 id_point
107 307 520 348 562 marker
107 262 481 315 535 id_point
108 307 520 348 562 marker
108 261 481 316 539 id_point
109 266 484 318 540 id_point
109 307 521 349 562 marker
110 308 522 350 563 marker
110 265 484 320 538 id_point
111 265 481 321 536 id_point
111 309 520 350 563 marker
112 307 522 349 563 marker
112 267 480 319 536 id_point
113 263 483 318 539 id_point
114 178 517 222 561 id_point
115 62 573 115 627 id_point
116 0 623 45 676 id_point
117 110 624 150 665 marker
117 1 638 33 689 id_point
118 29 610 82 663 id_point
118 109 623 151 666 marker
119 36 606 88 660 id_point
119 110 623 151 664 marker
120 36 606 88 659 id_point
120 109 623 150 666 marker
121 36 606 88 660 id_point
121 109 622 150 665 marker
122 36 606 88 660 id_point
122 108 623 151 666 marker
123 35 607 86 661 id_point
123 108 624 151 667 marker
124 32 608 87 658 id_point
124 109 624 150 665 marker
125 33 608 88 659 id_point
125 109 625 151 667 marker
126 32 608 89 659 id_point
128 84 600 137 656 id_point
129 90 602 142 656 id_point
130 206 621 246 666 marker
130 124 616 176 670 id_point
131 205 622 248 666 marker
131 145 614 199 667 id_point
132 206 622 247 665 marker
133 205 623 248 667 marker
133 141 610 195 664 id_point
134 207 623 247 666 marker
134 144 609 198 662 id_point
135 205 623 248 666 marker
135 142 614 193 667 id_point
136 207 622 247 666 marker
136 142 611 195 665 id_point
137 206 623 248 666 marker
137 143 607 198 661 id_point
138 207 624 247 666 marker
138 141 613 195 667 id_point
139 207 623 248 666 marker
139 142 611 196 665 id_point
140 142 610 195 664 id_point
141 141 610 194 666 id_point
142 144 608 197 664 id_point
143 150 612 196 657 id_point
144 239 612 293 667 id_point
145 311 621 350 665 marker
145 266 616 322 670 id_point
146 309 621 350 665 marker
146 269 617 323 669 id_point
147 311 620 350 665 marker
147 262 617 316 670 id_point
148 308 620 350 665 marker
148 258 619 314 671 id_point
149 308 620 348 666 marker
149 266 616 320 670 id_point
150 266 615 320 668 id_point
150 308 621 349 666 marker
151 308 621 350 665 marker
151 267 613 321 667 id_point
152 311 621 350 665 marker
152 265 613 320 668 id_point
153 310 621 351 667 marker
153 263 610 318 665 id_point
154 308 621 353 665 marker
154 263 610 318 665 id_point
155 261 607 316 661 id_point
156 260 606 316 659 id_point
157 266 605 322 659 id_point
158 258 655 314 708 id_point
159 270 622 327 676 id_point
160 280 603 336 655 id_point
161 281 601 336 652 id_point
161 51 409 95 465 id_point
162 284 619 339 673 id_point
162 233 206 270 282 id_point
163 293 617 348 670 id_point
163 234 201 273 262 id_point
164 232 207 270 285 id_point
165 270 625 324 677 id_point
165 232 201 272 267 id_point
166 234 200 273 266 id_point
167 233 203 271 285 id_point
168 313 314 372 371 id_point
168 233 206 270 284 id_point
169 274 351 317 398 id_point
169 238 210 278 274 id_point
