0 229 596 283 650 id_point
1 229 599 284 653 id_point
2 230 598 286 652 id_point
3 226 590 279 643 id_point
4 224 596 279 650 id_point
5 225 589 278 643 id_point
6 224 587 278 643 id_point
7 226 588 280 643 id_point
8 226 588 281 643 id_point
9 228 590 282 643 id_point
10 230 590 284 644 id_point
11 231 590 285 646 id_point
12 232 592 285 647 id_point
13 231 590 284 644 id_point
14 230 591 284 646 id_point
15 229 592 284 648 id_point
16 230 594 283 648 id_point
17 228 593 281 646 id_point
18 225 595 280 649 id_point
19 225 594 279 648 id_point
20 226 594 280 648 id_point
21 225 594 279 648 id_point
22 225 594 280 649 id_point
23 225 593 280 648 id_point
24 226 592 280 646 id_point
25 224 593 278 647 id_point
26 70 415 111 454 marker
26 225 591 278 645 id_point
27 70 417 107 452 marker
27 45 366 99 420 id_point
28 70 416 108 453 marker
28 49 353 103 410 id_point
29 71 417 108 453 marker
29 48 354 101 409 id_point
30 71 417 109 453 marker
30 47 355 100 407 id_point
31 70 415 109 452 marker
31 49 356 101 410 id_point
32 48 355 102 410 id_point
32 69 416 108 453 marker
33 71 416 109 453 marker
33 47 354 102 411 id_point
34 48 354 103 411 id_point
34 71 416 109 453 marker
35 48 358 101 411 id_point
36 48 358 102 411 id_point
37 31 325 84 378 id_point
38 32 327 85 378 id_point
40 164 411 203 451 marker
40 195 349 245 405 id_point
41 164 411 202 451 marker
41 144 351 194 406 id_point
42 144 352 195 406 id_point
42 162 410 203 451 marker
43 146 350 196 404 id_point
43 161 410 203 451 marker
44 163 412 201 450 marker
44 146 349 198 401 id_point
45 147 349 198 400 id_point
45 161 412 202 450 marker
46 145 347 199 398 id_point
46 161 410 203 449 marker
47 146 348 197 401 id_point
47 162 411 203 450 marker
48 162 411 203 450 marker
48 147 350 198 402 id_point
49 146 349 199 403 id_point
50 136 354 182 397 id_point
51 150 350 202 404 id_point
52 154 355 206 409 id_point
53 264 409 304 448 marker
53 223 340 277 396 id_point
54 263 410 304 448 marker
54 231 337 286 394 id_point
55 264 409 305 449 marker
55 230 338 286 395 id_point
56 263 408 304 449 marker
56 230 336 285 393 id_point
57 263 409 304 448 marker
57 229 337 284 395 id_point
58 263 409 304 448 marker
58 230 339 284 393 id_point
59 262 409 303 449 marker
59 228 337 283 394 id_point
60 263 411 303 449 marker
60 230 339 285 395 id_point
61 262 408 303 449 marker
61 230 339 284 394 id_point
62 263 411 303 449 marker
62 228 339 284 394 id_point
63 230 337 287 396 id_point
64 231 339 285 398 id_point
65 232 337 285 395 id_point
66 58 452 111 505 id_point
67 57 456 108 508 id_point
67 65 508 103 550 marker
68 54 462 105 517 id_point
68 64 509 103 551 marker
69 53 461 105 516 id_point
69 64 510 103 553 marker
70 53 461 105 515 id_point
70 62 510 103 552 marker
71 52 462 105 517 id_point
71 62 509 103 552 marker
72 52 462 105 518 id_point
72 64 510 103 552 marker
73 55 463 106 516 id_point
73 63 509 103 552 marker
74 55 464 106 518 id_point
74 65 508 104 551 marker
75 54 463 105 516 id_point
75 62 509 103 552 marker
76 53 465 107 516 id_point
77 56 464 108 516 id_point
78 54 463 108 516 id_point
79 56 464 110 517 id_point
80 134 461 188 517 id_point
80 161 507 200 547 marker
81 137 456 191 515 id_point
81 161 507 200 548 marker
82 162 508 200 549 marker
82 135 453 189 512 id_point
83 162 507 200 549 marker
83 136 453 189 512 id_point
84 162 508 201 549 marker
84 134 452 187 510 id_point
85 162 508 201 549 marker
85 134 452 186 510 id_point
86 159 508 201 547 marker
86 134 452 188 509 id_point
87 162 508 201 549 marker
87 135 452 187 511 id_point
88 161 507 201 549 marker
88 134 452 187 510 id_point
89 161 507 200 549 marker
89 135 453 187 512 id_point
90 131 452 185 507 id_point
91 131 453 187 509 id_point
92 140 458 196 515 id_point
93 206 456 262 512 id_point
94 264 505 305 547 marker
94 217 447 271 506 id_point
95 263 504 305 546 marker
95 222 444 276 501 id_point
96 264 505 306 547 marker
96 221 443 276 502 id_point
97 264 505 306 546 marker
97 221 442 274 498 id_point
98 265 505 306 547 marker
98 221 443 275 500 id_point
99 265 506 306 547 marker
99 221 445 275 500 id_point
100 266 507 308 548 marker
100 221 445 275 503 id_point
101 267 506 307 546 marker
101 221 444 274 501 id_point
102 267 507 306 548 marker
102 223 447 277 502 id_point
103 221 446 278 505 id_point
104 221 445 277 505 id_point
105 44 568 98 621 id_point
106 34 567 88 620 id_point
107 39 567 94 623 id_point
107 65 608 103 653 marker
108 43 570 97 625 id_point
108 67 608 103 652 marker
109 44 571 98 625 id_point
109 68 608 103 652 marker
110 44 570 98 625 id_point
110 67 609 103 652 marker
111 45 570 98 625 id_point
111 67 608 104 652 marker
112 45 571 99 624 id_point
112 67 609 103 651 marker
113 44 571 97 627 id_point
113 67 609 103 653 marker
114 44 570 97 626 id_point
114 67 609 103 653 marker
115 42 570 97 625 id_point
116 44 569 96 623 id_point
117 72 566 126 620 id_point
118 73 567 128 623 id_point
120 163 609 202 651 marker
120 121 575 175 629 id_point
121 122 575 176 631 id_point
121 162 608 202 651 marker
122 120 576 174 631 id_point
122 162 608 202 651 marker
123 121 578 175 632 id_point
123 163 608 203 651 marker
124 120 576 174 631 id_point
124 163 607 203 651 marker
125 120 574 173 627 id_point
125 163 608 203 652 marker
126 119 575 173 629 id_point
126 163 608 203 652 marker
127 120 573 174 627 id_point
127 163 607 203 652 marker
128 118 574 173 628 id_point
128 163 608 202 652 marker
129 121 579 174 633 id_point
130 122 577 175 633 id_point
131 143 573 195 630 id_point
132 145 573 197 626 id_point
133 211 575 266 627 id_point
134 266 608 306 649 marker
134 213 573 267 626 id_point
135 216 573 269 627 id_point
135 266 606 306 650 marker
136 265 607 305 649 marker
136 215 572 269 625 id_point
137 266 607 305 649 marker
137 215 572 269 625 id_point
138 265 607 306 649 marker
138 215 573 269 627 id_point
139 265 608 306 649 marker
139 216 573 270 626 id_point
140 266 608 305 649 marker
140 215 573 269 626 id_point
141 215 573 270 626 id_point
141 264 605 304 651 marker
142 215 572 270 626 id_point
142 266 607 306 649 marker
143 216 571 270 626 id_point
144 216 571 271 626 id_point
145 217 572 271 626 id_point
146 217 571 271 624 id_point
147 217 571 272 625 id_point
147 84 353 111 381 marker
147 117 556 157 600 marker
147 173 436 232 495 id_point
147 76 451 106 494 marker
148 179 564 237 617 id_point
148 118 556 158 600 marker
148 83 354 109 382 marker
148 172 434 230 493 id_point
149 190 558 247 610 id_point
149 117 555 160 601 marker
149 174 435 227 494 id_point
150 244 586 298 640 id_point
150 82 354 108 381 marker
150 117 554 157 602 marker
150 170 436 228 493 id_point
151 248 577 303 630 id_point
151 115 553 155 602 marker
151 173 435 227 494 id_point
152 247 570 302 623 id_point
152 115 552 157 601 marker
152 82 353 107 382 marker
152 164 434 230 497 id_point
