0 219 578 274 631 id_point
1 223 599 275 648 id_point
2 222 598 278 652 id_point
3 225 597 280 650 id_point
4 224 596 279 650 id_point
5 225 597 280 652 id_point
6 224 598 278 652 id_point
7 227 594 281 647 id_point
8 228 591 282 644 id_point
9 229 588 282 642 id_point
10 227 589 281 643 id_point
11 226 588 280 643 id_point
12 226 588 280 642 id_point
13 229 595 283 648 id_point
14 215 593 273 645 id_point
15 207 591 263 647 id_point
16 210 589 265 648 id_point
17 209 591 264 646 id_point
18 208 587 263 644 id_point
19 209 591 263 648 id_point
20 208 592 264 648 id_point
21 209 590 265 646 id_point
22 209 591 264 647 id_point
23 208 592 263 648 id_point
24 207 592 263 649 id_point
25 208 591 264 647 id_point
26 208 590 263 646 id_point
27 206 591 262 647 id_point
28 205 588 262 646 id_point
28 216 427 253 465 marker
29 221 377 275 433 id_point
29 215 429 256 466 marker
29 169 370 199 404 marker
30 222 370 278 424 id_point
30 217 427 256 465 marker
31 223 368 277 421 id_point
31 217 428 255 466 marker
32 223 369 279 423 id_point
32 217 429 255 466 marker
33 224 366 279 419 id_point
33 216 429 256 466 marker
34 224 366 278 419 id_point
34 217 426 255 465 marker
35 224 366 279 420 id_point
35 217 428 254 466 marker
36 223 366 278 419 id_point
36 215 427 253 465 marker
37 225 363 279 414 id_point
38 225 363 279 414 id_point
39 224 365 280 418 id_point
40 223 363 279 416 id_point
41 303 359 355 412 id_point
41 281 429 319 465 marker
42 288 359 341 413 id_point
42 281 426 318 465 marker
43 283 359 336 413 id_point
43 280 428 317 466 marker
44 282 358 335 413 id_point
44 280 427 318 466 marker
45 283 357 335 412 id_point
45 281 429 318 466 marker
45 169 368 197 405 marker
46 283 356 336 410 id_point
46 280 427 317 467 marker
47 281 356 333 410 id_point
47 281 428 317 466 marker
48 278 355 332 408 id_point
48 281 429 318 466 marker
49 277 351 332 406 id_point
49 281 427 318 465 marker
50 277 354 330 407 id_point
50 281 426 317 465 marker
51 277 353 332 409 id_point
52 277 354 332 409 id_point
53 278 356 333 411 id_point
54 278 356 333 411 id_point
55 340 360 393 415 id_point
55 343 429 378 466 marker
56 337 360 390 416 id_point
56 343 430 380 466 marker
57 335 359 389 415 id_point
57 343 430 380 467 marker
58 335 360 389 415 id_point
58 343 430 380 466 marker
59 336 355 389 413 id_point
59 342 429 380 466 marker
60 335 359 388 414 id_point
60 343 430 381 467 marker
61 335 359 388 416 id_point
61 343 429 380 466 marker
62 336 356 389 412 id_point
62 343 428 381 465 marker
63 337 356 387 411 id_point
63 343 429 378 466 marker
64 333 357 387 411 id_point
65 333 358 387 413 id_point
66 334 357 388 413 id_point
67 407 432 443 466 marker
67 376 360 429 414 id_point
68 392 358 445 413 id_point
68 408 432 444 466 marker
69 392 360 446 416 id_point
69 407 433 444 467 marker
70 393 359 446 414 id_point
70 408 433 445 467 marker
71 392 357 445 413 id_point
71 408 432 444 466 marker
72 407 433 445 467 marker
72 392 360 444 413 id_point
73 391 357 445 411 id_point
73 409 433 444 466 marker
74 408 433 444 467 marker
74 392 356 446 411 id_point
75 393 358 445 409 id_point
75 409 433 444 467 marker
76 390 355 444 409 id_point
76 409 433 444 466 marker
77 390 355 445 411 id_point
78 387 359 440 414 id_point
79 384 361 437 414 id_point
81 217 447 270 502 id_point
81 214 491 253 533 marker
82 208 433 263 489 id_point
82 216 487 255 528 marker
83 207 432 261 487 id_point
83 216 486 254 527 marker
84 206 431 260 486 id_point
84 216 487 254 526 marker
84 169 368 199 402 marker
85 206 433 261 489 id_point
85 215 485 254 527 marker
86 204 433 260 488 id_point
86 214 487 253 528 marker
87 205 433 260 489 id_point
87 215 486 254 528 marker
88 206 433 261 490 id_point
88 216 487 254 529 marker
89 208 433 263 490 id_point
89 216 488 254 529 marker
90 208 434 263 488 id_point
91 208 433 263 488 id_point
92 211 435 265 489 id_point
93 222 436 275 492 id_point
94 282 434 336 487 id_point
94 282 487 321 530 marker
95 272 428 324 481 id_point
95 281 486 320 528 marker
96 270 428 322 483 id_point
96 280 488 321 528 marker
97 268 426 322 483 id_point
97 279 490 320 528 marker
98 271 427 323 481 id_point
98 281 489 320 529 marker
99 270 428 322 481 id_point
99 280 490 320 529 marker
100 269 429 320 483 id_point
100 279 488 320 529 marker
101 270 427 322 481 id_point
101 278 490 319 529 marker
102 270 427 323 481 id_point
103 271 427 326 482 id_point
104 271 425 325 481 id_point
105 332 425 397 477 id_point
106 346 486 382 526 marker
107 330 425 381 481 id_point
107 344 488 381 525 marker
107 169 366 198 402 marker
108 329 430 381 483 id_point
108 344 491 382 528 marker
109 329 427 380 483 id_point
109 345 489 383 526 marker
110 329 427 382 482 id_point
110 346 490 384 526 marker
111 344 490 381 528 marker
111 330 430 381 486 id_point
112 330 425 380 479 id_point
112 345 489 382 526 marker
113 329 428 381 483 id_point
113 345 490 383 526 marker
114 328 430 381 484 id_point
114 347 491 384 527 marker
115 326 431 381 486 id_point
116 326 433 380 487 id_point
117 326 431 380 486 id_point
118 327 429 381 484 id_point
119 412 491 448 526 marker
119 369 424 422 480 id_point
120 411 491 448 526 marker
120 385 429 439 486 id_point
121 412 492 447 527 marker
121 388 431 441 484 id_point
122 412 491 448 526 marker
122 388 430 441 482 id_point
123 413 491 448 526 marker
123 388 430 441 483 id_point
124 412 491 449 527 marker
124 387 430 441 485 id_point
125 413 492 449 527 marker
125 388 430 441 485 id_point
126 413 492 449 527 marker
126 389 434 441 486 id_point
127 413 492 449 528 marker
127 387 429 440 485 id_point
128 413 492 449 529 marker
128 386 429 439 484 id_point
129 386 430 440 483 id_point
130 384 434 439 489 id_point
132 205 519 261 573 id_point
133 205 516 259 569 id_point
133 216 557 256 598 marker
134 202 510 256 564 id_point
134 215 553 258 599 marker
135 202 508 256 563 id_point
135 216 553 252 597 marker
136 201 507 256 563 id_point
136 216 554 255 594 marker
137 203 508 257 564 id_point
137 216 552 255 598 marker
138 203 508 257 565 id_point
138 214 555 255 594 marker
139 206 512 258 571 id_point
139 216 555 258 600 marker
140 206 513 260 570 id_point
140 217 556 258 598 marker
141 206 512 261 568 id_point
141 216 556 258 597 marker
142 206 512 262 567 id_point
142 216 555 258 595 marker
143 207 513 262 567 id_point
144 207 513 262 567 id_point
145 206 511 261 565 id_point
146 286 553 323 593 marker
146 264 506 318 560 id_point
147 285 551 322 594 marker
147 265 507 320 561 id_point
148 268 508 322 559 id_point
148 284 549 322 594 marker
149 270 509 321 558 id_point
149 282 550 322 595 marker
150 284 551 323 594 marker
150 269 508 323 558 id_point
151 283 552 322 594 marker
151 269 507 324 557 id_point
152 284 553 322 594 marker
152 270 504 322 557 id_point
153 283 551 323 595 marker
153 270 507 323 558 id_point
154 270 506 322 565 id_point
154 283 551 323 595 marker
155 271 509 324 565 id_point
155 284 552 323 596 marker
156 271 507 324 562 id_point
157 271 507 323 562 id_point
158 270 508 322 562 id_point
159 271 506 324 561 id_point
160 349 553 387 593 marker
160 327 505 379 559 id_point
161 349 552 388 594 marker
161 330 501 383 557 id_point
162 350 552 388 592 marker
162 331 504 382 556 id_point
163 350 552 387 593 marker
163 331 501 381 555 id_point
164 330 503 381 556 id_point
164 350 551 387 593 marker
165 331 502 384 556 id_point
165 350 551 388 592 marker
166 332 502 384 558 id_point
166 350 551 388 593 marker
167 331 503 384 559 id_point
167 350 552 388 593 marker
168 348 552 388 591 marker
168 333 505 385 556 id_point
169 333 506 386 562 id_point
170 331 506 386 560 id_point
171 331 505 384 559 id_point
172 333 507 385 561 id_point
173 415 552 450 589 marker
173 385 504 439 556 id_point
174 415 553 449 590 marker
174 391 504 445 557 id_point
175 392 504 446 559 id_point
175 415 553 450 589 marker
176 392 504 447 561 id_point
176 416 553 451 590 marker
177 392 501 446 556 id_point
177 413 551 449 589 marker
178 391 500 445 555 id_point
178 413 552 449 589 marker
179 390 501 445 556 id_point
179 414 552 449 589 marker
180 415 551 450 589 marker
180 390 501 444 557 id_point
181 415 552 450 589 marker
181 391 501 444 555 id_point
182 415 552 450 589 marker
182 390 501 445 556 id_point
183 416 552 450 589 marker
183 390 500 443 555 id_point
184 388 501 442 556 id_point
185 383 504 437 558 id_point
186 361 524 421 585 id_point
187 208 589 264 648 id_point
187 219 619 259 662 marker
188 203 590 258 652 id_point
188 219 620 258 663 marker
189 203 588 258 651 id_point
189 220 619 260 663 marker
190 219 620 258 664 marker
190 203 591 256 651 id_point
191 206 592 260 651 id_point
191 223 621 262 664 marker
192 208 590 260 650 id_point
192 223 621 260 663 marker
193 209 591 260 649 id_point
193 220 619 260 664 marker
194 207 590 259 650 id_point
195 206 592 260 653 id_point
196 208 592 264 648 id_point
197 208 593 264 648 id_point
198 209 592 264 648 id_point
199 273 579 327 634 id_point
200 277 585 331 642 id_point
200 287 621 327 664 marker
201 276 590 329 647 id_point
202 273 590 328 649 id_point
203 273 589 325 648 id_point
203 287 619 326 663 marker
204 274 589 327 646 id_point
205 275 588 327 643 id_point
205 285 619 326 664 marker
206 273 589 325 645 id_point
206 286 619 327 662 marker
207 272 587 326 643 id_point
207 287 618 325 663 marker
208 272 588 325 641 id_point
209 272 586 327 640 id_point
210 272 587 327 642 id_point
211 273 585 328 639 id_point
212 354 621 391 663 marker
212 332 584 387 640 id_point
213 338 587 391 645 id_point
213 355 621 394 664 marker
214 340 588 392 649 id_point
214 351 623 395 666 marker
214 169 366 200 402 marker
215 337 589 390 649 id_point
215 352 621 393 665 marker
216 335 586 389 644 id_point
216 354 622 392 663 marker
217 355 621 392 663 marker
217 333 587 389 651 id_point
218 333 589 388 647 id_point
218 355 623 391 663 marker
219 334 587 388 643 id_point
219 354 622 392 662 marker
220 334 585 389 642 id_point
220 355 623 393 662 marker
221 337 585 390 639 id_point
222 341 585 394 637 id_point
223 344 586 398 638 id_point
224 378 588 431 641 id_point
225 399 585 452 647 id_point
225 418 617 457 657 marker
226 401 586 453 644 id_point
226 419 618 458 658 marker
227 402 583 454 647 id_point
227 417 615 457 660 marker
228 402 584 454 645 id_point
228 418 617 457 659 marker
229 401 584 453 648 id_point
229 416 619 454 660 marker
230 402 585 455 644 id_point
230 418 617 454 661 marker
231 402 586 455 648 id_point
231 418 615 454 660 marker
232 402 586 454 647 id_point
232 417 617 456 660 marker
233 403 585 455 637 id_point
234 402 585 453 636 id_point
235 402 584 454 636 id_point
236 401 583 453 636 id_point
237 399 582 453 636 id_point
237 337 571 378 612 marker
237 389 456 440 517 id_point
238 352 486 406 546 id_point
238 336 568 379 615 marker
238 285 459 321 515 marker
239 336 569 377 614 marker
239 383 456 440 512 id_point
239 285 256 334 315 id_point
240 287 243 343 302 id_point
240 335 567 376 613 marker
240 387 455 440 515 id_point
241 333 569 376 613 marker
241 288 243 338 290 id_point
241 382 456 438 512 id_point
242 287 214 344 271 id_point
242 333 567 377 613 marker
242 382 454 437 513 id_point
243 292 191 346 249 id_point
243 333 568 376 613 marker
243 387 454 439 513 id_point
243 283 458 320 512 marker
244 291 186 347 244 id_point
244 335 569 377 612 marker
244 387 455 439 514 id_point
245 282 246 335 304 id_point
245 334 567 378 612 marker
245 387 454 440 514 id_point
246 284 247 334 304 id_point
246 333 568 378 611 marker
246 387 454 439 513 id_point
247 284 244 336 302 id_point
247 334 567 376 612 marker
247 383 454 437 513 id_point
248 334 568 377 612 marker
248 389 453 440 513 id_point
249 281 265 328 322 id_point
249 334 568 377 613 marker
249 386 454 439 513 id_point
250 312 547 366 602 id_point
250 335 569 373 615 marker
250 390 457 440 518 id_point
250 284 459 321 516 marker
251 314 546 368 601 id_point
251 336 578 376 618 marker
251 387 461 436 517 id_point
252 310 541 369 601 id_point
252 335 577 374 620 marker
252 387 459 436 517 id_point
253 276 281 330 337 id_point
253 338 575 377 619 marker
253 390 460 439 519 id_point
253 284 464 321 517 marker
254 278 266 329 322 id_point
254 336 570 376 616 marker
254 385 457 439 513 id_point
255 281 259 332 316 id_point
255 335 570 377 615 marker
255 389 457 440 516 id_point
255 284 459 321 518 marker
256 283 249 340 308 id_point
256 334 570 377 615 marker
256 385 457 440 516 id_point
