0 225 561 279 615 id_point
1 224 559 282 613 id_point
2 225 561 280 615 id_point
3 226 560 281 615 id_point
4 226 558 282 613 id_point
5 227 559 283 614 id_point
6 227 557 283 612 id_point
7 228 556 283 611 id_point
8 229 556 284 609 id_point
9 228 554 283 608 id_point
10 229 557 284 610 id_point
11 227 551 281 606 id_point
12 228 551 283 606 id_point
13 228 550 282 605 id_point
14 228 549 283 602 id_point
15 228 549 283 604 id_point
16 227 548 282 603 id_point
17 226 573 281 628 id_point
18 223 571 276 625 id_point
19 222 570 276 624 id_point
20 220 571 274 625 id_point
21 220 569 273 625 id_point
22 222 567 277 621 id_point
23 227 565 282 619 id_point
24 227 569 281 624 id_point
25 226 571 280 625 id_point
26 226 572 280 627 id_point
27 226 569 280 624 id_point
27 77 411 117 451 marker
28 77 411 117 450 marker
29 77 413 114 450 marker
29 54 364 108 416 id_point
30 59 348 113 401 id_point
30 76 412 115 449 marker
31 59 346 112 400 id_point
31 76 412 115 449 marker
32 58 346 112 400 id_point
32 76 412 114 449 marker
33 57 346 111 399 id_point
33 76 412 113 449 marker
34 57 350 110 403 id_point
34 75 411 113 449 marker
35 56 349 109 401 id_point
35 74 411 112 449 marker
36 57 350 110 404 id_point
36 75 412 112 449 marker
37 57 350 111 404 id_point
38 58 351 111 404 id_point
39 60 350 113 404 id_point
40 62 356 129 410 id_point
41 137 410 176 448 marker
41 110 352 162 405 id_point
42 118 348 171 402 id_point
42 136 411 175 448 marker
43 117 342 171 400 id_point
43 135 409 175 448 marker
44 114 343 168 396 id_point
44 137 410 175 447 marker
45 113 342 167 396 id_point
45 136 411 175 447 marker
46 113 342 166 396 id_point
46 136 410 175 447 marker
47 113 344 167 397 id_point
47 136 410 175 447 marker
48 114 344 166 399 id_point
48 136 410 175 447 marker
49 113 344 166 398 id_point
49 136 410 175 447 marker
50 113 350 165 403 id_point
50 136 410 175 447 marker
51 112 348 165 402 id_point
52 113 353 165 406 id_point
53 114 354 166 408 id_point
54 198 341 250 397 id_point
55 193 343 250 396 id_point
55 199 406 241 445 marker
56 200 408 240 445 marker
56 179 346 230 398 id_point
57 173 345 227 397 id_point
57 201 409 239 444 marker
58 172 344 226 398 id_point
58 200 410 239 445 marker
59 201 409 239 444 marker
59 174 342 225 396 id_point
60 201 410 239 445 marker
60 172 342 226 396 id_point
61 199 409 239 445 marker
61 173 340 226 395 id_point
62 174 344 227 397 id_point
62 200 409 240 445 marker
63 201 409 240 445 marker
63 172 340 227 395 id_point
64 172 343 227 396 id_point
65 173 339 226 395 id_point
66 173 345 226 399 id_point
67 174 343 227 397 id_point
68 266 404 307 445 marker
68 222 340 277 395 id_point
69 266 403 308 445 marker
69 233 339 287 395 id_point
70 265 405 308 444 marker
70 236 342 291 396 id_point
71 267 405 308 444 marker
71 236 342 290 397 id_point
72 267 402 308 445 marker
72 235 339 289 396 id_point
73 266 405 306 444 marker
73 234 338 289 395 id_point
74 266 405 306 444 marker
74 233 338 289 395 id_point
75 268 406 306 446 marker
75 233 337 288 395 id_point
76 267 406 307 444 marker
76 233 336 288 393 id_point
77 267 406 306 444 marker
77 233 336 288 394 id_point
78 232 333 287 391 id_point
80 32 426 85 477 id_point
81 70 472 107 511 marker
81 36 436 90 491 id_point
82 70 473 107 512 marker
82 37 427 97 485 id_point
83 69 474 107 513 marker
83 44 426 98 478 id_point
84 69 471 106 512 marker
84 44 426 99 481 id_point
85 69 472 106 513 marker
85 46 428 98 479 id_point
86 71 473 107 512 marker
86 45 427 99 481 id_point
87 70 474 107 512 marker
87 45 425 99 477 id_point
88 70 474 107 513 marker
88 45 425 99 478 id_point
89 70 471 106 513 marker
89 47 427 99 479 id_point
90 70 473 106 512 marker
90 46 427 99 481 id_point
91 47 428 100 482 id_point
92 47 427 101 477 id_point
93 49 429 102 481 id_point
94 50 430 103 482 id_point
95 132 472 171 511 marker
95 103 423 156 476 id_point
96 132 472 171 511 marker
96 105 425 157 478 id_point
97 131 471 170 511 marker
97 105 422 158 477 id_point
98 132 472 171 511 marker
98 105 422 158 475 id_point
99 103 420 157 476 id_point
99 131 471 171 511 marker
100 130 470 169 511 marker
100 100 415 154 469 id_point
101 129 465 169 507 marker
101 103 414 154 470 id_point
102 128 469 168 508 marker
102 104 416 156 472 id_point
103 104 417 156 474 id_point
103 129 468 168 510 marker
104 102 416 156 470 id_point
105 104 420 157 473 id_point
106 103 421 158 473 id_point
107 133 420 187 476 id_point
108 198 469 236 509 marker
108 159 421 211 479 id_point
109 198 468 237 509 marker
109 167 413 221 475 id_point
110 199 470 236 509 marker
110 166 416 219 474 id_point
111 164 415 218 476 id_point
111 197 469 236 509 marker
112 198 469 236 508 marker
112 161 417 217 474 id_point
113 197 470 237 509 marker
113 162 415 216 472 id_point
114 198 470 237 509 marker
114 164 415 216 473 id_point
115 198 470 237 509 marker
115 164 413 218 471 id_point
116 198 470 236 509 marker
116 164 413 219 471 id_point
117 199 469 236 508 marker
117 163 413 218 470 id_point
118 164 413 218 469 id_point
119 163 414 218 471 id_point
120 164 413 219 469 id_point
121 166 415 219 470 id_point
122 266 467 306 507 marker
122 213 416 270 474 id_point
123 266 466 305 509 marker
123 221 415 279 472 id_point
124 266 466 306 508 marker
124 227 412 281 471 id_point
125 265 467 305 508 marker
125 227 413 279 467 id_point
126 266 467 305 508 marker
126 225 409 280 466 id_point
127 264 466 304 507 marker
127 225 408 280 466 id_point
128 262 468 300 509 marker
128 224 410 279 468 id_point
129 260 467 299 507 marker
129 221 414 277 472 id_point
130 262 467 300 508 marker
130 222 408 276 465 id_point
131 262 467 300 508 marker
131 223 412 277 466 id_point
132 262 466 301 508 marker
132 224 410 278 465 id_point
133 222 411 275 469 id_point
134 222 416 276 473 id_point
135 222 412 275 471 id_point
136 42 501 95 554 id_point
137 38 497 92 558 id_point
137 64 535 101 580 marker
138 63 535 100 578 marker
138 35 495 89 552 id_point
139 63 535 99 578 marker
139 34 497 87 553 id_point
140 63 535 100 578 marker
140 35 496 88 552 id_point
141 63 535 99 578 marker
141 34 497 88 555 id_point
142 63 535 100 578 marker
142 35 498 89 555 id_point
143 64 535 99 578 marker
143 35 497 89 557 id_point
144 63 535 99 578 marker
144 35 499 90 557 id_point
145 64 535 100 579 marker
145 35 500 91 558 id_point
146 63 534 100 578 marker
146 35 496 90 554 id_point
147 35 497 89 552 id_point
148 36 497 89 552 id_point
149 38 498 92 551 id_point
150 69 500 121 553 id_point
151 125 536 166 577 marker
151 72 499 126 553 id_point
152 127 536 165 576 marker
152 94 498 147 553 id_point
153 126 534 165 576 marker
153 93 494 147 549 id_point
154 127 535 164 577 marker
154 92 493 146 549 id_point
155 126 534 164 577 marker
155 91 493 145 548 id_point
156 126 535 165 576 marker
156 90 494 145 548 id_point
157 125 533 164 576 marker
157 92 491 146 545 id_point
158 125 534 164 576 marker
158 92 493 145 549 id_point
159 126 534 164 576 marker
159 93 493 147 549 id_point
160 127 535 165 576 marker
160 92 494 146 550 id_point
161 92 495 146 547 id_point
162 92 493 147 546 id_point
163 102 499 155 553 id_point
164 194 533 233 577 marker
164 143 493 201 550 id_point
165 192 534 233 576 marker
165 149 490 206 549 id_point
166 192 532 233 577 marker
166 150 491 207 549 id_point
167 192 532 233 576 marker
167 153 490 207 548 id_point
168 191 533 233 576 marker
168 154 490 208 548 id_point
169 156 491 210 547 id_point
169 192 531 233 576 marker
170 154 490 208 546 id_point
170 191 533 233 576 marker
171 192 533 232 576 marker
171 154 495 207 553 id_point
172 154 494 207 552 id_point
172 191 533 232 576 marker
173 191 533 232 577 marker
173 151 490 207 549 id_point
174 191 533 232 576 marker
174 152 491 206 548 id_point
175 151 495 208 550 id_point
176 152 494 207 550 id_point
177 152 495 210 550 id_point
179 263 533 303 575 marker
179 212 491 266 547 id_point
180 263 534 302 575 marker
180 214 492 267 547 id_point
181 263 533 303 575 marker
181 220 492 274 549 id_point
182 264 532 303 576 marker
182 222 490 274 545 id_point
183 263 533 301 575 marker
183 220 488 274 543 id_point
184 263 532 302 576 marker
184 220 490 274 545 id_point
185 263 533 303 575 marker
185 220 491 273 548 id_point
186 263 534 302 575 marker
186 219 490 273 546 id_point
187 264 533 302 576 marker
187 220 492 273 548 id_point
188 263 533 301 576 marker
188 220 491 274 547 id_point
189 263 533 301 575 marker
189 221 491 275 548 id_point
190 221 493 276 547 id_point
191 221 488 275 545 id_point
193 27 560 79 614 id_point
194 27 563 80 614 id_point
194 61 603 99 647 marker
195 64 604 101 646 marker
195 32 573 86 626 id_point
196 65 604 100 646 marker
196 34 576 88 628 id_point
197 34 576 88 630 id_point
197 64 604 101 647 marker
198 63 603 100 646 marker
198 34 576 89 630 id_point
199 63 604 100 646 marker
199 33 575 87 629 id_point
200 34 577 88 631 id_point
200 65 604 100 647 marker
201 35 576 89 632 id_point
201 65 604 101 647 marker
202 35 577 90 632 id_point
202 65 605 101 647 marker
203 34 576 90 630 id_point
204 34 576 88 630 id_point
205 46 577 100 630 id_point
206 50 577 102 631 id_point
207 104 578 161 641 id_point
207 121 604 166 647 marker
208 92 574 148 629 id_point
208 128 603 165 645 marker
209 126 603 165 644 marker
209 89 574 145 629 id_point
210 127 604 164 645 marker
210 89 574 143 627 id_point
211 128 604 164 644 marker
211 88 575 143 627 id_point
212 127 604 164 644 marker
212 88 575 142 627 id_point
213 126 603 164 644 marker
213 88 573 143 627 id_point
214 127 604 165 646 marker
214 88 573 142 625 id_point
215 127 604 165 644 marker
215 89 574 143 627 id_point
216 128 603 165 645 marker
216 92 575 148 630 id_point
217 91 575 144 627 id_point
218 94 572 146 626 id_point
219 93 573 145 628 id_point
220 193 603 233 645 marker
220 140 573 196 627 id_point
221 160 572 214 630 id_point
221 194 602 234 645 marker
222 194 603 234 646 marker
222 154 573 210 629 id_point
223 153 572 208 628 id_point
223 192 603 234 646 marker
224 193 603 235 646 marker
224 152 573 208 630 id_point
225 154 572 211 630 id_point
225 193 603 234 645 marker
226 153 570 208 626 id_point
226 193 603 234 646 marker
227 153 572 209 628 id_point
227 192 603 234 646 marker
228 193 602 235 646 marker
228 152 571 207 626 id_point
229 192 602 234 646 marker
229 152 571 207 626 id_point
230 153 574 204 628 id_point
231 150 573 202 626 id_point
232 152 574 205 628 id_point
233 178 572 222 617 marker
234 260 602 300 644 marker
234 203 569 256 621 id_point
235 261 603 301 644 marker
235 212 573 265 626 id_point
236 262 604 301 646 marker
236 215 570 269 624 id_point
237 264 603 303 644 marker
237 216 569 270 622 id_point
238 262 604 302 646 marker
238 216 567 270 622 id_point
239 214 568 268 622 id_point
239 263 603 303 645 marker
240 262 604 303 646 marker
240 214 569 269 623 id_point
241 262 603 302 645 marker
241 214 567 268 620 id_point
242 261 603 301 645 marker
242 213 566 267 619 id_point
243 214 565 267 618 id_point
243 261 603 302 645 marker
244 262 602 302 644 marker
244 213 566 267 621 id_point
245 212 569 268 623 id_point
246 214 574 267 625 id_point
247 190 577 245 633 id_point
248 200 569 253 623 id_point
249 204 565 257 619 id_point
249 115 548 153 593 marker
249 82 350 110 377 marker
249 173 433 227 491 id_point
250 128 447 187 503 id_point
250 114 552 155 597 marker
250 83 351 109 378 marker
251 112 552 153 598 marker
251 165 433 227 491 id_point
252 78 213 131 268 id_point
252 79 351 109 379 marker
252 109 552 151 597 marker
