0 238 643 290 697 id_point
1 243 640 296 692 id_point
2 243 678 295 728 id_point
3 243 677 297 728 id_point
4 241 677 295 731 id_point
5 232 698 286 752 id_point
6 233 699 288 753 id_point
7 232 699 287 752 id_point
8 173 595 236 656 id_point
9 183 602 238 655 id_point
10 183 602 236 656 id_point
11 182 604 235 658 id_point
12 185 600 238 654 id_point
13 186 604 238 656 id_point
14 185 604 238 657 id_point
15 186 604 238 658 id_point
16 185 602 242 656 id_point
17 186 605 240 656 id_point
18 186 603 239 657 id_point
19 184 603 240 653 id_point
20 187 600 239 656 id_point
21 187 603 241 656 id_point
22 188 605 242 659 id_point
23 190 606 243 660 id_point
23 234 660 271 700 marker
24 190 599 244 658 id_point
24 234 659 271 701 marker
25 189 604 243 658 id_point
25 235 660 273 700 marker
26 189 605 243 658 id_point
26 235 660 272 700 marker
27 190 602 243 656 id_point
27 234 659 271 700 marker
28 234 660 273 700 marker
28 190 601 244 656 id_point
29 190 604 243 657 id_point
29 236 659 272 699 marker
30 190 604 243 657 id_point
30 235 659 273 700 marker
31 187 603 240 656 id_point
31 236 659 272 699 marker
32 188 603 243 659 id_point
32 235 659 272 700 marker
33 189 604 242 659 id_point
33 235 659 273 700 marker
34 188 603 246 657 id_point
35 194 605 252 659 id_point
36 196 604 252 657 id_point
37 195 604 251 659 id_point
37 333 659 373 699 marker
38 321 601 375 660 id_point
38 333 659 371 701 marker
39 332 659 372 700 marker
39 315 604 369 661 id_point
40 332 659 372 700 marker
40 312 601 369 660 id_point
41 332 658 372 699 marker
41 312 601 366 659 id_point
42 333 657 371 699 marker
42 311 598 364 658 id_point
43 332 658 372 700 marker
43 309 599 364 658 id_point
44 332 658 372 700 marker
44 310 599 365 658 id_point
45 332 658 371 701 marker
45 311 603 364 662 id_point
46 332 659 372 700 marker
46 310 601 366 660 id_point
47 311 598 364 655 id_point
48 311 599 364 654 id_point
49 322 595 373 650 id_point
51 430 655 467 695 marker
51 435 599 490 656 id_point
52 430 654 466 695 marker
52 433 598 488 654 id_point
53 430 654 466 695 marker
53 430 599 485 654 id_point
54 430 654 466 694 marker
54 429 598 485 653 id_point
55 429 655 466 694 marker
55 428 598 483 653 id_point
56 429 655 465 695 marker
56 427 599 482 654 id_point
57 429 655 465 695 marker
57 428 602 484 657 id_point
58 429 655 466 696 marker
58 428 602 484 657 id_point
59 430 654 466 695 marker
59 429 602 484 657 id_point
60 430 655 466 695 marker
60 429 599 483 655 id_point
61 430 599 484 655 id_point
62 403 616 452 674 id_point
63 402 616 451 669 id_point
64 183 733 237 789 id_point
65 237 761 276 800 marker
65 185 741 242 797 id_point
66 238 761 276 801 marker
66 189 752 245 806 id_point
67 239 761 276 800 marker
67 189 752 245 806 id_point
68 235 764 276 801 marker
68 130 785 186 841 id_point
69 236 763 276 801 marker
69 134 784 188 838 id_point
70 235 764 275 800 marker
70 132 781 187 837 id_point
71 235 764 275 800 marker
71 133 780 187 836 id_point
72 235 763 275 800 marker
72 132 786 186 839 id_point
73 235 764 275 801 marker
73 133 781 187 835 id_point
74 235 764 276 801 marker
74 134 780 189 835 id_point
75 135 776 189 831 id_point
76 163 782 218 842 id_point
77 298 802 354 857 id_point
78 336 758 374 796 marker
78 299 775 355 831 id_point
79 336 758 375 797 marker
79 297 781 353 836 id_point
80 336 758 375 796 marker
80 298 783 355 839 id_point
81 335 757 375 796 marker
81 299 781 353 837 id_point
82 336 759 375 797 marker
82 300 783 356 839 id_point
83 336 759 375 797 marker
83 296 782 349 835 id_point
84 335 758 375 796 marker
84 297 779 353 835 id_point
85 336 758 375 796 marker
85 298 778 354 834 id_point
86 336 757 375 795 marker
86 297 778 353 832 id_point
87 298 778 355 832 id_point
88 300 776 356 829 id_point
89 302 775 357 829 id_point
90 433 782 483 830 id_point
91 433 754 470 790 marker
91 465 784 519 836 id_point
92 432 753 470 790 marker
92 464 781 520 838 id_point
93 450 764 509 823 id_point
93 433 753 468 790 marker
94 452 771 506 823 id_point
94 433 753 469 790 marker
95 452 770 509 821 id_point
95 434 753 467 788 marker
96 454 771 510 823 id_point
96 433 753 469 787 marker
97 450 760 508 820 id_point
98 452 767 508 821 id_point
98 433 753 467 788 marker
99 445 759 505 818 id_point
100 451 766 505 819 id_point
101 358 785 410 825 marker
102 191 794 245 850 id_point
103 243 857 281 892 marker
103 163 904 218 962 id_point
104 243 857 281 893 marker
104 155 929 212 986 id_point
105 243 857 282 892 marker
106 242 857 281 893 marker
106 152 938 208 993 id_point
107 242 857 281 893 marker
108 243 858 282 893 marker
108 153 932 211 991 id_point
109 242 858 281 893 marker
109 148 927 206 984 id_point
110 242 857 281 894 marker
110 159 932 216 989 id_point
111 243 857 281 893 marker
111 162 931 220 987 id_point
112 243 857 282 894 marker
112 172 912 229 970 id_point
113 172 912 229 970 id_point
114 172 909 228 967 id_point
116 420 926 473 978 id_point
117 338 853 378 891 marker
117 423 930 476 983 id_point
118 338 853 379 891 marker
118 307 924 361 978 id_point
119 338 849 378 887 marker
119 313 926 365 976 id_point
120 340 852 380 891 marker
120 314 936 369 989 id_point
121 340 857 380 897 marker
121 319 945 373 998 id_point
122 342 862 381 901 marker
122 322 965 377 1020 id_point
123 344 846 383 884 marker
123 327 929 380 982 id_point
124 340 847 380 884 marker
124 322 917 378 970 id_point
125 342 840 382 878 marker
125 327 912 381 965 id_point
126 319 901 373 954 id_point
127 320 898 376 953 id_point
128 323 905 378 959 id_point
129 325 908 379 962 id_point
130 463 922 516 976 id_point
131 436 834 476 873 marker
131 469 935 520 988 id_point
132 436 835 475 874 marker
132 484 951 537 1001 id_point
133 436 837 475 877 marker
133 486 954 538 1002 id_point
134 436 838 475 877 marker
134 483 962 538 1013 id_point
135 435 836 475 876 marker
135 484 955 536 1004 id_point
136 435 837 474 877 marker
136 482 951 535 999 id_point
137 434 840 473 878 marker
137 481 951 531 1000 id_point
138 435 840 474 878 marker
138 482 956 534 1002 id_point
139 436 839 475 878 marker
139 479 951 530 998 id_point
140 479 950 532 997 id_point
141 479 952 530 998 id_point
142 476 956 529 1005 id_point
143 226 877 283 931 id_point
144 212 877 268 932 id_point
144 302 865 333 905 marker
144 345 940 375 971 marker
144 386 863 428 902 id_point
145 212 877 266 933 id_point
145 304 865 333 904 marker
145 347 940 372 971 marker
146 250 725 306 779 id_point
146 302 866 334 905 marker
146 345 939 373 970 marker
147 239 689 289 740 id_point
147 302 865 333 905 marker
147 345 937 374 970 marker
148 210 685 267 741 id_point
148 345 938 373 970 marker
148 302 863 333 904 marker
149 231 665 282 719 id_point
149 345 938 375 971 marker
149 303 864 333 905 marker
150 232 664 283 717 id_point
150 303 863 334 904 marker
150 345 937 374 969 marker
151 224 639 276 695 id_point
151 303 863 334 904 marker
151 347 936 375 969 marker
152 223 637 276 692 id_point
152 302 863 334 904 marker
152 346 936 374 969 marker
153 199 568 256 622 id_point
153 301 864 333 905 marker
153 345 936 373 969 marker
154 226 751 280 803 id_point
154 302 861 333 904 marker
154 345 938 373 970 marker
155 232 775 290 830 id_point
155 344 938 373 971 marker
155 301 864 332 905 marker
156 233 785 288 840 id_point
156 299 866 331 905 marker
156 341 940 370 972 marker
157 239 677 293 729 id_point
157 340 938 372 970 marker
157 298 863 329 905 marker
157 383 860 426 899 id_point
