0 552 589 610 647 id_point
1 506 591 561 648 id_point
2 562 587 618 638 id_point
3 561 587 616 640 id_point
4 501 596 555 647 id_point
5 220 599 275 649 id_point
7 138 264 192 320 id_point
8 125 278 179 333 id_point
9 216 573 266 620 id_point
10 256 609 311 664 id_point
11 248 601 309 656 id_point
13 242 595 297 648 id_point
14 248 598 305 652 id_point
15 246 602 302 654 id_point
16 246 598 302 651 id_point
17 248 599 303 650 id_point
18 245 598 301 649 id_point
19 247 598 301 649 id_point
20 249 600 305 652 id_point
21 247 598 302 650 id_point
22 248 595 302 649 id_point
23 69 417 106 454 marker
23 249 579 302 630 id_point
24 70 418 107 456 marker
25 72 417 110 454 marker
25 81 364 134 417 id_point
26 72 416 110 455 marker
26 83 358 137 411 id_point
27 71 418 110 455 marker
27 82 361 135 413 id_point
28 72 417 109 454 marker
28 81 361 135 412 id_point
29 71 417 109 455 marker
29 82 362 135 413 id_point
30 72 417 110 454 marker
30 80 361 135 413 id_point
31 72 417 110 455 marker
31 82 362 136 417 id_point
32 71 419 110 455 marker
32 82 364 135 417 id_point
33 82 364 135 417 id_point
34 85 365 139 416 id_point
35 96 363 153 415 id_point
36 262 413 303 451 marker
36 165 371 218 425 id_point
37 263 411 302 452 marker
37 263 362 314 414 id_point
38 263 411 301 451 marker
38 260 357 314 409 id_point
39 263 412 301 452 marker
39 257 355 313 408 id_point
40 262 412 302 452 marker
40 254 354 307 406 id_point
41 262 413 302 452 marker
41 255 353 307 406 id_point
42 262 413 302 452 marker
42 256 353 310 406 id_point
43 262 412 302 452 marker
43 254 353 308 406 id_point
44 262 412 301 452 marker
44 253 353 306 407 id_point
45 252 355 309 405 id_point
46 255 354 312 408 id_point
47 256 354 311 410 id_point
49 69 611 104 651 marker
49 76 460 119 506 id_point
50 61 579 113 633 id_point
51 57 592 110 646 id_point
51 67 605 108 647 marker
52 56 592 108 648 id_point
53 55 593 108 648 id_point
54 56 594 108 650 id_point
54 68 605 105 647 marker
55 56 594 109 650 id_point
55 69 607 106 647 marker
56 56 594 109 647 id_point
56 67 606 106 647 marker
57 57 591 111 647 id_point
57 70 606 107 646 marker
58 57 594 111 645 id_point
59 53 595 111 646 id_point
60 74 590 125 641 id_point
61 74 589 127 641 id_point
62 266 607 304 648 marker
62 208 588 260 639 id_point
63 263 601 305 646 marker
64 263 601 302 648 marker
64 243 590 298 643 id_point
65 264 607 302 648 marker
65 242 591 296 643 id_point
66 266 609 303 648 marker
66 241 595 293 644 id_point
67 267 609 303 649 marker
67 242 594 293 644 id_point
68 266 609 303 649 marker
68 240 594 292 645 id_point
69 265 610 305 651 marker
69 240 598 294 646 id_point
70 243 593 298 644 id_point
70 266 608 303 647 marker
