0 216 625 265 674 id_point
2 283 295 336 350 id_point
3 280 293 333 348 id_point
4 271 311 323 365 id_point
5 269 310 321 364 id_point
6 242 248 296 302 id_point
7 243 244 297 300 id_point
8 263 299 319 355 id_point
9 266 298 318 353 id_point
10 272 298 324 351 id_point
11 274 305 326 357 id_point
12 270 314 323 370 id_point
13 211 584 261 636 id_point
14 210 617 260 670 id_point
15 208 624 258 674 id_point
16 208 619 258 671 id_point
17 208 620 259 671 id_point
18 208 617 258 670 id_point
19 211 618 260 670 id_point
20 214 619 261 670 id_point
21 215 621 262 670 id_point
22 214 613 263 666 id_point
23 213 612 262 665 id_point
24 215 599 263 650 id_point
25 214 601 263 653 id_point
26 214 607 263 660 id_point
27 212 604 261 655 id_point
28 197 427 233 461 marker
28 213 603 262 654 id_point
29 198 428 234 463 marker
29 215 604 264 656 id_point
30 218 377 273 430 id_point
30 193 427 235 465 marker
31 192 428 234 466 marker
31 219 374 273 429 id_point
32 192 427 232 466 marker
32 220 372 271 424 id_point
33 191 429 233 466 marker
33 219 372 272 424 id_point
34 219 372 272 425 id_point
34 192 429 231 466 marker
35 220 371 272 423 id_point
35 193 428 233 466 marker
36 218 371 271 423 id_point
36 193 428 235 467 marker
37 220 371 271 423 id_point
38 218 373 271 425 id_point
39 218 374 272 426 id_point
40 220 373 272 425 id_point
41 387 435 426 472 marker
41 349 374 404 425 id_point
42 387 433 424 471 marker
42 393 378 447 430 id_point
43 385 434 424 470 marker
43 399 379 454 431 id_point
44 400 375 454 428 id_point
44 386 432 425 470 marker
45 400 376 452 429 id_point
45 387 432 425 470 marker
46 399 377 455 429 id_point
46 387 433 426 470 marker
47 403 375 450 428 id_point
47 387 431 425 469 marker
48 386 432 425 471 marker
48 399 378 453 429 id_point
49 400 377 453 429 id_point
49 386 432 426 469 marker
50 400 378 454 430 id_point
50 387 432 426 469 marker
51 401 377 455 429 id_point
52 396 380 451 432 id_point
53 308 417 356 463 id_point
54 222 481 276 535 id_point
54 199 628 234 666 marker
55 209 603 262 658 id_point
56 206 607 260 659 id_point
57 205 605 256 660 id_point
58 206 606 256 658 id_point
59 205 605 256 658 id_point
60 208 606 261 658 id_point
61 207 606 262 658 id_point
62 206 606 259 659 id_point
63 211 604 260 654 id_point
64 212 604 260 655 id_point
65 211 604 260 655 id_point
66 214 603 262 655 id_point
67 395 620 432 661 marker
67 338 581 393 636 id_point
68 385 603 450 656 id_point
69 394 600 453 658 id_point
70 395 603 451 657 id_point
71 394 601 448 659 id_point
72 395 601 450 656 id_point
73 395 599 446 654 id_point
74 395 600 451 657 id_point
75 396 599 448 654 id_point
76 393 601 449 651 id_point
77 393 597 451 650 id_point
78 231 611 291 663 id_point
79 226 610 280 665 id_point
80 197 635 249 688 id_point
80 338 495 382 536 id_point
81 198 631 250 684 id_point
81 336 493 382 535 id_point
82 235 289 284 339 id_point
82 339 493 385 537 id_point
82 253 490 287 537 marker
