0 70 212 122 270 id_point
1 235 595 293 652 id_point
4 262 623 319 681 id_point
9 270 628 329 683 id_point
11 240 626 297 684 id_point
12 242 623 298 684 id_point
13 241 621 296 677 id_point
14 239 611 295 668 id_point
15 234 618 290 673 id_point
16 240 616 296 671 id_point
17 242 614 298 670 id_point
18 244 611 298 667 id_point
19 243 615 299 672 id_point
20 241 616 296 673 id_point
21 240 615 297 671 id_point
22 244 613 300 673 id_point
23 241 615 299 671 id_point
24 243 615 300 671 id_point
25 244 612 299 668 id_point
26 244 615 301 674 id_point
27 244 618 299 676 id_point
28 103 422 143 463 marker
28 243 619 300 676 id_point
29 104 422 143 460 marker
29 64 367 120 423 id_point
30 63 368 119 422 id_point
30 103 422 143 460 marker
31 104 422 143 460 marker
31 63 371 119 426 id_point
32 64 371 121 426 id_point
32 104 422 143 460 marker
33 104 423 143 460 marker
33 63 372 120 427 id_point
34 104 422 143 460 marker
34 63 373 121 428 id_point
35 63 371 119 426 id_point
35 104 422 143 460 marker
36 105 422 143 459 marker
36 64 372 121 426 id_point
37 66 373 119 431 id_point
38 69 375 122 434 id_point
39 98 387 155 443 id_point
40 106 373 182 442 id_point
41 167 420 209 459 marker
41 126 372 184 427 id_point
42 167 420 209 460 marker
42 130 374 184 429 id_point
43 167 420 209 460 marker
43 133 375 186 432 id_point
44 168 419 209 459 marker
44 130 376 186 431 id_point
45 168 420 210 459 marker
45 126 373 184 428 id_point
46 168 420 210 460 marker
46 128 375 185 432 id_point
47 167 420 209 458 marker
47 129 376 183 431 id_point
48 167 419 210 459 marker
48 128 373 185 428 id_point
49 168 419 210 459 marker
49 128 373 184 428 id_point
50 128 375 183 429 id_point
50 171 418 209 457 marker
51 130 375 183 430 id_point
52 129 375 183 429 id_point
53 133 378 186 432 id_point
54 235 417 276 457 marker
54 200 378 252 436 id_point
55 235 417 276 456 marker
55 196 373 251 430 id_point
56 235 418 276 457 marker
56 194 373 250 427 id_point
57 234 418 276 457 marker
57 194 372 249 429 id_point
58 234 417 277 458 marker
58 194 370 250 426 id_point
59 234 416 277 457 marker
59 195 370 251 425 id_point
60 234 416 277 458 marker
60 196 372 251 426 id_point
61 235 417 278 458 marker
61 193 373 251 428 id_point
62 235 416 277 457 marker
62 191 371 248 426 id_point
63 234 416 277 458 marker
63 193 369 247 424 id_point
64 193 368 249 423 id_point
65 194 368 250 423 id_point
66 195 375 251 430 id_point
67 237 379 293 435 id_point
68 302 418 342 456 marker
68 244 377 300 433 id_point
69 303 417 343 457 marker
69 261 373 317 431 id_point
70 302 417 343 457 marker
70 265 376 317 433 id_point
71 302 417 344 457 marker
71 258 373 315 430 id_point
72 303 417 343 457 marker
72 258 372 314 429 id_point
73 304 417 345 458 marker
73 257 375 314 432 id_point
74 306 417 348 457 marker
74 259 373 315 431 id_point
75 305 417 347 458 marker
75 259 373 316 433 id_point
76 305 417 346 458 marker
76 259 374 316 432 id_point
77 261 375 316 428 id_point
78 260 375 317 431 id_point
79 262 375 319 432 id_point
80 330 376 383 431 id_point
81 370 420 413 460 marker
81 330 378 384 434 id_point
82 371 420 412 461 marker
82 326 376 382 434 id_point
83 372 420 413 460 marker
83 324 375 380 432 id_point
84 372 420 413 460 marker
84 326 374 382 430 id_point
85 372 420 413 460 marker
85 330 375 383 432 id_point
86 373 420 413 459 marker
86 331 374 384 430 id_point
87 372 419 414 460 marker
87 331 377 385 433 id_point
88 372 421 413 461 marker
88 331 378 385 434 id_point
89 372 420 413 460 marker
89 330 375 383 433 id_point
90 330 376 383 432 id_point
91 330 375 384 431 id_point
92 333 381 386 435 id_point
93 335 380 389 435 id_point
94 377 382 431 437 id_point
95 436 423 476 462 marker
95 385 381 438 435 id_point
96 435 423 476 462 marker
96 394 377 445 433 id_point
97 436 423 477 463 marker
97 393 381 446 436 id_point
98 436 423 476 462 marker
98 392 380 443 435 id_point
99 436 423 478 463 marker
99 394 380 445 435 id_point
100 436 423 477 462 marker
100 394 381 445 436 id_point
101 437 423 477 463 marker
101 393 381 445 436 id_point
102 436 424 478 463 marker
102 393 380 445 435 id_point
103 436 423 477 463 marker
103 391 382 442 437 id_point
104 437 422 477 462 marker
104 392 383 445 440 id_point
105 393 383 445 438 id_point
106 391 383 445 438 id_point
107 394 383 446 437 id_point
108 410 381 463 434 id_point
109 498 425 535 463 marker
110 498 426 536 464 marker
110 452 384 505 440 id_point
111 499 426 536 464 marker
111 453 385 505 440 id_point
112 499 426 537 465 marker
112 454 383 507 440 id_point
113 499 427 537 465 marker
113 456 385 506 440 id_point
114 499 426 536 465 marker
114 454 385 506 440 id_point
115 500 427 537 465 marker
115 454 386 507 442 id_point
116 500 426 537 464 marker
116 456 387 505 442 id_point
117 499 426 537 465 marker
117 457 384 508 440 id_point
118 500 426 537 464 marker
118 455 386 507 441 id_point
119 453 387 506 441 id_point
120 452 388 508 442 id_point
122 64 475 118 530 id_point
123 105 484 145 524 marker
123 40 479 96 533 id_point
124 106 485 145 524 marker
124 54 454 108 507 id_point
125 106 486 146 524 marker
125 52 456 108 509 id_point
126 106 486 145 524 marker
126 52 454 106 508 id_point
127 54 455 108 509 id_point
127 107 485 146 524 marker
128 107 485 146 524 marker
128 54 456 112 511 id_point
129 106 485 146 524 marker
129 56 459 112 511 id_point
130 107 485 146 524 marker
130 54 460 112 513 id_point
131 106 485 146 524 marker
131 54 461 110 516 id_point
132 54 459 110 513 id_point
133 55 457 112 514 id_point
134 61 461 117 515 id_point
135 66 465 122 522 id_point
136 173 482 212 522 marker
136 124 456 182 513 id_point
137 172 482 213 523 marker
137 119 454 177 510 id_point
138 172 483 213 523 marker
138 118 453 176 507 id_point
139 172 483 213 524 marker
139 117 454 174 510 id_point
140 172 483 213 524 marker
140 117 450 172 507 id_point
141 172 483 213 524 marker
141 118 450 173 507 id_point
142 172 483 213 523 marker
142 115 454 172 510 id_point
143 172 483 213 524 marker
143 117 450 171 506 id_point
144 172 483 213 523 marker
144 114 455 173 510 id_point
145 119 456 172 514 id_point
146 118 452 175 509 id_point
147 118 455 175 510 id_point
148 160 447 216 500 id_point
149 163 446 219 500 id_point
150 239 482 281 523 marker
150 190 452 244 504 id_point
151 239 482 281 523 marker
151 188 451 246 506 id_point
152 239 483 281 523 marker
152 189 450 243 503 id_point
153 239 483 281 523 marker
153 189 448 242 501 id_point
154 239 483 281 523 marker
154 186 445 244 500 id_point
155 238 482 281 523 marker
155 188 449 246 504 id_point
156 240 482 281 522 marker
156 188 451 246 506 id_point
157 239 482 281 523 marker
157 188 448 244 503 id_point
158 239 482 281 523 marker
158 189 450 243 506 id_point
159 190 449 245 504 id_point
160 189 450 243 506 id_point
161 225 446 281 502 id_point
162 288 454 345 510 id_point
163 307 483 347 523 marker
163 287 457 348 517 id_point
164 308 483 350 524 marker
164 265 449 323 507 id_point
165 307 484 350 525 marker
165 256 450 312 506 id_point
166 306 484 349 525 marker
166 254 451 311 507 id_point
167 308 483 350 525 marker
167 257 447 310 503 id_point
168 308 483 350 525 marker
168 252 449 310 504 id_point
169 307 483 351 525 marker
169 251 448 309 503 id_point
170 251 449 308 504 id_point
170 308 483 351 525 marker
171 251 449 307 505 id_point
171 308 483 351 525 marker
172 252 448 309 504 id_point
172 307 483 351 525 marker
173 251 449 307 506 id_point
174 269 451 326 505 id_point
175 271 451 327 507 id_point
176 309 450 364 507 id_point
177 376 485 416 525 marker
177 317 450 372 506 id_point
178 376 484 416 524 marker
178 326 448 381 504 id_point
179 375 485 416 525 marker
179 327 452 381 509 id_point
180 375 484 417 525 marker
180 327 450 380 507 id_point
181 375 484 417 525 marker
181 327 450 382 505 id_point
182 375 483 416 524 marker
182 320 450 376 506 id_point
183 377 484 416 525 marker
183 329 453 385 508 id_point
184 377 484 417 524 marker
184 333 453 386 509 id_point
185 377 484 417 524 marker
185 333 452 387 506 id_point
186 332 453 386 508 id_point
187 331 453 387 508 id_point
188 346 452 400 509 id_point
189 416 462 470 516 id_point
190 441 485 479 526 marker
190 416 461 470 517 id_point
191 443 486 481 528 marker
191 409 461 462 518 id_point
192 443 485 480 526 marker
192 405 460 458 516 id_point
193 444 485 480 526 marker
193 408 459 462 516 id_point
194 443 486 480 527 marker
194 407 459 460 517 id_point
195 443 486 481 527 marker
195 406 461 459 517 id_point
196 443 485 480 526 marker
196 406 458 460 515 id_point
197 443 486 480 527 marker
197 406 457 461 517 id_point
198 443 485 481 526 marker
198 407 458 459 515 id_point
199 405 460 457 514 id_point
200 408 457 461 508 id_point
201 413 456 465 509 id_point
202 460 459 514 512 id_point
203 505 487 542 528 marker
203 468 463 521 514 id_point
204 506 488 542 527 marker
204 472 462 523 518 id_point
205 504 488 541 529 marker
205 478 462 529 515 id_point
206 505 489 543 529 marker
206 477 462 532 520 id_point
207 504 486 543 528 marker
207 478 460 529 516 id_point
208 505 488 543 528 marker
208 478 461 531 518 id_point
209 503 487 541 528 marker
210 503 487 541 527 marker
210 452 425 506 480 id_point
211 503 487 542 527 marker
211 453 424 506 480 id_point
212 503 487 542 527 marker
212 452 426 506 481 id_point
213 453 429 507 482 id_point
214 453 426 507 481 id_point
215 453 429 505 483 id_point
216 95 509 156 569 id_point
217 104 550 145 591 marker
217 73 516 127 572 id_point
218 104 551 144 591 marker
218 75 494 131 549 id_point
219 103 552 144 592 marker
219 72 496 129 553 id_point
220 104 551 145 592 marker
220 75 496 129 554 id_point
221 103 551 144 592 marker
221 75 501 130 556 id_point
222 104 551 143 594 marker
222 77 503 130 556 id_point
223 103 550 144 592 marker
223 76 502 131 556 id_point
224 104 551 144 593 marker
224 76 502 130 555 id_point
225 104 551 143 593 marker
225 78 503 131 559 id_point
226 104 550 143 592 marker
226 77 502 131 557 id_point
227 76 502 132 558 id_point
228 78 503 134 558 id_point
229 78 504 134 558 id_point
230 81 506 137 559 id_point
231 143 500 200 556 id_point
232 170 549 211 593 marker
232 150 504 202 561 id_point
233 170 549 211 593 marker
233 143 507 196 561 id_point
234 170 549 212 593 marker
234 143 504 191 550 id_point
235 170 550 212 592 marker
235 78 489 134 545 id_point
236 170 550 211 593 marker
236 78 490 134 546 id_point
237 171 550 212 592 marker
237 78 490 135 546 id_point
238 170 549 212 592 marker
238 77 488 132 544 id_point
239 170 549 211 592 marker
239 77 488 133 544 id_point
240 170 549 212 593 marker
240 79 487 135 544 id_point
241 78 488 135 544 id_point
241 170 549 212 593 marker
242 77 487 133 543 id_point
242 170 549 211 592 marker
243 77 488 133 541 id_point
244 78 489 134 543 id_point
245 77 488 134 542 id_point
246 76 486 132 540 id_point
247 238 549 281 592 marker
247 142 489 195 544 id_point
248 238 548 281 592 marker
248 132 595 187 650 id_point
249 237 548 281 593 marker
249 133 597 177 644 id_point
250 238 550 280 593 marker
250 152 545 207 600 id_point
251 237 549 280 592 marker
251 151 542 208 598 id_point
252 238 550 280 593 marker
252 153 543 208 599 id_point
253 237 549 280 592 marker
253 150 541 204 598 id_point
254 238 549 280 591 marker
254 148 538 204 595 id_point
255 238 549 281 592 marker
255 148 541 205 598 id_point
256 238 549 279 593 marker
256 147 541 203 599 id_point
257 238 549 280 592 marker
257 148 540 204 596 id_point
258 149 541 207 597 id_point
259 127 589 182 643 id_point
260 86 540 140 595 id_point
262 306 549 349 591 marker
262 217 549 275 608 id_point
263 306 549 349 591 marker
263 195 554 250 608 id_point
264 306 549 348 591 marker
264 184 556 239 612 id_point
265 305 549 347 592 marker
265 179 554 233 610 id_point
266 305 550 347 592 marker
266 175 555 230 612 id_point
267 305 550 346 593 marker
267 175 559 231 614 id_point
268 305 550 346 593 marker
268 177 556 233 613 id_point
269 304 550 347 592 marker
269 177 555 235 609 id_point
270 304 550 347 593 marker
270 178 553 234 612 id_point
271 305 550 345 592 marker
271 188 556 228 602 id_point
272 179 553 236 607 id_point
273 184 547 241 602 id_point
274 232 527 289 583 id_point
275 234 529 289 583 id_point
276 293 529 348 583 id_point
277 374 549 416 591 marker
277 334 542 388 593 id_point
278 375 549 416 591 marker
278 330 543 387 595 id_point
279 375 549 415 592 marker
279 328 543 383 596 id_point
280 375 549 415 591 marker
280 328 543 385 597 id_point
281 375 549 415 591 marker
281 330 543 386 596 id_point
282 375 549 415 591 marker
282 331 540 387 593 id_point
283 374 548 415 591 marker
283 332 542 385 596 id_point
284 374 549 415 591 marker
284 330 543 385 596 id_point
285 376 551 416 590 marker
285 335 543 394 595 id_point
286 338 545 393 599 id_point
287 337 545 391 599 id_point
288 335 542 390 598 id_point
289 445 535 484 581 id_point
290 439 549 479 592 marker
290 408 550 463 603 id_point
291 427 548 481 604 id_point
292 426 550 481 604 id_point
293 427 547 482 601 id_point
294 427 550 483 605 id_point
295 429 550 484 601 id_point
296 430 548 484 600 id_point
297 430 548 483 599 id_point
298 425 545 480 598 id_point
299 427 545 480 600 id_point
300 425 546 480 599 id_point
301 425 543 480 599 id_point
302 426 542 481 598 id_point
303 428 544 483 599 id_point
304 481 557 535 611 id_point
305 483 553 537 609 id_point
306 514 553 571 606 id_point
307 516 548 571 601 id_point
308 518 552 574 607 id_point
309 518 553 574 607 id_point
310 516 554 572 605 id_point
311 516 553 569 606 id_point
312 514 552 571 605 id_point
313 505 552 559 606 id_point
314 504 550 559 604 id_point
315 507 551 561 606 id_point
319 100 617 140 659 marker
320 100 617 140 660 marker
321 100 618 139 661 marker
322 100 618 140 660 marker
322 0 637 23 688 id_point
323 100 618 140 660 marker
323 0 635 25 694 id_point
324 100 619 140 661 marker
324 0 637 26 689 id_point
325 100 618 140 661 marker
325 0 635 27 690 id_point
326 100 617 140 659 marker
327 100 616 140 659 marker
327 0 639 34 694 id_point
328 99 617 140 659 marker
328 0 639 36 692 id_point
329 0 632 33 685 id_point
330 0 633 32 684 id_point
331 0 631 37 683 id_point
332 0 632 47 681 id_point
333 167 614 208 657 marker
333 52 637 106 691 id_point
334 166 615 208 658 marker
334 60 637 113 690 id_point
335 167 615 208 659 marker
335 56 637 109 692 id_point
336 167 615 208 659 marker
336 59 636 111 689 id_point
337 167 615 208 659 marker
337 58 636 112 690 id_point
338 167 616 208 660 marker
338 61 637 114 692 id_point
339 166 615 208 659 marker
339 60 636 113 691 id_point
340 166 615 208 660 marker
340 56 637 111 691 id_point
341 166 615 208 659 marker
341 53 639 106 695 id_point
342 167 616 208 659 marker
342 57 638 110 693 id_point
343 58 638 112 693 id_point
344 59 638 113 693 id_point
345 59 638 113 693 id_point
346 235 614 277 657 marker
346 135 639 190 694 id_point
347 235 614 277 657 marker
347 139 637 194 694 id_point
348 235 614 278 657 marker
348 142 643 195 698 id_point
349 234 614 278 657 marker
349 140 643 195 697 id_point
350 234 615 277 659 marker
351 236 616 279 659 marker
351 131 647 185 701 id_point
352 235 616 278 659 marker
352 140 638 194 695 id_point
353 239 617 282 661 marker
353 143 641 198 695 id_point
354 241 618 283 662 marker
354 148 644 203 698 id_point
355 238 617 281 662 marker
355 144 647 198 700 id_point
356 235 618 278 662 marker
356 139 646 193 700 id_point
357 142 639 195 695 id_point
358 144 633 200 689 id_point
359 148 633 202 689 id_point
360 151 638 196 687 id_point
361 305 613 347 656 marker
361 231 651 285 706 id_point
362 305 613 347 656 marker
362 241 641 297 695 id_point
363 305 614 347 656 marker
363 238 641 295 696 id_point
364 305 614 348 656 marker
364 240 641 298 695 id_point
365 306 614 348 656 marker
365 241 641 297 696 id_point
366 305 614 348 657 marker
366 240 639 298 695 id_point
367 305 614 348 657 marker
367 238 640 295 696 id_point
368 305 614 347 657 marker
368 237 640 294 696 id_point
369 305 614 347 656 marker
369 238 640 294 694 id_point
370 305 614 348 657 marker
370 238 639 295 694 id_point
371 237 644 293 699 id_point
372 236 644 291 698 id_point
373 236 642 292 694 id_point
374 374 613 416 656 marker
374 323 641 379 697 id_point
375 374 613 415 656 marker
375 323 640 380 695 id_point
376 374 613 415 656 marker
376 321 639 378 694 id_point
377 374 613 415 656 marker
377 321 639 377 693 id_point
378 374 613 415 656 marker
378 319 637 376 692 id_point
379 374 613 415 655 marker
379 320 639 375 693 id_point
380 374 612 416 656 marker
380 320 636 377 690 id_point
381 374 612 416 655 marker
381 320 637 378 691 id_point
382 374 613 415 656 marker
382 319 635 375 689 id_point
383 374 612 415 655 marker
383 321 634 377 687 id_point
384 374 612 415 655 marker
384 319 635 375 689 id_point
385 320 636 375 691 id_point
386 319 636 375 690 id_point
387 321 636 377 689 id_point
388 364 640 420 696 id_point
389 439 613 480 654 marker
389 368 638 424 695 id_point
390 439 613 479 653 marker
390 407 643 463 699 id_point
391 404 631 457 691 id_point
391 426 614 467 653 marker
392 426 611 467 651 marker
392 393 632 451 686 id_point
393 429 611 470 650 marker
393 398 632 451 685 id_point
394 400 622 458 683 id_point
394 429 612 473 652 marker
395 431 612 474 650 marker
395 402 630 459 685 id_point
396 431 613 475 652 marker
396 401 624 459 685 id_point
397 432 613 475 653 marker
397 401 627 459 683 id_point
398 432 611 475 652 marker
398 401 626 457 682 id_point
399 400 629 454 683 id_point
400 399 632 454 687 id_point
401 399 633 453 689 id_point
402 402 628 456 687 id_point
403 473 633 527 690 id_point
403 497 612 536 650 marker
404 496 611 535 652 marker
405 494 626 543 686 id_point
406 485 627 535 687 id_point
407 487 623 538 686 id_point
408 496 610 534 652 marker
409 507 640 562 695 id_point
409 496 611 530 650 marker
410 496 610 533 652 marker
411 488 609 541 667 id_point
412 485 611 538 668 id_point
412 493 613 538 662 marker
413 484 609 535 668 id_point
416 477 606 532 659 id_point
418 93 680 134 722 marker
418 18 681 71 734 id_point
419 92 680 134 723 marker
419 15 638 69 691 id_point
420 93 680 134 723 marker
420 20 638 72 690 id_point
421 21 638 72 691 id_point
421 93 680 134 722 marker
422 94 680 134 722 marker
423 94 680 134 723 marker
424 94 681 135 722 marker
425 94 680 134 722 marker
426 95 679 134 721 marker
427 94 678 134 721 marker
428 95 680 134 722 marker
429 24 641 61 688 id_point
430 25 639 62 686 id_point
431 26 637 64 685 id_point
433 161 680 203 724 marker
433 10 694 64 745 id_point
434 161 680 202 724 marker
434 14 692 67 746 id_point
435 161 680 203 724 marker
435 16 693 70 745 id_point
436 161 680 203 724 marker
436 13 692 67 745 id_point
437 160 678 202 724 marker
437 15 693 68 745 id_point
438 18 689 71 742 id_point
438 161 680 202 724 marker
439 19 691 71 743 id_point
439 161 680 203 724 marker
440 17 693 70 746 id_point
440 161 680 203 724 marker
441 18 691 70 742 id_point
441 161 680 203 723 marker
442 161 679 203 724 marker
447 233 680 274 724 marker
448 231 679 274 723 marker
449 232 680 274 724 marker
450 229 680 270 724 marker
451 225 678 267 722 marker
452 225 679 268 722 marker
453 228 680 269 724 marker
454 226 678 268 722 marker
455 226 678 268 722 marker
456 226 677 268 721 marker
457 227 678 269 722 marker
460 135 674 189 729 id_point
461 137 675 190 730 id_point
462 298 679 341 721 marker
462 183 673 239 730 id_point
463 299 676 341 720 marker
463 185 671 252 727 id_point
464 298 677 341 721 marker
464 197 673 253 731 id_point
465 298 678 340 721 marker
465 196 673 254 730 id_point
466 299 679 341 722 marker
466 196 674 252 730 id_point
467 299 679 342 722 marker
467 195 673 252 727 id_point
468 299 679 342 722 marker
468 197 672 253 729 id_point
469 299 679 343 722 marker
469 197 673 253 729 id_point
470 299 679 342 722 marker
470 195 674 252 730 id_point
471 299 679 342 722 marker
471 196 674 253 731 id_point
472 299 679 343 722 marker
472 195 673 253 729 id_point
473 299 679 343 721 marker
473 194 673 251 729 id_point
474 194 675 251 731 id_point
475 195 675 250 730 id_point
476 196 675 251 730 id_point
477 196 674 252 728 id_point
478 369 678 410 721 marker
478 243 669 299 726 id_point
479 369 677 410 720 marker
479 254 674 311 729 id_point
480 369 677 410 720 marker
480 257 670 314 726 id_point
481 369 678 409 720 marker
482 255 672 312 727 id_point
482 368 677 410 721 marker
483 369 678 411 721 marker
483 256 675 312 729 id_point
484 369 678 411 721 marker
484 256 673 313 727 id_point
485 253 669 311 724 id_point
485 370 678 411 721 marker
486 254 672 311 727 id_point
486 370 678 411 721 marker
487 370 678 411 721 marker
487 254 672 310 726 id_point
488 254 672 310 726 id_point
488 370 678 412 721 marker
489 370 678 411 721 marker
489 255 674 311 727 id_point
490 255 673 312 726 id_point
491 257 671 313 727 id_point
492 259 667 316 724 id_point
493 260 669 316 724 id_point
494 293 672 350 724 id_point
495 438 677 478 719 marker
495 320 623 374 676 id_point
496 438 677 477 719 marker
496 319 624 375 676 id_point
497 317 623 372 676 id_point
497 437 677 477 719 marker
498 437 678 477 720 marker
499 437 678 477 720 marker
499 394 769 452 823 id_point
500 438 679 477 720 marker
500 395 766 453 819 id_point
501 438 679 478 720 marker
501 401 766 457 820 id_point
502 438 678 478 719 marker
502 396 766 453 819 id_point
503 438 679 478 720 marker
503 397 764 454 818 id_point
504 438 678 477 720 marker
504 396 763 451 817 id_point
505 395 760 449 814 id_point
506 398 757 452 811 id_point
507 405 753 459 808 id_point
508 412 757 452 804 id_point
509 502 676 540 716 marker
509 524 765 582 821 id_point
510 502 674 539 716 marker
511 502 674 539 715 marker
512 502 675 539 715 marker
512 548 713 614 771 id_point
513 501 675 540 716 marker
514 502 675 540 716 marker
515 501 675 540 716 marker
516 505 675 558 733 id_point
517 501 680 553 739 id_point
518 497 681 554 741 id_point
519 501 685 555 739 id_point
520 502 687 556 741 id_point
521 499 685 552 738 id_point
522 492 686 545 742 id_point
523 101 747 141 788 marker
524 100 748 141 788 marker
524 0 792 27 838 id_point
525 101 747 140 787 marker
526 100 747 141 787 marker
527 100 747 140 787 marker
528 100 747 141 787 marker
529 99 747 140 787 marker
530 99 747 139 788 marker
530 0 755 23 805 id_point
531 100 747 140 788 marker
531 0 755 24 809 id_point
532 100 747 140 787 marker
532 0 756 25 812 id_point
533 0 757 29 808 id_point
534 0 756 46 808 id_point
535 1 756 49 808 id_point
536 73 762 130 818 id_point
537 166 747 208 789 marker
537 38 760 96 817 id_point
538 167 747 208 789 marker
538 37 759 90 812 id_point
539 166 747 208 789 marker
539 37 758 90 811 id_point
540 167 747 209 788 marker
540 36 761 88 813 id_point
541 167 747 208 788 marker
541 30 762 81 815 id_point
542 167 747 208 789 marker
542 32 761 82 814 id_point
543 166 747 208 789 marker
543 31 759 81 813 id_point
544 166 748 207 790 marker
544 32 760 85 813 id_point
545 166 748 207 790 marker
545 32 762 82 814 id_point
546 32 762 84 815 id_point
547 33 759 84 813 id_point
548 34 759 86 813 id_point
549 46 761 100 811 id_point
550 235 747 277 790 marker
550 96 760 150 814 id_point
551 234 748 276 789 marker
551 101 763 158 818 id_point
552 234 748 277 790 marker
552 109 766 161 820 id_point
553 235 748 277 790 marker
553 107 767 160 822 id_point
554 235 748 277 789 marker
554 104 769 159 823 id_point
555 236 747 277 789 marker
555 103 765 157 817 id_point
556 235 748 276 789 marker
556 104 767 159 820 id_point
557 235 748 276 789 marker
557 106 765 160 818 id_point
558 234 748 276 789 marker
558 107 761 162 818 id_point
559 235 747 277 788 marker
559 108 766 162 820 id_point
560 234 747 277 789 marker
560 110 762 165 817 id_point
561 110 762 164 818 id_point
562 107 763 163 819 id_point
563 107 759 163 815 id_point
564 110 759 165 815 id_point
565 303 747 345 789 marker
565 142 772 199 825 id_point
566 304 747 346 789 marker
566 181 772 235 826 id_point
567 303 747 345 790 marker
567 182 773 237 827 id_point
568 303 747 344 790 marker
568 185 771 239 827 id_point
569 303 747 345 790 marker
569 185 773 239 828 id_point
570 303 747 345 789 marker
570 183 772 238 827 id_point
571 304 746 345 789 marker
571 184 772 239 827 id_point
572 303 747 345 789 marker
572 170 759 225 816 id_point
573 304 746 344 788 marker
573 165 772 228 823 id_point
574 302 746 344 788 marker
575 208 766 265 821 id_point
576 210 766 265 820 id_point
577 211 762 266 818 id_point
579 282 763 339 821 id_point
580 372 745 414 787 marker
580 285 763 342 817 id_point
581 372 745 414 786 marker
581 285 767 342 822 id_point
582 373 744 414 786 marker
582 283 771 340 826 id_point
583 374 745 414 787 marker
583 283 774 332 820 id_point
584 373 744 414 786 marker
584 284 763 341 821 id_point
585 373 744 415 786 marker
585 281 767 338 825 id_point
586 373 745 415 786 marker
586 283 769 338 824 id_point
587 373 745 414 786 marker
587 284 768 341 826 id_point
588 373 745 414 787 marker
588 285 766 340 823 id_point
589 373 745 414 787 marker
589 285 765 342 824 id_point
590 283 766 339 824 id_point
591 284 765 340 822 id_point
592 284 762 342 819 id_point
593 348 768 404 823 id_point
594 439 745 480 785 marker
594 353 770 408 826 id_point
595 439 744 480 785 marker
595 357 771 414 828 id_point
596 439 745 480 785 marker
596 357 771 413 828 id_point
597 440 744 480 785 marker
597 358 772 413 827 id_point
598 440 745 480 785 marker
598 358 770 414 827 id_point
599 439 744 480 785 marker
599 358 770 414 828 id_point
600 439 745 480 785 marker
600 359 771 416 828 id_point
601 439 744 480 785 marker
601 358 771 414 828 id_point
602 440 744 480 785 marker
602 359 770 415 826 id_point
603 358 772 413 826 id_point
604 358 770 413 825 id_point
605 357 770 410 824 id_point
606 406 773 459 826 id_point
607 503 740 540 781 marker
607 407 771 461 824 id_point
608 502 741 541 782 marker
608 424 771 479 827 id_point
609 503 741 541 782 marker
609 424 773 479 828 id_point
610 503 740 540 782 marker
610 423 771 478 826 id_point
611 502 740 541 782 marker
611 426 768 481 822 id_point
612 502 741 541 782 marker
612 427 769 481 824 id_point
613 502 741 541 782 marker
613 427 767 480 822 id_point
614 502 741 542 782 marker
614 427 766 482 820 id_point
615 502 741 541 782 marker
615 428 765 483 821 id_point
616 502 740 542 782 marker
616 427 769 482 823 id_point
617 429 767 486 822 id_point
619 3 839 50 921 id_point
620 328 1023 381 1077 id_point
620 106 811 144 852 marker
621 106 812 145 852 marker
621 0 915 35 964 id_point
622 107 813 145 852 marker
622 346 1005 402 1058 id_point
623 106 813 145 852 marker
623 347 1006 401 1060 id_point
624 107 813 145 853 marker
624 347 1004 402 1058 id_point
625 106 813 145 853 marker
625 348 1004 408 1055 id_point
626 106 814 145 853 marker
626 349 1003 408 1057 id_point
627 106 813 145 853 marker
627 350 1003 407 1056 id_point
628 107 813 145 852 marker
628 353 1002 408 1054 id_point
629 107 813 146 852 marker
629 350 1000 408 1054 id_point
630 107 813 146 853 marker
630 353 1000 408 1052 id_point
631 355 999 408 1052 id_point
632 372 997 424 1050 id_point
633 385 991 439 1045 id_point
634 384 992 438 1045 id_point
635 171 812 212 854 marker
635 420 991 474 1044 id_point
636 171 812 211 853 marker
636 421 990 474 1043 id_point
637 170 813 211 854 marker
637 421 989 475 1042 id_point
638 170 812 212 854 marker
638 423 990 476 1041 id_point
639 171 811 212 854 marker
639 422 990 474 1041 id_point
640 172 812 213 854 marker
640 471 984 523 1034 id_point
641 171 813 213 854 marker
641 473 984 528 1036 id_point
642 171 813 212 855 marker
642 473 983 526 1034 id_point
643 171 813 213 854 marker
643 472 983 527 1037 id_point
644 171 812 212 854 marker
644 472 983 527 1035 id_point
645 171 813 212 854 marker
645 476 982 527 1035 id_point
646 475 983 528 1033 id_point
647 484 982 535 1029 id_point
648 489 980 539 1028 id_point
649 522 982 575 1031 id_point
650 238 813 280 855 marker
650 523 982 575 1031 id_point
651 237 813 280 855 marker
652 237 813 280 855 marker
653 237 814 280 856 marker
653 515 981 568 1030 id_point
654 237 813 280 856 marker
654 519 983 571 1036 id_point
655 238 813 280 855 marker
655 101 783 156 837 id_point
656 238 813 280 855 marker
656 103 783 156 836 id_point
657 237 813 280 856 marker
657 99 784 157 839 id_point
658 238 813 280 855 marker
658 98 786 153 841 id_point
659 238 813 280 855 marker
659 97 784 153 839 id_point
660 97 784 154 838 id_point
661 111 790 168 843 id_point
662 110 786 167 842 id_point
663 238 797 280 839 id_point
664 305 813 348 854 marker
664 250 816 306 869 id_point
665 304 812 347 853 marker
666 305 813 347 853 marker
666 212 781 267 836 id_point
667 305 813 349 853 marker
667 230 813 286 869 id_point
668 305 813 347 854 marker
668 230 807 283 864 id_point
669 305 813 349 854 marker
669 227 812 282 867 id_point
670 305 813 348 853 marker
671 305 813 348 854 marker
671 231 812 288 866 id_point
672 305 813 348 855 marker
672 211 764 267 819 id_point
673 305 813 348 855 marker
673 210 768 270 822 id_point
674 305 813 349 854 marker
674 211 767 268 823 id_point
675 206 763 264 820 id_point
677 229 763 289 820 id_point
678 252 806 307 859 id_point
679 311 812 367 869 id_point
680 372 810 413 851 marker
680 317 811 367 857 id_point
681 372 811 412 851 marker
682 373 810 413 852 marker
683 374 810 414 851 marker
683 346 752 406 815 id_point
684 374 809 412 851 marker
684 360 747 416 802 id_point
685 360 747 415 800 id_point
685 372 809 412 851 marker
686 357 744 416 798 id_point
686 372 811 413 851 marker
687 373 810 412 853 marker
687 361 751 414 804 id_point
688 374 810 412 852 marker
688 359 744 412 800 id_point
689 374 810 414 852 marker
689 338 790 395 843 id_point
690 340 786 396 842 id_point
691 340 783 396 838 id_point
692 358 783 415 837 id_point
693 359 779 416 834 id_point
694 416 803 471 855 id_point
695 439 806 478 847 marker
696 439 807 479 847 marker
696 500 757 555 810 id_point
697 434 787 490 843 id_point
697 437 798 483 844 marker
698 438 804 482 846 marker
699 438 803 482 846 marker
700 438 799 483 846 marker
700 434 789 490 846 id_point
701 434 808 479 853 marker
702 435 808 481 853 marker
703 427 795 484 850 id_point
703 437 806 481 849 marker
704 437 804 481 849 marker
704 428 796 484 849 id_point
705 432 808 476 853 marker
705 421 803 479 856 id_point
706 422 803 478 858 id_point
707 393 791 448 845 id_point
709 446 793 500 847 id_point
710 509 802 563 858 id_point
711 506 801 565 854 id_point
712 510 787 572 842 id_point
712 503 803 537 841 marker
713 508 787 570 842 id_point
714 509 787 569 843 id_point
714 508 799 548 843 marker
715 509 789 568 843 id_point
715 508 797 543 843 marker
716 509 788 570 843 id_point
716 507 800 549 843 marker
717 511 787 569 842 id_point
717 507 798 542 842 marker
718 514 787 572 843 id_point
719 509 788 571 841 id_point
720 511 788 570 843 id_point
720 508 797 545 844 marker
721 507 786 569 841 id_point
722 509 787 568 842 id_point
723 506 782 563 837 id_point
724 511 786 567 840 id_point
725 75 896 137 944 id_point
726 67 898 120 953 id_point
727 73 898 116 945 id_point
728 41 409 92 456 id_point
729 253 564 308 617 id_point
