0 194 591 250 646 id_point
1 264 592 308 638 id_point
2 257 592 294 636 id_point
3 256 600 306 652 id_point
4 249 592 301 644 id_point
5 254 591 302 643 id_point
6 252 591 304 645 id_point
7 254 594 305 645 id_point
8 206 597 242 637 id_point
9 253 593 305 645 id_point
10 255 600 308 653 id_point
11 255 595 308 647 id_point
12 254 607 304 640 marker
13 254 595 310 648 id_point
14 267 590 311 637 id_point
15 209 585 248 631 id_point
17 254 589 306 642 id_point
18 256 591 310 644 id_point
20 253 593 305 645 id_point
21 254 594 305 646 id_point
22 256 593 310 645 id_point
23 257 592 309 644 id_point
24 255 590 311 645 id_point
24 239 415 279 461 marker
25 264 386 321 442 id_point
25 237 415 277 461 marker
26 266 369 322 426 id_point
27 241 417 280 456 marker
27 191 347 247 402 id_point
28 239 418 283 456 marker
28 195 352 250 404 id_point
29 239 418 282 457 marker
29 192 348 250 404 id_point
30 241 418 282 457 marker
30 193 351 250 402 id_point
31 240 418 283 457 marker
31 196 354 251 405 id_point
32 240 418 282 457 marker
32 196 355 252 407 id_point
33 196 354 252 406 id_point
34 209 350 265 403 id_point
35 217 352 274 407 id_point
36 229 347 288 403 id_point
37 337 418 378 455 marker
37 292 346 346 403 id_point
38 337 418 378 456 marker
38 297 347 352 404 id_point
39 337 419 378 456 marker
39 296 344 352 403 id_point
40 338 419 379 456 marker
40 297 345 352 401 id_point
41 338 419 379 457 marker
41 302 348 357 404 id_point
42 338 419 379 457 marker
42 302 345 356 402 id_point
43 338 419 379 457 marker
43 302 345 359 402 id_point
44 338 419 379 457 marker
44 304 345 358 404 id_point
45 339 419 379 457 marker
45 302 351 356 407 id_point
46 339 419 379 457 marker
46 302 351 357 406 id_point
47 300 351 357 406 id_point
48 302 353 356 409 id_point
49 303 353 354 408 id_point
50 301 354 357 409 id_point
51 434 422 471 460 marker
51 414 358 461 411 id_point
52 424 366 479 421 id_point
52 433 421 471 461 marker
53 421 367 472 418 id_point
53 431 420 472 461 marker
54 420 367 473 419 id_point
54 433 421 471 460 marker
55 425 368 473 422 id_point
55 433 421 472 461 marker
56 423 367 473 421 id_point
56 432 421 472 462 marker
57 423 367 472 420 id_point
57 432 422 473 462 marker
58 432 421 472 461 marker
58 421 368 471 417 id_point
59 432 422 472 461 marker
59 422 365 471 420 id_point
60 420 369 469 417 id_point
60 433 422 472 462 marker
61 417 368 469 423 id_point
62 418 371 472 429 id_point
63 423 378 466 423 id_point
65 147 488 203 539 id_point
65 244 515 284 554 marker
66 145 484 199 536 id_point
66 243 514 284 554 marker
67 145 481 202 534 id_point
67 244 514 283 553 marker
68 148 480 202 532 id_point
68 244 514 284 554 marker
69 149 482 205 538 id_point
69 244 514 284 553 marker
70 151 483 207 538 id_point
70 244 514 284 553 marker
71 150 483 206 539 id_point
71 245 514 284 554 marker
72 150 484 207 539 id_point
72 244 515 284 553 marker
73 151 487 208 540 id_point
73 244 514 284 553 marker
74 150 489 207 542 id_point
75 155 488 212 543 id_point
76 160 484 216 543 id_point
77 343 514 383 551 marker
77 270 436 324 493 id_point
78 342 512 383 552 marker
78 274 436 331 491 id_point
79 341 513 384 554 marker
80 341 509 381 553 marker
80 325 494 380 549 id_point
81 342 513 383 554 marker
82 341 512 384 552 marker
83 342 510 382 552 marker
83 326 491 380 550 id_point
84 341 510 382 553 marker
84 325 495 380 549 id_point
85 342 509 382 553 marker
85 324 495 380 549 id_point
86 343 510 382 552 marker
86 326 492 380 550 id_point
87 343 513 385 553 marker
88 329 499 384 553 id_point
89 326 500 381 555 id_point
90 327 501 382 557 id_point
92 442 515 478 555 marker
92 408 492 463 548 id_point
93 445 479 498 536 id_point
93 441 517 480 554 marker
94 442 516 479 552 marker
94 445 476 497 534 id_point
95 445 481 499 536 id_point
95 442 517 478 554 marker
96 439 515 478 555 marker
96 416 477 461 524 id_point
97 440 517 477 554 marker
97 447 478 500 534 id_point
98 438 514 476 554 marker
99 439 514 477 555 marker
100 439 515 478 554 marker
101 444 474 498 528 id_point
101 441 518 478 555 marker
102 426 474 492 527 id_point
103 445 472 499 527 id_point
104 447 477 500 530 id_point
105 452 475 504 529 id_point
106 246 617 286 658 marker
106 453 483 494 530 id_point
107 176 633 233 686 id_point
107 247 616 286 658 marker
108 177 635 234 687 id_point
108 247 616 287 659 marker
109 175 634 233 688 id_point
109 247 616 287 658 marker
110 178 633 235 687 id_point
110 246 615 287 658 marker
111 178 631 235 684 id_point
111 246 615 286 658 marker
112 172 627 229 681 id_point
112 246 616 285 658 marker
113 173 620 228 674 id_point
113 246 616 285 657 marker
114 174 616 233 673 id_point
115 179 619 234 673 id_point
116 186 619 241 674 id_point
117 200 620 254 672 id_point
118 348 614 386 655 marker
118 268 617 325 670 id_point
119 327 618 384 678 id_point
119 345 618 385 664 marker
120 327 617 383 675 id_point
121 344 615 385 660 marker
121 323 620 384 676 id_point
122 345 614 385 660 marker
122 321 617 384 674 id_point
123 346 614 387 659 marker
123 325 611 383 663 id_point
124 346 614 388 659 marker
124 326 614 384 666 id_point
125 324 613 384 668 id_point
125 345 616 385 659 marker
126 323 614 384 669 id_point
126 346 614 384 658 marker
127 325 611 384 666 id_point
127 345 615 385 658 marker
128 326 612 381 667 id_point
129 324 617 379 672 id_point
130 326 616 382 672 id_point
131 422 601 476 655 id_point
132 442 612 480 656 marker
132 420 604 478 653 id_point
133 422 605 478 655 id_point
133 438 614 480 655 marker
134 440 612 480 658 marker
134 418 606 479 655 id_point
135 442 612 481 656 marker
135 420 607 477 656 id_point
136 441 613 480 655 marker
136 419 608 475 657 id_point
137 437 613 480 656 marker
137 418 604 474 654 id_point
138 440 614 480 654 marker
138 419 605 472 654 id_point
139 442 613 482 653 marker
139 416 604 473 655 id_point
140 438 613 478 655 marker
140 415 605 476 654 id_point
141 443 612 480 653 marker
142 442 612 480 655 marker
142 417 608 473 658 id_point
143 416 606 469 659 id_point
144 421 607 474 662 id_point
147 425 599 480 652 id_point
147 398 539 447 589 id_point
148 293 483 349 537 id_point
149 329 282 358 315 marker
149 307 477 353 523 id_point
150 330 283 358 316 marker
151 218 95 270 148 id_point
151 401 542 447 589 id_point
152 333 284 362 317 marker
152 219 94 273 146 id_point
153 224 59 278 114 id_point
153 339 284 366 315 marker
154 233 54 287 108 id_point
154 351 284 380 317 marker
155 226 128 276 179 id_point
155 348 284 376 317 marker
156 227 131 274 178 id_point
156 343 282 372 314 marker
156 342 406 384 456 id_point
157 220 116 271 166 id_point
157 339 284 368 316 marker
158 225 97 279 152 id_point
158 336 285 364 316 marker
159 338 285 367 318 marker
159 345 113 390 160 id_point
159 339 409 380 456 id_point
160 320 151 374 205 id_point
160 339 285 369 315 marker
161 325 137 380 190 id_point
161 339 285 369 315 marker
