0 321 566 377 623 id_point
1 322 565 378 621 id_point
2 321 564 377 619 id_point
3 264 611 317 665 id_point
4 234 621 285 672 id_point
5 234 595 286 648 id_point
6 231 591 286 643 id_point
7 239 595 277 637 id_point
8 230 589 286 645 id_point
10 241 593 280 637 id_point
11 231 590 283 642 id_point
12 231 593 285 646 id_point
13 229 595 282 648 id_point
14 233 598 283 649 id_point
15 233 595 285 647 id_point
16 235 595 287 646 id_point
17 236 594 289 645 id_point
18 236 595 291 648 id_point
19 239 599 291 650 id_point
20 235 599 289 652 id_point
21 236 600 290 651 id_point
22 234 601 285 654 id_point
23 234 600 286 652 id_point
23 240 419 280 464 marker
24 234 599 286 651 id_point
24 239 419 279 463 marker
25 239 417 279 462 marker
25 241 603 295 647 id_point
26 248 376 301 429 id_point
26 241 423 281 462 marker
27 247 373 301 427 id_point
27 241 422 281 461 marker
28 241 420 280 459 marker
28 206 362 264 416 id_point
29 240 420 281 460 marker
29 205 356 262 411 id_point
30 239 420 281 459 marker
30 207 356 263 411 id_point
31 240 420 282 459 marker
31 208 355 264 410 id_point
32 208 356 262 412 id_point
33 208 355 262 412 id_point
34 207 356 264 412 id_point
35 207 356 263 413 id_point
36 305 419 346 459 marker
36 268 356 322 414 id_point
37 306 419 346 459 marker
37 264 354 321 412 id_point
38 306 419 347 459 marker
38 264 353 321 410 id_point
39 306 419 346 458 marker
39 263 351 320 408 id_point
40 305 419 346 459 marker
40 265 353 321 411 id_point
41 305 419 346 459 marker
41 266 351 322 408 id_point
42 305 420 346 459 marker
42 269 352 323 408 id_point
43 305 419 347 459 marker
43 268 352 323 409 id_point
44 305 419 347 459 marker
44 269 353 324 409 id_point
45 268 354 323 409 id_point
46 269 355 321 410 id_point
47 269 355 321 410 id_point
49 369 421 413 459 marker
49 324 352 381 409 id_point
50 370 421 412 460 marker
50 327 352 382 408 id_point
51 369 421 412 459 marker
51 328 355 383 410 id_point
52 369 421 411 460 marker
52 326 354 381 411 id_point
53 369 422 411 460 marker
53 326 354 381 411 id_point
54 369 420 411 458 marker
54 325 351 380 407 id_point
55 369 422 411 460 marker
55 325 356 380 411 id_point
56 369 422 411 460 marker
56 325 352 382 408 id_point
57 369 422 411 460 marker
57 326 351 381 408 id_point
58 326 350 381 406 id_point
58 370 420 410 459 marker
59 326 352 380 406 id_point
60 327 353 380 408 id_point
61 328 354 382 409 id_point
62 432 422 471 462 marker
62 380 356 435 411 id_point
63 432 422 471 462 marker
63 382 355 437 408 id_point
64 383 355 437 410 id_point
64 432 422 471 462 marker
65 431 422 471 463 marker
65 384 356 437 411 id_point
66 431 421 471 462 marker
66 382 353 438 409 id_point
67 431 421 471 462 marker
67 381 354 436 409 id_point
68 382 353 436 408 id_point
68 431 421 471 462 marker
69 430 421 470 462 marker
69 383 355 436 410 id_point
70 431 422 471 462 marker
70 381 361 434 416 id_point
71 380 359 433 414 id_point
72 380 359 434 415 id_point
73 381 361 434 415 id_point
74 383 359 436 414 id_point
74 241 481 281 523 marker
75 239 481 281 523 marker
75 208 437 264 498 id_point
76 239 482 282 522 marker
76 202 436 259 486 id_point
77 241 482 281 522 marker
77 197 430 256 483 id_point
78 241 482 281 522 marker
78 196 428 254 482 id_point
79 241 482 281 522 marker
79 197 427 254 482 id_point
80 239 482 281 522 marker
80 197 430 253 483 id_point
81 240 482 281 522 marker
81 197 428 253 482 id_point
82 242 483 283 523 marker
82 199 431 256 485 id_point
83 242 484 284 524 marker
83 200 435 255 488 id_point
84 199 434 255 487 id_point
85 201 434 258 487 id_point
86 201 436 256 490 id_point
87 274 426 333 480 id_point
88 307 484 349 521 marker
88 274 431 332 488 id_point
89 308 484 350 522 marker
89 262 429 320 488 id_point
90 307 484 349 523 marker
90 264 429 320 488 id_point
91 308 485 351 523 marker
91 262 430 319 489 id_point
92 307 482 350 521 marker
92 262 431 318 488 id_point
93 309 483 351 522 marker
93 262 427 318 486 id_point
94 309 484 351 522 marker
94 262 429 321 487 id_point
95 307 485 351 523 marker
95 267 432 324 491 id_point
96 307 485 350 524 marker
96 268 433 324 492 id_point
97 306 484 350 522 marker
97 268 431 324 490 id_point
98 268 432 323 489 id_point
99 268 433 324 490 id_point
100 330 421 390 478 id_point
101 374 484 415 523 marker
101 337 422 392 478 id_point
102 374 484 414 523 marker
102 333 429 389 484 id_point
103 374 484 415 522 marker
103 332 429 386 485 id_point
104 373 483 415 522 marker
104 329 426 387 483 id_point
105 372 484 416 523 marker
105 332 422 388 478 id_point
106 331 425 383 480 id_point
106 374 484 415 523 marker
107 374 485 414 523 marker
107 330 427 385 483 id_point
108 374 484 414 522 marker
108 329 428 385 484 id_point
109 374 484 414 523 marker
109 329 426 384 483 id_point
110 373 484 415 523 marker
110 331 429 385 484 id_point
111 331 427 387 484 id_point
112 331 426 387 483 id_point
113 330 433 387 488 id_point
114 436 490 476 530 marker
114 337 435 407 490 id_point
115 436 489 477 529 marker
115 385 437 440 493 id_point
116 437 488 476 527 marker
116 395 434 450 490 id_point
117 436 488 476 527 marker
117 396 436 448 491 id_point
118 437 488 476 527 marker
118 396 435 447 490 id_point
119 437 487 476 527 marker
119 397 436 448 490 id_point
120 437 487 477 527 marker
120 395 434 448 488 id_point
121 436 488 476 527 marker
121 396 436 447 490 id_point
122 436 488 476 527 marker
122 393 435 447 489 id_point
123 436 488 476 527 marker
123 393 433 447 490 id_point
124 395 435 446 490 id_point
125 393 437 446 492 id_point
126 390 437 444 491 id_point
127 211 522 265 576 id_point
128 244 550 283 593 marker
128 209 522 267 580 id_point
129 244 550 284 591 marker
129 199 513 255 565 id_point
130 243 550 283 592 marker
130 201 513 255 565 id_point
131 243 550 284 591 marker
131 201 511 256 564 id_point
132 243 550 284 592 marker
132 201 511 256 562 id_point
133 244 551 284 592 marker
133 202 510 257 561 id_point
134 244 552 285 592 marker
134 205 511 258 564 id_point
135 243 552 284 592 marker
135 204 514 257 566 id_point
136 244 551 284 591 marker
136 203 512 257 564 id_point
137 205 512 259 564 id_point
138 204 509 266 565 id_point
139 216 512 272 567 id_point
140 285 508 339 563 id_point
141 309 548 351 592 marker
141 281 509 335 564 id_point
142 310 550 352 590 marker
142 267 506 320 562 id_point
143 311 550 352 590 marker
143 265 506 320 561 id_point
144 311 551 352 590 marker
144 266 506 320 562 id_point
145 312 550 352 590 marker
145 267 506 320 562 id_point
146 310 550 354 592 marker
146 269 506 321 562 id_point
147 311 550 352 591 marker
147 270 506 322 562 id_point
148 311 550 352 591 marker
148 270 506 323 562 id_point
149 311 551 352 591 marker
149 270 509 323 563 id_point
150 271 510 322 564 id_point
151 274 508 328 563 id_point
152 279 506 331 562 id_point
153 376 549 416 588 marker
153 307 504 361 560 id_point
154 376 550 417 589 marker
154 327 505 384 561 id_point
155 376 550 416 590 marker
155 331 507 388 564 id_point
156 376 549 416 589 marker
156 330 504 390 562 id_point
157 376 550 417 590 marker
157 331 501 389 559 id_point
158 376 550 417 589 marker
158 334 505 385 560 id_point
159 377 550 417 591 marker
159 332 504 385 563 id_point
160 376 550 417 590 marker
160 332 505 388 561 id_point
161 377 550 417 590 marker
161 332 505 388 563 id_point
162 376 550 417 590 marker
162 332 504 388 560 id_point
163 331 508 385 563 id_point
164 341 506 402 562 id_point
165 347 503 404 562 id_point
166 441 550 479 591 marker
166 417 513 470 569 id_point
167 440 549 479 591 marker
167 414 511 468 570 id_point
168 441 550 479 591 marker
168 403 507 461 566 id_point
169 441 550 479 591 marker
169 408 509 464 565 id_point
170 441 550 480 591 marker
170 407 510 464 566 id_point
171 441 551 480 592 marker
171 410 511 465 569 id_point
172 441 550 479 591 marker
172 406 509 464 570 id_point
173 441 551 480 591 marker
173 407 509 464 565 id_point
174 441 550 480 591 marker
174 406 510 463 565 id_point
175 442 550 478 591 marker
175 428 494 480 550 id_point
176 426 495 480 550 id_point
177 427 494 481 551 id_point
178 386 499 433 547 id_point
179 157 633 214 687 id_point
180 156 637 213 692 id_point
180 244 619 284 662 marker
181 150 611 205 664 id_point
181 244 619 284 661 marker
182 149 607 205 661 id_point
182 244 619 284 662 marker
183 148 608 204 663 id_point
183 243 621 284 662 marker
184 150 611 206 664 id_point
184 243 620 285 662 marker
185 150 612 206 665 id_point
185 245 619 285 662 marker
186 147 612 202 665 id_point
186 243 621 285 661 marker
187 145 610 201 663 id_point
187 243 621 284 662 marker
188 148 607 205 662 id_point
188 243 621 284 662 marker
189 151 606 207 660 id_point
190 152 605 209 660 id_point
191 153 607 209 662 id_point
192 209 613 265 666 id_point
193 312 617 353 660 marker
194 274 605 329 661 id_point
194 317 615 352 658 marker
195 311 617 353 660 marker
196 269 577 322 633 id_point
196 312 617 353 660 marker
197 311 616 353 660 marker
197 280 609 329 652 id_point
198 273 603 324 658 id_point
198 315 617 353 659 marker
199 273 604 325 657 id_point
199 314 617 353 659 marker
200 315 616 353 658 marker
200 276 605 329 656 id_point
201 315 616 353 658 marker
201 276 605 330 657 id_point
202 271 603 323 657 id_point
203 270 604 321 658 id_point
204 271 606 315 653 id_point
205 294 608 346 662 id_point
207 379 616 418 657 marker
207 367 677 422 728 id_point
208 393 684 450 742 id_point
208 378 615 419 657 marker
209 390 678 446 734 id_point
209 379 615 419 658 marker
210 377 624 432 738 id_point
211 377 617 418 660 marker
212 381 615 420 658 marker
212 349 619 414 672 id_point
213 380 615 420 658 marker
214 383 614 419 659 marker
214 352 616 406 670 id_point
215 383 615 420 659 marker
215 351 616 407 667 id_point
216 379 616 419 657 marker
216 350 617 411 667 id_point
217 345 612 402 666 id_point
218 345 610 398 664 id_point
219 344 605 399 660 id_point
220 428 639 480 680 marker
220 346 611 412 662 id_point
221 441 615 482 659 marker
222 445 613 485 658 marker
223 448 611 488 656 marker
224 446 613 488 656 marker
225 447 613 486 657 marker
226 446 613 487 656 marker
227 446 613 485 657 marker
228 446 613 485 657 marker
229 446 614 485 657 marker
230 439 603 493 653 id_point
231 436 602 491 654 id_point
232 435 599 488 652 id_point
233 433 595 487 651 id_point
234 428 593 485 646 id_point
235 416 558 465 615 id_point
237 330 524 385 577 id_point
237 326 410 367 457 id_point
238 362 504 411 549 id_point
238 325 410 366 455 id_point
239 304 491 360 546 id_point
239 327 409 369 454 id_point
240 170 566 228 622 id_point
241 115 677 170 732 id_point
242 160 568 219 622 id_point
243 161 569 219 621 id_point
243 323 284 353 313 marker
