0 259 630 313 680 id_point
1 253 643 309 698 id_point
2 263 649 316 700 id_point
3 265 636 320 691 id_point
4 270 636 309 683 id_point
5 231 626 289 679 id_point
6 242 623 295 674 id_point
7 232 622 284 671 id_point
8 233 620 286 670 id_point
9 234 608 285 660 id_point
10 236 611 286 664 id_point
11 235 605 285 655 id_point
12 236 596 288 651 id_point
13 236 602 286 653 id_point
14 234 603 289 654 id_point
15 234 619 285 668 id_point
16 235 614 289 666 id_point
17 234 612 285 663 id_point
18 234 613 288 664 id_point
19 238 611 292 665 id_point
20 242 607 293 659 id_point
21 240 610 293 662 id_point
22 239 606 293 659 id_point
23 239 605 293 659 id_point
24 239 608 292 660 id_point
25 239 605 292 656 id_point
26 237 605 292 659 id_point
27 238 431 277 470 marker
27 235 610 291 664 id_point
28 239 431 277 469 marker
28 236 609 292 661 id_point
29 239 430 277 469 marker
29 246 370 298 421 id_point
30 245 370 299 423 id_point
30 238 431 278 470 marker
31 239 429 278 470 marker
31 243 368 297 424 id_point
32 238 429 277 468 marker
32 243 364 297 417 id_point
33 239 429 277 468 marker
33 243 363 296 416 id_point
34 239 429 276 468 marker
34 244 363 296 416 id_point
35 238 430 276 467 marker
35 244 363 298 416 id_point
36 239 427 277 467 marker
36 243 363 297 417 id_point
37 243 364 295 417 id_point
38 244 365 297 419 id_point
39 245 365 298 420 id_point
40 244 366 297 420 id_point
41 244 368 298 422 id_point
41 427 429 465 467 marker
42 436 431 474 467 marker
42 413 371 465 426 id_point
43 434 432 472 470 marker
43 444 375 498 429 id_point
44 430 430 468 468 marker
44 436 379 492 431 id_point
45 429 430 465 468 marker
45 433 368 488 421 id_point
46 429 430 466 468 marker
46 433 370 485 424 id_point
47 431 367 487 420 id_point
47 428 430 465 468 marker
48 429 431 466 468 marker
48 434 371 484 422 id_point
49 429 430 466 468 marker
49 431 370 485 423 id_point
50 431 369 487 422 id_point
51 432 371 484 424 id_point
52 431 370 487 425 id_point
53 240 541 294 593 id_point
54 239 621 281 667 marker
54 226 616 280 667 id_point
55 238 619 282 666 marker
56 227 608 285 662 id_point
56 238 615 280 659 marker
57 239 614 281 660 marker
57 232 609 287 663 id_point
58 239 613 282 659 marker
58 228 605 287 658 id_point
59 239 613 281 659 marker
59 228 605 286 659 id_point
60 239 613 282 660 marker
60 226 605 285 659 id_point
61 239 614 283 661 marker
61 227 607 285 659 id_point
62 238 614 282 660 marker
62 233 608 288 659 id_point
63 233 610 288 662 id_point
64 239 606 291 658 id_point
65 249 607 299 659 id_point
66 251 605 300 656 id_point
67 440 588 492 639 id_point
68 442 612 483 657 marker
68 440 600 492 651 id_point
69 441 613 482 659 marker
70 442 613 484 658 marker
70 439 604 487 653 id_point
71 442 614 483 659 marker
71 440 605 486 655 id_point
72 442 614 484 659 marker
72 440 606 487 656 id_point
73 441 614 480 659 marker
74 440 615 479 658 marker
75 441 616 480 659 marker
76 442 614 483 659 marker
76 437 606 484 654 id_point
77 432 605 485 658 id_point
78 433 604 486 656 id_point
79 429 602 482 655 id_point
80 429 607 478 657 id_point
81 412 611 470 654 marker
82 285 577 339 630 id_point
82 302 469 339 513 id_point
83 283 250 333 301 id_point
83 297 464 333 510 id_point
84 286 197 339 250 id_point
84 298 461 333 506 id_point
85 297 462 334 507 id_point
