0 160 692 215 753 id_point
1 172 626 229 685 id_point
2 190 627 248 687 id_point
3 178 625 235 681 id_point
4 179 620 236 677 id_point
5 168 618 226 678 id_point
6 165 620 220 679 id_point
7 164 618 222 674 id_point
8 167 619 224 674 id_point
9 167 617 225 673 id_point
10 167 617 226 672 id_point
11 165 616 223 671 id_point
12 164 616 221 671 id_point
13 164 620 220 675 id_point
14 162 618 220 675 id_point
15 161 617 217 673 id_point
16 159 616 217 671 id_point
17 160 614 219 669 id_point
18 163 619 219 676 id_point
19 166 618 222 676 id_point
20 166 618 223 675 id_point
21 166 616 223 672 id_point
22 162 619 219 677 id_point
23 156 617 214 672 id_point
24 157 617 214 674 id_point
24 238 656 275 696 marker
25 237 657 277 696 marker
25 156 616 214 670 id_point
26 238 656 276 696 marker
26 158 617 215 672 id_point
27 156 618 215 676 id_point
27 238 656 277 697 marker
28 238 657 277 696 marker
28 155 618 213 673 id_point
29 157 616 214 671 id_point
29 238 657 276 697 marker
30 157 613 214 670 id_point
30 237 656 276 696 marker
31 160 614 217 668 id_point
31 237 656 276 696 marker
32 238 656 277 696 marker
32 161 620 218 673 id_point
33 160 618 218 672 id_point
34 203 608 262 658 id_point
35 210 606 266 662 id_point
36 210 608 265 663 id_point
36 304 655 345 695 marker
37 303 653 344 694 marker
37 250 611 307 668 id_point
38 304 654 344 694 marker
38 247 612 306 669 id_point
39 304 655 345 694 marker
39 245 617 300 670 id_point
40 303 654 344 694 marker
40 244 617 298 668 id_point
41 303 655 345 694 marker
41 244 617 297 668 id_point
42 303 654 344 694 marker
42 245 614 298 667 id_point
43 304 655 345 694 marker
43 244 616 298 667 id_point
44 304 654 345 695 marker
44 246 615 300 669 id_point
45 304 655 346 695 marker
45 246 617 300 669 id_point
46 245 617 299 668 id_point
47 245 616 297 666 id_point
48 248 616 299 666 id_point
49 248 615 300 665 id_point
50 370 653 411 693 marker
50 250 614 302 664 id_point
51 371 652 410 693 marker
51 321 616 375 671 id_point
52 371 652 410 693 marker
52 327 614 381 670 id_point
53 371 652 410 694 marker
53 326 614 380 671 id_point
54 371 652 411 694 marker
54 325 614 380 671 id_point
55 370 652 410 693 marker
55 326 613 379 670 id_point
56 371 653 410 694 marker
56 326 615 379 671 id_point
57 371 652 410 694 marker
57 326 616 379 671 id_point
58 371 652 411 694 marker
58 326 612 380 668 id_point
59 371 652 411 694 marker
59 325 614 379 669 id_point
60 325 618 379 670 id_point
61 328 617 381 671 id_point
62 329 617 381 671 id_point
63 328 617 381 670 id_point
64 433 652 472 691 marker
64 376 620 432 675 id_point
65 435 649 472 693 marker
65 410 620 462 675 id_point
66 436 651 472 694 marker
66 409 618 461 674 id_point
67 435 650 472 694 marker
67 411 617 462 672 id_point
68 435 650 473 693 marker
68 410 615 463 671 id_point
69 435 650 473 693 marker
69 409 614 462 672 id_point
70 433 650 474 693 marker
70 405 612 458 668 id_point
71 434 650 474 691 marker
71 406 612 460 670 id_point
72 435 650 473 691 marker
72 407 613 460 670 id_point
73 435 650 474 691 marker
73 407 612 461 670 id_point
74 405 613 458 668 id_point
75 405 614 458 667 id_point
76 405 615 458 668 id_point
77 168 741 225 797 id_point
78 243 723 280 764 marker
78 162 723 214 790 id_point
79 243 723 280 764 marker
79 158 717 214 770 id_point
80 244 724 280 762 marker
80 191 714 246 766 id_point
81 242 722 278 765 marker
82 243 723 279 764 marker
82 156 724 211 779 id_point
83 244 723 279 763 marker
83 156 718 212 771 id_point
84 243 724 280 764 marker
84 155 719 211 771 id_point
85 243 723 279 764 marker
85 158 717 213 772 id_point
86 242 723 280 764 marker
86 158 717 212 773 id_point
87 161 715 218 769 id_point
88 161 716 219 771 id_point
89 160 716 218 770 id_point
90 239 712 292 766 id_point
91 249 716 303 769 id_point
91 308 723 348 762 marker
92 308 723 348 762 marker
92 251 718 307 771 id_point
93 308 723 348 762 marker
93 251 720 306 773 id_point
94 248 719 304 772 id_point
94 309 723 348 763 marker
95 248 716 303 768 id_point
95 308 723 348 762 marker
96 247 715 302 767 id_point
96 308 723 348 762 marker
97 249 715 303 767 id_point
97 309 723 348 762 marker
98 307 722 348 762 marker
98 252 716 307 769 id_point
99 251 714 305 766 id_point
99 307 722 348 761 marker
100 307 722 348 762 marker
100 251 715 305 767 id_point
101 252 716 304 768 id_point
102 252 716 304 768 id_point
103 253 717 306 769 id_point
104 314 713 370 768 id_point
105 375 720 414 761 marker
105 324 717 383 769 id_point
106 376 720 414 760 marker
106 332 717 389 770 id_point
107 377 719 414 760 marker
107 332 717 389 770 id_point
108 376 720 414 761 marker
108 332 721 391 775 id_point
109 375 721 414 761 marker
109 332 718 389 769 id_point
110 376 720 414 760 marker
110 329 716 384 768 id_point
111 376 720 414 760 marker
111 328 716 383 769 id_point
112 376 720 414 761 marker
112 329 719 387 770 id_point
113 376 720 414 761 marker
113 330 717 386 769 id_point
114 375 720 414 760 marker
114 331 713 385 766 id_point
115 329 707 384 763 id_point
116 329 707 384 765 id_point
117 329 709 385 765 id_point
118 369 716 424 770 id_point
119 440 716 474 760 marker
119 405 713 460 764 id_point
120 435 719 476 760 marker
120 409 713 466 763 id_point
121 433 718 477 763 marker
121 414 717 468 769 id_point
122 434 719 475 764 marker
122 413 716 471 770 id_point
123 432 718 476 762 marker
123 414 716 467 767 id_point
124 433 719 474 762 marker
124 415 715 470 768 id_point
125 415 717 471 769 id_point
125 433 719 470 764 marker
126 433 719 475 765 marker
126 414 717 470 771 id_point
127 413 717 470 770 id_point
127 432 720 475 764 marker
128 412 715 466 769 id_point
129 415 718 457 764 id_point
130 156 795 214 849 id_point
131 162 820 218 874 id_point
132 245 792 283 832 marker
132 163 821 217 876 id_point
133 245 792 284 831 marker
133 162 818 216 873 id_point
134 245 793 284 832 marker
134 161 818 215 873 id_point
135 245 792 284 832 marker
135 160 818 216 873 id_point
136 245 793 284 832 marker
136 160 819 214 874 id_point
137 246 793 285 832 marker
137 159 817 215 871 id_point
138 245 793 284 831 marker
138 162 819 216 873 id_point
139 245 793 285 832 marker
139 163 818 216 871 id_point
140 245 792 284 832 marker
140 164 816 217 870 id_point
141 245 794 285 832 marker
142 120 763 175 817 id_point
143 132 778 188 832 id_point
144 162 783 218 838 id_point
145 169 780 214 826 id_point
146 309 789 351 828 marker
146 217 788 273 842 id_point
147 309 788 350 828 marker
147 219 789 274 843 id_point
148 310 789 351 828 marker
148 220 787 275 841 id_point
149 310 788 351 828 marker
149 214 797 269 849 id_point
150 309 790 350 828 marker
150 220 785 276 838 id_point
151 309 789 350 828 marker
151 220 786 274 840 id_point
152 309 790 349 829 marker
152 215 791 270 846 id_point
153 309 789 350 828 marker
153 213 789 270 842 id_point
154 309 790 350 828 marker
154 212 791 268 843 id_point
155 309 790 350 829 marker
155 219 789 274 844 id_point
156 218 786 273 841 id_point
157 217 786 272 840 id_point
158 214 790 269 843 id_point
158 220 861 248 897 marker
159 236 796 294 850 id_point
160 375 786 415 824 marker
160 289 796 346 850 id_point
161 376 787 415 824 marker
161 320 807 376 861 id_point
162 375 787 414 823 marker
162 320 806 376 864 id_point
163 376 787 415 824 marker
163 324 813 378 871 id_point
164 376 787 414 824 marker
164 323 815 379 871 id_point
165 377 787 416 824 marker
165 326 812 373 862 id_point
166 377 787 415 824 marker
166 323 818 378 873 id_point
167 376 787 415 824 marker
167 322 814 377 871 id_point
168 377 787 415 825 marker
168 321 819 377 873 id_point
169 376 787 415 825 marker
170 323 821 378 879 id_point
171 323 817 377 875 id_point
172 328 821 372 876 id_point
173 440 782 478 821 marker
173 364 826 418 882 id_point
174 435 824 486 877 id_point
174 440 781 478 818 marker
175 440 782 478 818 marker
175 436 829 487 882 id_point
176 435 824 486 875 id_point
176 439 781 478 818 marker
177 439 781 477 818 marker
177 433 820 484 873 id_point
178 439 781 477 818 marker
178 432 827 485 878 id_point
179 433 824 483 877 id_point
179 439 781 477 818 marker
180 439 781 477 817 marker
180 432 820 484 871 id_point
181 432 820 484 870 id_point
181 439 781 477 817 marker
182 432 821 486 874 id_point
183 435 819 489 871 id_point
184 441 814 492 863 id_point
185 438 817 492 867 id_point
186 248 857 287 895 marker
187 247 858 287 896 marker
187 122 886 178 940 id_point
188 247 858 286 896 marker
188 123 886 179 939 id_point
189 247 857 287 896 marker
189 130 884 173 932 id_point
190 247 858 287 897 marker
190 126 884 183 940 id_point
191 247 858 286 896 marker
191 128 885 183 939 id_point
192 248 857 288 895 marker
192 131 888 178 937 id_point
193 247 857 286 896 marker
193 127 889 185 948 id_point
194 247 857 286 895 marker
194 127 891 175 939 id_point
195 247 857 287 895 marker
195 128 893 185 949 id_point
196 128 886 184 942 id_point
197 129 886 187 943 id_point
198 215 929 278 983 id_point
199 221 930 279 983 id_point
200 264 966 316 1018 id_point
201 312 855 353 892 marker
201 264 965 318 1018 id_point
202 313 854 353 892 marker
202 232 944 289 1001 id_point
203 313 855 353 892 marker
204 313 855 353 892 marker
204 234 952 276 997 id_point
205 313 855 353 892 marker
206 313 854 353 892 marker
206 228 952 282 1006 id_point
207 313 854 353 892 marker
207 228 948 284 1006 id_point
208 313 854 352 892 marker
208 229 973 286 1027 id_point
209 313 854 353 892 marker
209 236 976 278 1028 id_point
210 312 853 353 892 marker
210 228 968 284 1026 id_point
211 228 968 283 1023 id_point
212 256 982 310 1034 id_point
213 261 978 312 1034 id_point
214 310 1057 364 1112 id_point
215 377 852 417 887 marker
216 412 1122 463 1173 id_point
216 378 851 418 887 marker
217 378 851 417 887 marker
218 378 851 417 888 marker
218 395 1104 447 1158 id_point
219 378 852 417 887 marker
220 378 852 417 887 marker
221 377 851 417 887 marker
222 378 852 417 888 marker
223 378 852 417 888 marker
224 377 851 417 887 marker
229 438 844 478 883 marker
229 370 787 424 842 id_point
230 439 844 478 882 marker
231 439 844 479 882 marker
231 571 1176 627 1229 id_point
232 439 845 479 882 marker
233 439 845 479 882 marker
234 439 845 479 883 marker
235 439 846 479 883 marker
236 439 846 478 883 marker
237 439 846 478 883 marker
238 439 845 479 882 marker
239 570 1171 620 1226 id_point
240 549 1149 603 1197 id_point
241 555 1160 605 1205 id_point
242 557 1162 607 1211 id_point
243 550 1147 603 1195 id_point
243 372 1002 401 1035 marker
244 372 1002 403 1036 marker
245 251 748 302 803 id_point
245 372 1002 402 1036 marker
246 264 724 314 777 id_point
246 371 1001 401 1036 marker
247 371 1003 403 1037 marker
247 318 818 346 847 marker
248 141 657 196 714 id_point
248 372 1001 401 1036 marker
249 288 717 344 772 id_point
249 371 1002 401 1036 marker
250 293 719 348 774 id_point
250 371 1002 403 1036 marker
251 361 882 415 935 id_point
251 371 1002 404 1036 marker
252 242 846 298 899 id_point
252 372 1002 402 1035 marker
252 319 917 355 959 id_point
253 399 779 456 833 id_point
253 371 1003 402 1038 marker
253 319 917 356 963 id_point
254 304 744 352 789 id_point
254 374 1002 405 1036 marker
255 322 821 350 850 marker
255 373 1003 405 1040 marker
