0 211 626 263 678 id_point
1 212 620 264 673 id_point
3 282 294 336 352 id_point
4 282 295 336 350 id_point
5 278 291 335 349 id_point
6 279 292 334 350 id_point
7 275 293 334 350 id_point
8 270 309 322 366 id_point
9 270 309 323 365 id_point
10 269 308 322 364 id_point
11 269 309 321 364 id_point
12 241 247 299 305 id_point
13 242 248 299 305 id_point
14 240 247 296 304 id_point
15 241 248 296 304 id_point
16 263 299 319 356 id_point
17 264 299 318 355 id_point
18 265 296 321 354 id_point
19 266 296 321 351 id_point
20 270 296 325 352 id_point
21 271 296 326 352 id_point
22 272 303 326 359 id_point
23 272 304 325 359 id_point
24 270 314 323 370 id_point
26 207 587 260 637 id_point
27 206 619 258 671 id_point
28 206 619 258 671 id_point
29 209 624 259 676 id_point
30 205 622 258 675 id_point
31 204 617 256 671 id_point
32 203 620 256 673 id_point
33 206 619 255 669 id_point
34 202 622 254 674 id_point
35 204 622 258 673 id_point
36 205 616 257 668 id_point
37 207 616 258 669 id_point
38 207 617 260 670 id_point
39 207 618 258 670 id_point
40 205 619 259 671 id_point
41 208 616 261 669 id_point
42 210 617 262 669 id_point
43 207 618 261 671 id_point
44 209 612 261 664 id_point
45 209 613 261 665 id_point
46 210 612 261 664 id_point
47 210 608 263 660 id_point
48 211 599 262 651 id_point
49 208 598 261 651 id_point
50 206 602 260 655 id_point
51 210 603 263 655 id_point
52 211 608 263 659 id_point
53 211 607 263 659 id_point
54 209 603 262 655 id_point
55 196 426 229 463 marker
55 206 606 258 656 id_point
56 196 426 229 462 marker
56 208 601 261 655 id_point
57 197 426 229 462 marker
57 209 601 262 655 id_point
58 197 427 230 462 marker
58 210 607 262 658 id_point
59 196 428 233 463 marker
60 216 378 271 433 id_point
60 194 428 234 465 marker
61 216 372 272 430 id_point
61 192 429 236 465 marker
62 218 373 272 428 id_point
62 196 429 233 466 marker
63 216 370 270 428 id_point
63 193 428 235 463 marker
64 218 370 272 424 id_point
64 195 428 232 466 marker
65 217 368 271 424 id_point
65 195 428 233 466 marker
66 217 368 272 423 id_point
66 195 429 235 466 marker
67 218 369 273 425 id_point
67 194 429 235 464 marker
68 217 369 272 425 id_point
68 194 429 233 465 marker
69 218 369 272 423 id_point
69 195 430 234 466 marker
70 218 368 273 424 id_point
70 194 429 235 464 marker
71 217 368 271 423 id_point
71 194 429 235 464 marker
72 217 368 271 423 id_point
72 194 429 236 464 marker
73 218 368 272 423 id_point
73 197 431 235 467 marker
74 218 368 271 423 id_point
75 216 371 271 425 id_point
76 217 371 271 425 id_point
77 217 372 271 425 id_point
78 217 371 271 426 id_point
79 218 371 272 425 id_point
80 217 373 272 426 id_point
81 294 369 360 412 id_point
82 350 370 404 425 id_point
82 386 434 425 471 marker
83 391 373 445 429 id_point
83 386 434 424 471 marker
84 390 375 447 431 id_point
84 386 434 424 470 marker
85 400 375 454 431 id_point
85 385 434 425 470 marker
86 399 377 453 430 id_point
86 386 435 425 470 marker
87 397 375 453 430 id_point
87 386 434 426 470 marker
88 398 372 453 426 id_point
88 386 432 426 470 marker
89 399 371 453 427 id_point
89 387 433 426 469 marker
90 399 371 451 426 id_point
90 386 432 426 469 marker
91 398 371 452 426 id_point
91 386 432 426 470 marker
92 399 372 453 427 id_point
92 388 433 426 470 marker
93 399 374 453 428 id_point
93 387 433 426 469 marker
94 397 372 452 426 id_point
94 386 431 427 469 marker
95 397 372 451 427 id_point
95 387 431 427 470 marker
96 398 374 451 427 id_point
96 387 432 427 470 marker
97 398 372 453 427 id_point
97 387 432 427 470 marker
98 399 372 453 427 id_point
98 386 432 426 469 marker
99 399 373 453 427 id_point
99 387 431 427 469 marker
100 399 372 454 428 id_point
100 387 432 427 469 marker
101 399 373 454 428 id_point
102 400 372 454 427 id_point
103 396 373 453 431 id_point
104 396 376 450 430 id_point
105 393 376 448 431 id_point
106 312 420 357 464 id_point
107 222 481 276 533 id_point
108 222 481 275 535 id_point
108 196 625 235 666 marker
109 204 601 260 655 id_point
110 203 599 260 657 id_point
111 202 605 258 658 id_point
112 202 605 259 659 id_point
113 201 604 257 658 id_point
114 201 603 257 659 id_point
115 201 602 256 657 id_point
116 201 602 256 656 id_point
117 202 602 258 656 id_point
118 202 603 258 656 id_point
119 202 604 260 658 id_point
120 201 602 259 656 id_point
121 202 603 259 656 id_point
122 203 603 260 658 id_point
123 202 603 260 656 id_point
124 202 603 259 657 id_point
125 201 603 260 656 id_point
126 203 605 256 656 id_point
127 207 602 260 655 id_point
128 208 607 258 656 id_point
129 206 606 258 656 id_point
130 205 607 257 657 id_point
131 206 606 258 656 id_point
132 208 603 260 655 id_point
133 209 603 261 656 id_point
134 395 618 431 662 marker
134 339 582 392 636 id_point
135 381 598 437 658 id_point
136 386 601 448 657 id_point
137 394 602 450 659 id_point
138 395 602 451 659 id_point
139 396 600 450 661 id_point
140 395 602 451 658 id_point
141 396 601 452 658 id_point
142 392 599 450 659 id_point
143 394 598 450 658 id_point
144 395 599 451 657 id_point
145 394 597 450 658 id_point
146 392 598 450 656 id_point
147 394 598 450 656 id_point
148 394 598 451 656 id_point
149 393 598 450 656 id_point
150 392 598 450 657 id_point
151 393 598 449 656 id_point
152 395 597 450 653 id_point
153 393 598 450 652 id_point
154 393 598 451 652 id_point
155 395 597 450 652 id_point
156 230 609 290 665 id_point
157 228 611 278 663 id_point
158 226 611 279 664 id_point
159 225 611 277 665 id_point
160 196 635 250 688 id_point
160 294 580 334 620 marker
160 255 416 281 441 marker
160 254 491 285 539 marker
160 335 486 381 536 id_point
161 198 632 251 685 id_point
161 293 581 331 618 marker
161 253 493 286 538 marker
162 198 631 251 684 id_point
162 294 582 334 620 marker
162 255 490 286 537 marker
163 295 582 332 618 marker
163 254 494 285 537 marker
163 201 620 258 675 id_point
164 297 581 333 620 marker
164 229 282 282 337 id_point
164 255 493 287 539 marker
