0 72 379 106 410 gear
1 81 395 116 429 gear
2 97 508 135 545 gear
2 87 851 97 874 screw
2 91 866 100 884 screw
2 68 841 77 862 screw
3 84 831 93 852 screw
3 101 841 112 863 screw
3 106 857 115 876 screw
3 110 512 149 552 gear
4 79 455 171 541 gear
4 77 837 87 858 screw
4 101 860 110 883 screw
4 98 845 108 870 screw
4 147 497 205 557 gear
4 79 818 97 824 screw
5 111 538 203 624 gear
5 182 573 243 639 gear
6 254 509 315 568 gear
7 140 877 150 896 screw
7 181 521 227 575 gear
7 119 867 128 886 screw
