0 180 538 235 596 id_point
0 329 935 366 968 marker
0 290 857 321 905 marker
1 179 531 235 585 id_point
1 327 933 363 967 marker
1 289 858 319 902 marker
1 392 703 421 772 id_point
2 207 745 263 800 id_point
2 328 935 366 969 marker
2 289 858 321 906 marker
2 391 706 420 775 id_point
3 211 760 265 818 id_point
3 327 937 365 970 marker
3 289 861 320 907 marker
3 392 706 421 780 id_point
4 329 938 365 970 marker
4 221 763 263 810 id_point
4 290 860 322 905 marker
4 393 707 424 775 id_point
5 216 762 272 818 id_point
5 330 938 367 971 marker
5 290 862 321 906 marker
5 394 708 424 777 id_point
6 218 761 275 820 id_point
6 330 939 365 971 marker
6 290 862 321 907 marker
7 217 764 273 820 id_point
7 330 939 367 970 marker
7 290 863 322 906 marker
7 395 707 425 778 id_point
8 218 765 274 823 id_point
8 330 940 367 973 marker
8 290 864 322 909 marker
8 394 708 422 780 id_point
9 218 766 273 822 id_point
9 331 941 367 972 marker
9 291 862 322 908 marker
9 394 708 424 778 id_point
9 372 854 417 900 id_point
10 220 766 275 819 id_point
10 331 941 366 972 marker
10 290 864 322 907 marker
10 394 708 422 781 id_point
11 219 763 275 820 id_point
11 331 941 366 972 marker
11 291 864 321 907 marker
11 394 709 423 781 id_point
12 215 767 273 821 id_point
12 331 941 367 974 marker
12 292 862 322 910 marker
14 213 637 265 698 id_point
15 146 591 202 647 id_point
16 146 591 202 646 id_point
18 138 582 196 639 id_point
19 138 587 195 645 id_point
20 137 588 195 645 id_point
21 140 584 197 640 id_point
22 141 586 196 643 id_point
23 143 584 198 640 id_point
24 142 585 199 641 id_point
25 224 653 279 708 id_point
26 224 669 279 725 id_point
27 225 683 280 737 id_point
28 222 691 277 745 id_point
29 146 588 202 644 id_point
30 142 586 200 643 id_point
31 213 703 271 759 id_point
32 215 705 272 761 id_point
32 222 759 248 795 marker
33 141 580 200 638 id_point
34 143 580 203 643 id_point
35 147 589 204 647 id_point
36 146 587 204 643 id_point
37 147 587 204 644 id_point
38 148 587 204 643 id_point
39 145 586 203 643 id_point
40 145 586 203 645 id_point
41 145 590 201 645 id_point
42 145 587 201 643 id_point
43 147 585 203 642 id_point
44 146 586 202 643 id_point
45 147 589 203 643 id_point
46 148 589 204 644 id_point
47 148 588 204 644 id_point
48 148 585 204 641 id_point
48 226 652 265 695 marker
49 148 586 204 642 id_point
49 225 651 266 695 marker
50 147 587 202 642 id_point
50 226 653 267 695 marker
51 145 587 201 643 id_point
51 225 653 266 695 marker
52 146 588 202 644 id_point
52 226 653 266 695 marker
53 147 586 204 643 id_point
53 227 653 266 695 marker
54 227 653 266 694 marker
54 195 578 242 622 id_point
55 146 587 203 643 id_point
55 226 654 264 696 marker
56 143 584 200 641 id_point
56 227 654 265 696 marker
57 141 586 197 642 id_point
57 225 652 264 695 marker
58 140 587 197 642 id_point
59 140 587 197 643 id_point
60 148 585 204 641 id_point
61 150 584 207 642 id_point
62 237 590 292 644 id_point
62 293 653 333 693 marker
63 234 587 288 642 id_point
63 293 654 333 693 marker
64 234 588 288 642 id_point
64 294 654 333 693 marker
65 230 589 287 640 id_point
65 292 654 333 693 marker
66 232 587 285 640 id_point
66 292 655 333 694 marker
67 232 587 286 641 id_point
67 292 654 333 693 marker
68 232 588 286 642 id_point
68 293 655 334 694 marker
69 232 586 286 639 id_point
69 294 653 334 693 marker
70 234 585 289 639 id_point
70 293 653 335 694 marker
71 235 586 289 640 id_point
72 234 585 288 640 id_point
73 235 584 290 639 id_point
74 310 585 363 640 id_point
75 317 589 372 644 id_point
75 361 651 399 691 marker
76 321 584 378 641 id_point
76 360 651 398 690 marker
77 323 585 378 639 id_point
77 360 652 399 691 marker
78 322 585 378 642 id_point
78 361 652 399 691 marker
79 323 584 379 641 id_point
79 361 652 399 691 marker
80 323 585 379 642 id_point
80 360 652 399 692 marker
81 360 652 399 691 marker
81 322 587 378 643 id_point
82 321 586 377 639 id_point
82 361 653 399 691 marker
83 322 587 376 640 id_point
83 360 653 399 691 marker
84 322 585 377 641 id_point
85 322 583 377 640 id_point
86 323 583 380 641 id_point
87 400 580 453 636 id_point
88 407 585 463 642 id_point
88 422 647 461 687 marker
89 407 586 462 641 id_point
89 423 649 462 687 marker
90 406 584 461 640 id_point
90 422 648 461 686 marker
91 422 649 461 687 marker
91 402 582 460 636 id_point
92 405 585 458 639 id_point
92 423 647 461 686 marker
93 405 585 459 638 id_point
93 422 648 461 686 marker
94 407 584 462 639 id_point
94 423 648 462 687 marker
95 407 584 461 638 id_point
95 423 648 461 687 marker
96 407 583 463 639 id_point
96 422 648 462 687 marker
97 407 586 462 642 id_point
98 400 592 451 644 id_point
99 400 591 451 646 id_point
100 399 590 449 645 id_point
101 177 693 233 747 id_point
101 233 721 270 761 marker
102 232 722 268 762 marker
102 168 699 221 753 id_point
103 232 721 269 761 marker
103 151 691 204 745 id_point
104 232 721 269 762 marker
104 147 690 200 746 id_point
105 231 722 270 761 marker
105 147 690 200 745 id_point
106 231 721 270 761 marker
106 149 686 202 741 id_point
107 231 721 270 761 marker
107 148 686 203 740 id_point
108 230 721 269 760 marker
108 148 686 201 740 id_point
109 149 684 202 738 id_point
109 230 722 269 762 marker
110 231 721 269 761 marker
110 149 685 203 739 id_point
111 150 684 204 738 id_point
113 163 686 218 740 id_point
114 245 692 299 745 id_point
115 246 694 300 747 id_point
115 297 721 337 759 marker
116 246 695 298 745 id_point
116 297 721 337 759 marker
117 242 692 295 743 id_point
117 296 721 338 760 marker
118 240 692 295 751 id_point
118 297 720 338 760 marker
119 241 694 296 747 id_point
119 297 720 338 760 marker
120 241 691 295 746 id_point
120 296 720 337 759 marker
121 240 689 296 743 id_point
121 296 719 337 759 marker
122 243 690 296 743 id_point
122 295 719 336 758 marker
123 242 689 296 742 id_point
123 295 719 335 759 marker
124 243 689 296 742 id_point
124 295 719 335 759 marker
125 244 687 297 738 id_point
126 244 687 297 740 id_point
127 245 690 298 742 id_point
128 255 696 310 749 id_point
129 363 718 402 757 marker
129 286 677 339 730 id_point
130 363 717 402 756 marker
130 306 682 361 737 id_point
131 364 717 402 757 marker
131 308 684 362 739 id_point
132 365 720 400 757 marker
132 327 716 383 768 id_point
133 366 720 400 757 marker
133 329 714 380 768 id_point
134 364 719 398 757 marker
134 323 717 376 770 id_point
135 367 718 401 755 marker
135 328 721 378 775 id_point
136 364 717 402 754 marker
136 329 720 380 774 id_point
137 363 718 402 754 marker
137 330 721 380 775 id_point
138 362 717 403 757 marker
138 327 716 372 758 id_point
139 322 721 377 775 id_point
140 324 716 377 772 id_point
141 349 707 402 762 id_point
142 349 705 401 758 id_point
143 424 713 475 766 id_point
144 427 709 468 751 marker
145 424 712 463 752 marker
146 428 713 494 765 id_point
146 423 713 466 752 marker
147 425 700 475 757 id_point
148 419 698 476 756 id_point
149 423 696 477 753 id_point
150 419 697 481 757 id_point
151 426 701 484 753 id_point
153 423 707 472 761 id_point
154 423 704 471 760 id_point
155 286 760 338 804 id_point
156 229 785 266 826 marker
156 110 768 167 823 id_point
157 226 787 267 827 marker
157 108 777 163 831 id_point
158 225 787 266 827 marker
158 105 781 160 836 id_point
159 227 787 267 827 marker
159 103 787 159 842 id_point
160 227 787 268 828 marker
161 227 788 268 827 marker
161 104 787 160 842 id_point
162 107 786 162 841 id_point
162 228 787 269 827 marker
163 108 782 162 837 id_point
163 228 787 268 827 marker
164 108 782 161 837 id_point
164 227 789 267 827 marker
165 107 783 162 838 id_point
165 228 788 268 828 marker
166 106 785 161 838 id_point
167 116 781 172 837 id_point
168 120 779 177 835 id_point
169 171 812 228 869 id_point
170 178 812 232 870 id_point
170 294 783 335 823 marker
171 221 826 276 880 id_point
171 294 783 334 823 marker
172 294 784 333 822 marker
172 216 819 273 873 id_point
173 212 825 270 879 id_point
173 294 785 334 823 marker
174 212 826 270 879 id_point
174 295 784 335 823 marker
175 212 827 270 879 id_point
175 295 783 335 823 marker
176 295 786 334 824 marker
176 214 825 271 882 id_point
177 295 786 334 825 marker
177 215 827 271 879 id_point
178 210 825 268 879 id_point
178 295 787 334 824 marker
179 210 825 268 878 id_point
180 227 822 266 868 id_point
181 243 831 296 884 id_point
182 244 829 296 882 id_point
183 312 849 363 904 id_point
183 360 782 399 820 marker
184 349 870 400 926 id_point
184 360 781 397 819 marker
185 346 868 400 923 id_point
185 361 781 398 820 marker
186 345 867 399 921 id_point
186 359 782 397 820 marker
187 345 868 400 924 id_point
187 359 782 397 820 marker
188 346 866 399 918 id_point
188 359 782 398 820 marker
189 348 871 403 925 id_point
189 360 782 398 821 marker
190 347 874 402 929 id_point
190 361 782 397 821 marker
191 345 875 400 928 id_point
191 361 782 398 821 marker
192 347 873 401 927 id_point
192 361 783 397 821 marker
193 347 868 402 921 id_point
194 381 880 433 931 id_point
195 381 876 434 932 id_point
196 423 773 462 816 marker
196 464 925 515 983 id_point
197 528 962 583 1020 id_point
197 423 774 463 816 marker
198 524 944 580 1000 id_point
198 422 773 463 815 marker
199 422 773 463 815 marker
200 519 938 575 995 id_point
200 423 774 462 814 marker
201 517 931 571 988 id_point
201 423 773 463 814 marker
202 515 930 572 988 id_point
202 422 774 463 815 marker
203 519 936 574 995 id_point
203 423 774 463 815 marker
204 519 935 574 992 id_point
204 423 774 462 814 marker
205 423 774 463 815 marker
205 521 937 577 995 id_point
206 423 774 463 815 marker
208 530 956 586 1011 id_point
209 524 953 578 1009 id_point
211 233 853 270 891 marker
211 127 929 174 978 id_point
212 128 897 184 953 id_point
212 233 852 271 891 marker
213 130 899 183 953 id_point
213 233 852 271 890 marker
214 129 896 185 951 id_point
214 233 851 271 889 marker
215 130 898 185 952 id_point
215 233 852 269 889 marker
216 131 896 185 951 id_point
216 233 851 271 890 marker
217 131 897 185 953 id_point
217 233 851 271 890 marker
218 233 851 270 888 marker
218 142 892 184 936 id_point
219 134 887 187 943 id_point
219 233 851 270 889 marker
220 136 889 192 943 id_point
220 232 851 271 890 marker
221 142 897 196 951 id_point
222 141 898 194 953 id_point
223 163 900 218 957 id_point
224 167 899 223 956 id_point
225 231 933 286 989 id_point
225 296 849 337 887 marker
226 297 848 338 886 marker
226 241 936 294 990 id_point
227 295 849 336 887 marker
227 246 936 296 990 id_point
228 296 849 338 887 marker
228 240 942 294 996 id_point
229 296 848 337 886 marker
229 244 941 298 998 id_point
230 223 928 281 987 id_point
230 296 848 337 886 marker
231 223 931 279 987 id_point
231 296 847 336 886 marker
232 223 934 278 990 id_point
232 295 848 335 886 marker
233 224 930 280 987 id_point
233 295 847 335 886 marker
234 227 926 285 983 id_point
235 242 922 298 978 id_point
236 260 931 314 986 id_point
238 351 976 404 1032 id_point
238 360 845 398 884 marker
239 351 968 404 1020 id_point
239 360 845 399 883 marker
240 353 966 406 1022 id_point
240 360 845 400 884 marker
241 354 975 405 1033 id_point
241 360 846 398 883 marker
242 351 978 404 1033 id_point
242 360 846 399 884 marker
243 351 973 403 1029 id_point
243 360 845 400 884 marker
244 353 973 406 1029 id_point
244 360 845 399 883 marker
245 349 964 402 1019 id_point
245 360 844 399 883 marker
246 348 965 401 1023 id_point
246 359 844 399 883 marker
247 348 965 401 1021 id_point
248 352 964 400 1017 id_point
249 367 974 420 1030 id_point
251 423 839 461 876 marker
251 423 1006 479 1067 id_point
252 422 839 461 877 marker
252 470 1017 524 1078 id_point
253 471 1010 524 1067 id_point
253 422 839 460 877 marker
254 472 1012 525 1073 id_point
254 422 840 461 877 marker
255 474 1022 528 1079 id_point
255 421 839 460 877 marker
256 423 839 461 877 marker
256 477 1023 522 1073 id_point
257 423 839 461 877 marker
258 423 838 461 877 marker
259 423 838 461 876 marker
260 423 838 461 876 marker
261 480 1032 535 1089 id_point
261 421 836 461 877 marker
262 475 1028 531 1089 id_point
264 163 982 218 1036 id_point
265 170 981 225 1037 id_point
266 168 981 224 1038 id_point
266 329 939 364 972 marker
266 288 863 319 908 marker
267 328 939 365 972 marker
267 289 863 319 908 marker
268 330 940 365 972 marker
268 288 862 319 908 marker
268 160 651 203 703 id_point
268 287 785 313 812 marker
269 144 599 201 654 id_point
269 327 940 364 973 marker
269 287 864 318 909 marker
269 287 785 312 813 marker
270 144 592 199 648 id_point
270 328 939 364 972 marker
270 286 863 318 908 marker
271 143 584 199 640 id_point
271 326 938 365 971 marker
271 286 862 318 907 marker
271 286 782 313 812 marker
272 143 585 198 641 id_point
272 327 940 364 972 marker
272 286 863 318 908 marker
273 326 937 364 972 marker
273 285 862 318 908 marker
