0 243 593 297 653 id_point
1 245 586 300 644 id_point
2 246 591 301 647 id_point
3 249 593 303 650 id_point
4 250 593 304 649 id_point
5 251 589 306 645 id_point
6 249 592 305 648 id_point
7 249 591 305 644 id_point
8 249 592 305 648 id_point
9 249 594 305 647 id_point
10 251 592 307 647 id_point
11 250 593 307 647 id_point
12 250 594 307 648 id_point
13 249 596 305 648 id_point
14 247 596 304 650 id_point
15 249 596 304 648 id_point
16 249 597 305 649 id_point
17 248 596 305 649 id_point
18 249 593 305 646 id_point
19 251 594 307 649 id_point
20 252 595 306 648 id_point
21 250 594 305 649 id_point
22 251 593 305 650 id_point
23 251 593 306 648 id_point
24 252 592 307 648 id_point
25 250 594 305 649 id_point
25 112 428 151 468 marker
26 112 429 152 467 marker
26 250 588 303 645 id_point
27 78 351 139 411 id_point
27 113 427 153 467 marker
28 113 427 154 465 marker
28 76 378 133 432 id_point
29 76 378 133 435 id_point
29 114 428 154 466 marker
30 114 428 155 466 marker
30 76 379 133 434 id_point
31 114 428 154 467 marker
31 77 379 134 435 id_point
32 113 428 154 467 marker
32 76 393 119 436 id_point
33 114 428 154 467 marker
33 78 379 135 435 id_point
34 114 428 154 467 marker
34 79 381 135 437 id_point
35 80 385 136 439 id_point
36 81 386 136 440 id_point
37 75 387 131 441 id_point
38 173 380 228 436 id_point
39 209 427 252 466 marker
39 170 380 222 431 id_point
40 210 427 251 465 marker
40 163 377 217 430 id_point
41 210 427 251 466 marker
41 161 375 216 428 id_point
42 159 376 214 429 id_point
42 211 427 252 466 marker
43 158 375 214 429 id_point
43 211 427 252 466 marker
44 158 376 214 429 id_point
44 210 427 252 467 marker
45 209 428 252 466 marker
45 162 377 216 429 id_point
46 211 427 251 466 marker
46 163 376 217 429 id_point
47 212 427 251 465 marker
47 159 406 213 457 id_point
48 159 406 213 458 id_point
49 160 407 214 456 id_point
50 160 408 215 459 id_point
51 246 408 300 461 id_point
52 250 405 304 459 id_point
52 311 426 353 464 marker
53 253 405 307 459 id_point
53 311 426 353 465 marker
54 251 404 306 457 id_point
54 311 425 353 464 marker
55 252 403 306 457 id_point
55 313 427 353 465 marker
56 251 403 305 457 id_point
56 312 426 353 465 marker
57 252 404 306 458 id_point
57 312 426 354 465 marker
58 252 405 305 460 id_point
58 312 426 354 465 marker
59 251 406 305 460 id_point
59 312 427 352 466 marker
60 250 405 304 458 id_point
60 312 426 354 465 marker
61 251 404 305 459 id_point
62 251 403 305 457 id_point
63 273 411 327 467 id_point
64 274 412 327 467 id_point
65 315 405 370 460 id_point
65 410 427 448 467 marker
66 342 403 396 456 id_point
66 410 428 449 467 marker
67 340 406 395 460 id_point
67 411 428 450 467 marker
68 342 405 395 461 id_point
68 411 429 450 468 marker
69 341 406 395 461 id_point
69 410 428 449 468 marker
70 339 408 394 462 id_point
70 410 429 449 469 marker
71 342 408 395 462 id_point
71 411 430 449 469 marker
72 343 408 396 462 id_point
72 411 429 450 468 marker
73 343 407 396 463 id_point
73 411 429 450 469 marker
74 343 406 397 461 id_point
74 411 429 450 468 marker
75 343 406 396 462 id_point
76 344 407 396 462 id_point
77 352 418 405 475 id_point
78 351 419 405 476 id_point
79 434 417 487 473 id_point
79 504 433 542 472 marker
80 434 417 487 473 id_point
80 503 433 541 472 marker
81 504 434 540 472 marker
81 434 415 486 470 id_point
82 504 433 541 472 marker
82 433 416 485 472 id_point
83 433 415 485 469 id_point
83 504 433 542 472 marker
84 504 434 541 472 marker
84 430 413 482 466 id_point
85 504 433 541 472 marker
85 429 413 482 466 id_point
86 505 434 541 473 marker
86 429 413 482 466 id_point
87 505 434 541 473 marker
87 429 413 481 466 id_point
88 505 434 541 473 marker
88 427 413 480 466 id_point
89 446 419 489 464 id_point
90 285 426 326 471 id_point
91 35 507 88 557 id_point
92 63 524 115 576 id_point
93 111 525 152 566 marker
93 46 492 97 542 id_point
94 112 525 151 566 marker
94 52 511 102 564 id_point
95 112 525 151 565 marker
95 52 511 104 566 id_point
96 112 525 151 565 marker
96 50 511 103 565 id_point
97 111 525 150 565 marker
97 51 511 104 566 id_point
98 110 526 152 566 marker
98 51 514 105 567 id_point
99 111 526 153 566 marker
99 53 514 108 567 id_point
100 113 525 153 565 marker
100 54 514 108 568 id_point
101 112 524 152 565 marker
101 54 513 108 566 id_point
102 53 514 107 565 id_point
103 55 514 109 566 id_point
104 88 524 143 576 id_point
105 91 526 146 578 id_point
106 152 526 207 577 id_point
107 210 523 252 565 marker
107 153 515 206 572 id_point
108 211 524 252 565 marker
108 151 515 204 569 id_point
109 212 525 253 565 marker
109 151 514 205 568 id_point
110 149 515 202 568 id_point
110 211 524 253 565 marker
111 211 523 252 566 marker
111 147 512 200 567 id_point
112 211 524 253 565 marker
112 146 516 199 568 id_point
113 211 522 253 564 marker
113 142 518 196 571 id_point
114 210 524 252 565 marker
114 145 516 198 570 id_point
115 211 524 252 565 marker
115 146 516 199 570 id_point
116 146 515 200 569 id_point
117 155 519 209 570 id_point
118 159 519 213 570 id_point
119 320 524 355 566 marker
119 280 521 330 577 id_point
120 254 515 307 571 id_point
120 312 523 356 565 marker
121 315 523 356 564 marker
121 251 515 305 570 id_point
122 314 523 356 564 marker
122 249 515 303 569 id_point
123 314 523 356 565 marker
123 248 517 303 572 id_point
124 315 523 356 565 marker
124 249 517 303 571 id_point
125 313 523 355 564 marker
125 249 516 303 571 id_point
126 313 523 355 565 marker
126 247 514 302 572 id_point
127 314 524 355 565 marker
127 248 516 302 573 id_point
128 314 523 356 565 marker
128 247 520 302 574 id_point
129 249 518 302 572 id_point
130 249 517 302 573 id_point
131 249 519 302 573 id_point
132 252 523 306 575 id_point
133 415 523 455 564 marker
134 415 524 455 564 marker
134 357 522 410 577 id_point
135 416 523 455 564 marker
135 357 519 410 577 id_point
136 415 524 455 564 marker
136 357 519 411 576 id_point
137 416 524 455 565 marker
137 359 525 413 581 id_point
138 416 523 456 565 marker
138 361 521 412 577 id_point
139 415 524 456 564 marker
139 361 521 413 576 id_point
140 415 524 456 564 marker
140 357 521 413 579 id_point
141 415 524 456 564 marker
141 356 521 410 578 id_point
142 415 524 456 565 marker
142 355 524 410 580 id_point
143 355 524 408 579 id_point
145 373 493 430 549 id_point
147 515 525 549 566 marker
147 473 496 527 555 id_point
148 475 497 530 558 id_point
148 514 525 550 565 marker
149 510 525 550 566 marker
150 479 501 534 560 id_point
150 514 527 550 567 marker
151 512 527 549 567 marker
151 482 502 535 558 id_point
152 481 500 535 560 id_point
152 514 526 550 567 marker
153 479 504 532 561 id_point
153 513 527 548 566 marker
154 481 502 534 560 id_point
154 514 528 549 567 marker
155 481 501 536 560 id_point
155 511 525 549 565 marker
156 513 526 550 565 marker
156 483 500 536 558 id_point
157 512 526 549 566 marker
157 486 500 537 557 id_point
158 483 502 535 558 id_point
159 483 507 537 564 id_point
160 484 508 538 563 id_point
161 15 558 65 607 id_point
162 112 627 152 669 marker
162 2 580 53 637 id_point
163 112 626 152 670 marker
163 1 617 45 672 id_point
164 1 621 45 677 id_point
164 112 627 151 670 marker
165 1 625 48 678 id_point
165 112 627 152 671 marker
166 112 626 151 669 marker
167 112 627 151 670 marker
168 111 627 152 669 marker
169 111 627 152 669 marker
170 111 628 152 670 marker
170 45 566 81 608 id_point
172 0 658 31 710 id_point
173 0 659 33 713 id_point
174 52 679 107 728 id_point
175 213 627 253 669 marker
175 55 680 111 731 id_point
176 213 626 253 669 marker
176 55 685 110 737 id_point
177 213 627 253 669 marker
177 54 685 108 734 id_point
178 213 626 253 669 marker
178 54 686 107 734 id_point
179 212 627 255 669 marker
179 54 685 107 734 id_point
180 212 628 253 669 marker
180 53 684 107 733 id_point
181 213 627 254 669 marker
181 115 656 169 710 id_point
182 213 626 253 669 marker
182 114 652 168 706 id_point
183 212 625 254 668 marker
183 114 650 169 705 id_point
184 115 651 169 706 id_point
185 115 651 169 706 id_point
186 115 649 170 705 id_point
187 115 646 175 701 id_point
188 176 658 231 713 id_point
189 316 625 358 669 marker
189 253 667 308 722 id_point
190 315 626 358 669 marker
190 253 664 307 717 id_point
191 316 626 359 669 marker
191 253 661 307 718 id_point
192 316 627 358 669 marker
192 251 664 306 719 id_point
193 315 625 358 668 marker
193 247 663 303 718 id_point
194 315 626 358 668 marker
194 248 662 304 718 id_point
195 249 662 305 717 id_point
195 315 626 358 668 marker
196 250 664 307 718 id_point
196 316 625 359 668 marker
197 316 625 359 668 marker
197 248 666 303 719 id_point
198 315 625 357 669 marker
198 248 666 304 719 id_point
199 245 664 303 719 id_point
200 247 662 304 719 id_point
201 363 669 417 725 id_point
202 418 623 458 666 marker
202 365 669 421 722 id_point
203 393 669 450 726 id_point
203 419 625 458 665 marker
204 393 673 451 727 id_point
204 418 625 457 665 marker
205 418 625 459 666 marker
206 418 625 459 665 marker
206 439 740 493 795 id_point
207 419 626 458 666 marker
207 439 738 493 792 id_point
208 419 625 458 665 marker
208 438 738 492 793 id_point
209 418 625 459 666 marker
209 443 746 495 804 id_point
210 418 626 459 666 marker
210 442 744 495 798 id_point
211 419 625 459 666 marker
212 441 737 496 790 id_point
213 438 741 493 800 id_point
215 437 731 494 788 id_point
216 515 625 553 664 marker
217 502 653 556 708 id_point
218 503 655 557 709 id_point
219 502 656 558 711 id_point
220 512 655 565 707 id_point
221 506 656 561 713 id_point
222 510 651 563 706 id_point
223 513 656 567 714 id_point
223 515 625 552 662 marker
224 511 657 568 715 id_point
224 515 625 552 662 marker
225 510 658 565 716 id_point
226 508 656 562 717 id_point
226 516 625 553 664 marker
227 489 651 543 706 id_point
229 37 638 90 689 id_point
230 34 687 84 740 id_point
231 114 730 154 771 marker
231 31 693 84 744 id_point
232 113 730 153 772 marker
232 12 722 63 780 id_point
233 113 731 155 772 marker
233 15 727 69 783 id_point
234 113 730 153 772 marker
234 15 727 69 783 id_point
235 113 731 153 772 marker
235 16 727 71 784 id_point
236 113 731 153 772 marker
236 16 728 70 784 id_point
237 114 731 153 772 marker
237 17 727 71 783 id_point
238 113 731 153 772 marker
238 17 727 72 784 id_point
239 113 731 153 772 marker
239 17 727 72 784 id_point
240 113 731 154 772 marker
240 15 728 71 783 id_point
241 18 731 71 783 id_point
242 20 731 75 783 id_point
243 34 731 88 783 id_point
244 40 727 93 775 id_point
245 214 731 256 772 marker
245 49 733 103 787 id_point
246 213 731 254 773 marker
246 112 739 167 793 id_point
247 214 732 255 773 marker
247 123 737 175 790 id_point
248 214 732 255 772 marker
248 123 739 176 791 id_point
249 214 732 256 773 marker
249 123 737 175 791 id_point
250 213 732 254 773 marker
250 124 737 177 791 id_point
251 214 732 255 773 marker
251 118 736 175 791 id_point
252 214 732 256 774 marker
252 124 740 179 793 id_point
253 214 732 255 774 marker
253 124 740 178 795 id_point
254 122 744 176 798 id_point
255 125 741 180 794 id_point
256 124 742 179 793 id_point
257 317 730 358 772 marker
257 243 739 298 794 id_point
258 317 730 359 772 marker
258 241 746 297 801 id_point
259 317 731 358 773 marker
259 239 748 294 804 id_point
260 316 732 359 773 marker
260 239 748 294 804 id_point
261 317 731 359 772 marker
261 236 748 291 801 id_point
262 317 732 359 772 marker
262 237 747 293 802 id_point
263 316 732 360 773 marker
263 238 748 295 803 id_point
264 316 731 358 773 marker
264 239 747 294 800 id_point
265 316 732 359 773 marker
265 236 747 292 802 id_point
266 316 731 360 772 marker
266 238 746 293 802 id_point
267 237 748 294 801 id_point
268 236 747 292 800 id_point
269 238 746 293 798 id_point
270 338 748 392 803 id_point
271 419 727 458 769 marker
271 346 747 403 802 id_point
272 419 727 458 768 marker
272 351 750 407 804 id_point
273 350 749 406 806 id_point
273 420 728 459 770 marker
274 419 728 460 769 marker
275 419 728 459 770 marker
275 348 756 402 810 id_point
276 419 728 459 769 marker
276 348 755 402 810 id_point
277 419 728 460 770 marker
277 347 758 401 810 id_point
278 420 727 459 770 marker
278 348 748 410 810 id_point
279 419 728 460 769 marker
279 349 754 403 808 id_point
280 419 728 461 768 marker
280 356 761 400 804 id_point
281 349 752 402 807 id_point
282 359 748 413 803 id_point
283 367 744 422 801 id_point
284 442 740 495 796 id_point
285 516 722 553 763 marker
286 515 722 552 762 marker
286 414 761 470 814 id_point
287 516 723 553 764 marker
287 421 753 475 809 id_point
288 516 723 553 763 marker
288 419 753 471 808 id_point
289 516 724 553 763 marker
289 411 750 465 806 id_point
290 516 724 553 763 marker
290 411 750 465 804 id_point
291 516 723 553 764 marker
291 413 748 466 804 id_point
292 516 724 553 763 marker
292 413 750 467 806 id_point
293 516 724 553 762 marker
293 412 749 465 804 id_point
294 516 724 553 762 marker
296 427 734 481 789 id_point
297 427 734 482 790 id_point
298 426 734 480 789 id_point
299 120 830 159 870 marker
300 12 840 67 891 id_point
300 121 832 160 873 marker
301 120 832 159 872 marker
301 2 846 55 897 id_point
302 2 848 52 900 id_point
302 121 833 159 872 marker
303 0 846 52 899 id_point
303 120 832 160 873 marker
304 1 845 50 897 id_point
304 119 832 159 872 marker
305 1 845 50 896 id_point
305 118 832 158 873 marker
306 0 846 52 899 id_point
306 120 832 158 871 marker
307 2 844 53 897 id_point
307 120 832 159 872 marker
308 2 843 56 894 id_point
309 71 840 128 892 id_point
311 217 833 258 873 marker
311 131 865 186 921 id_point
312 216 833 258 874 marker
312 125 865 179 919 id_point
313 117 860 172 915 id_point
313 217 832 259 874 marker
314 114 861 169 916 id_point
314 218 831 259 874 marker
315 217 833 259 874 marker
315 112 859 169 916 id_point
316 115 862 168 916 id_point
316 218 832 259 874 marker
317 112 859 166 915 id_point
317 218 832 259 875 marker
318 112 858 167 914 id_point
318 217 832 259 875 marker
319 218 831 259 874 marker
319 114 857 169 913 id_point
320 113 857 170 913 id_point
320 218 832 258 875 marker
321 118 862 172 915 id_point
322 119 859 174 913 id_point
323 146 863 201 906 id_point
324 318 831 359 871 marker
324 228 857 283 910 id_point
325 227 863 282 919 id_point
325 319 831 359 871 marker
326 224 874 278 929 id_point
326 319 831 360 872 marker
327 222 871 277 926 id_point
327 320 831 359 871 marker
328 223 871 277 926 id_point
328 319 832 359 871 marker
329 223 873 277 927 id_point
329 319 831 359 872 marker
330 222 874 277 929 id_point
330 319 831 360 871 marker
331 319 831 359 872 marker
331 223 872 279 927 id_point
332 319 830 359 871 marker
332 224 872 279 926 id_point
333 222 867 280 922 id_point
334 223 869 279 921 id_point
335 224 866 279 918 id_point
336 313 876 369 931 id_point
337 419 823 459 863 marker
337 316 871 370 928 id_point
338 419 823 459 863 marker
338 342 871 398 928 id_point
339 419 824 458 864 marker
339 340 874 394 929 id_point
340 419 824 459 865 marker
340 337 873 392 929 id_point
341 419 825 459 865 marker
341 338 871 393 927 id_point
342 419 824 459 865 marker
342 337 872 392 928 id_point
343 419 824 459 865 marker
343 340 871 394 926 id_point
344 419 824 459 865 marker
344 338 873 393 928 id_point
345 419 823 459 864 marker
345 338 873 393 929 id_point
346 420 824 459 865 marker
346 339 872 393 928 id_point
347 339 870 394 927 id_point
348 348 863 402 920 id_point
349 636 967 694 1026 id_point
350 515 817 549 855 marker
350 662 966 716 1021 id_point
351 514 815 550 857 marker
351 570 790 610 835 id_point
352 515 817 551 855 marker
353 514 817 551 856 marker
353 669 953 720 1011 id_point
354 515 818 550 856 marker
355 515 817 550 856 marker
355 670 953 720 1009 id_point
356 515 817 550 857 marker
356 670 952 720 1007 id_point
357 515 817 550 855 marker
357 669 950 720 1010 id_point
358 514 817 551 856 marker
358 671 953 720 1008 id_point
359 515 817 551 855 marker
359 670 954 720 1009 id_point
360 668 950 720 1010 id_point
362 470 983 513 1025 id_point
363 81 977 134 1030 id_point
364 49 996 101 1046 id_point
365 77 932 124 977 id_point
367 108 447 155 496 id_point
368 38 365 93 420 id_point
369 33 313 89 366 id_point
371 10 392 65 445 id_point
372 286 489 342 544 id_point
