0 69 209 121 274 id_point
1 235 595 290 650 id_point
4 263 626 318 678 id_point
9 272 627 328 681 id_point
11 242 627 296 682 id_point
12 242 626 297 678 id_point
13 243 623 297 675 id_point
14 240 614 294 667 id_point
15 233 618 289 671 id_point
16 239 615 294 669 id_point
17 243 614 297 670 id_point
18 243 612 297 668 id_point
19 242 617 299 672 id_point
20 240 620 296 674 id_point
21 241 617 296 670 id_point
22 242 616 298 672 id_point
23 244 615 298 670 id_point
24 244 617 298 668 id_point
25 242 615 297 668 id_point
26 243 617 297 671 id_point
27 242 619 299 673 id_point
28 101 423 143 463 marker
28 244 621 297 675 id_point
29 104 423 143 461 marker
29 64 368 119 422 id_point
30 63 368 118 421 id_point
30 103 422 143 461 marker
31 105 423 143 461 marker
31 63 372 118 426 id_point
32 104 423 142 460 marker
32 66 371 119 426 id_point
33 104 423 142 459 marker
33 64 373 118 426 id_point
34 104 423 142 460 marker
34 65 374 119 427 id_point
35 104 422 143 460 marker
35 64 372 118 425 id_point
36 104 423 143 460 marker
36 65 373 119 426 id_point
37 65 376 118 426 id_point
38 68 377 121 431 id_point
39 97 387 154 439 id_point
40 104 371 180 440 id_point
41 168 420 210 460 marker
41 128 374 181 426 id_point
42 167 421 208 460 marker
42 129 375 183 429 id_point
43 167 421 209 460 marker
43 133 375 185 431 id_point
44 168 420 210 459 marker
44 130 377 183 430 id_point
45 168 420 209 460 marker
45 127 375 181 428 id_point
46 128 377 182 431 id_point
46 168 421 209 460 marker
47 168 420 208 458 marker
47 129 377 182 431 id_point
48 167 421 209 460 marker
48 129 376 182 427 id_point
49 168 419 209 459 marker
49 129 374 182 427 id_point
50 127 375 183 427 id_point
50 169 421 207 461 marker
51 129 375 183 430 id_point
52 129 375 183 429 id_point
53 132 380 185 433 id_point
54 196 376 252 434 id_point
54 235 416 277 459 marker
55 196 374 251 430 id_point
55 235 417 277 457 marker
56 194 373 249 428 id_point
56 235 418 277 459 marker
57 193 372 248 428 id_point
57 235 418 277 458 marker
58 194 372 248 425 id_point
58 234 419 277 459 marker
59 195 372 249 425 id_point
59 235 418 277 457 marker
60 195 373 250 427 id_point
60 234 417 277 458 marker
61 194 374 249 428 id_point
61 235 419 277 459 marker
62 192 372 247 425 id_point
62 234 418 276 458 marker
63 192 370 247 424 id_point
63 234 418 277 459 marker
64 192 369 247 421 id_point
65 194 369 247 423 id_point
66 194 376 249 430 id_point
67 237 381 291 434 id_point
68 245 379 299 432 id_point
68 303 417 343 457 marker
69 262 375 315 431 id_point
69 302 417 343 457 marker
70 262 375 317 432 id_point
70 303 417 343 459 marker
71 260 375 313 430 id_point
71 302 417 343 457 marker
72 258 373 312 428 id_point
72 302 417 343 457 marker
73 258 376 313 432 id_point
73 304 418 345 458 marker
74 260 376 314 432 id_point
74 305 417 348 457 marker
75 260 375 315 433 id_point
75 305 418 347 458 marker
76 260 377 315 432 id_point
76 303 417 346 457 marker
77 262 375 315 430 id_point
78 262 375 316 430 id_point
79 263 376 316 431 id_point
80 326 375 381 431 id_point
81 327 378 382 433 id_point
81 371 421 412 460 marker
82 325 377 381 433 id_point
82 372 421 413 460 marker
83 325 375 380 432 id_point
83 372 421 413 460 marker
84 325 374 379 429 id_point
84 372 421 413 460 marker
85 329 375 382 430 id_point
85 372 421 413 460 marker
86 330 374 383 428 id_point
86 372 420 413 460 marker
87 330 376 382 431 id_point
87 372 420 413 459 marker
88 331 378 384 434 id_point
88 373 421 413 461 marker
89 329 375 381 432 id_point
89 373 420 413 460 marker
90 327 375 381 430 id_point
91 327 375 381 431 id_point
92 329 380 384 435 id_point
93 334 378 388 435 id_point
94 376 383 430 436 id_point
95 384 380 437 435 id_point
95 436 423 475 463 marker
96 393 376 445 432 id_point
96 436 423 475 463 marker
97 392 380 446 436 id_point
97 437 423 476 463 marker
98 437 423 475 463 marker
98 392 379 445 435 id_point
99 392 379 446 435 id_point
99 437 423 476 463 marker
100 393 380 446 435 id_point
100 437 423 477 463 marker
101 393 380 446 436 id_point
101 438 423 477 463 marker
102 391 380 445 435 id_point
102 438 424 477 464 marker
103 391 381 444 437 id_point
103 437 423 476 463 marker
104 438 423 476 463 marker
104 391 382 445 438 id_point
105 393 382 445 437 id_point
106 391 382 444 438 id_point
107 393 383 445 437 id_point
108 408 380 463 436 id_point
109 498 424 535 464 marker
109 418 383 459 430 id_point
110 498 427 535 464 marker
110 454 384 506 438 id_point
111 499 427 535 464 marker
111 453 385 507 440 id_point
112 499 427 536 465 marker
112 457 384 508 440 id_point
113 499 426 536 465 marker
113 455 384 508 439 id_point
114 499 427 536 465 marker
114 454 384 507 439 id_point
115 499 427 536 465 marker
115 456 385 508 440 id_point
116 499 427 536 465 marker
116 457 385 508 441 id_point
117 499 427 536 464 marker
117 456 384 510 439 id_point
118 456 384 508 440 id_point
118 500 426 537 464 marker
119 453 387 506 442 id_point
120 453 389 507 443 id_point
122 64 476 117 530 id_point
123 106 484 144 523 marker
123 44 477 96 531 id_point
124 106 485 144 524 marker
124 54 454 107 507 id_point
125 107 485 145 524 marker
125 54 454 106 509 id_point
126 106 485 145 524 marker
126 53 454 105 508 id_point
127 107 485 145 524 marker
127 54 454 108 510 id_point
128 108 486 145 524 marker
128 55 456 109 511 id_point
129 108 486 145 524 marker
129 57 458 111 512 id_point
130 107 486 145 524 marker
130 57 459 110 513 id_point
131 107 485 144 524 marker
131 55 460 109 515 id_point
132 54 461 109 515 id_point
133 56 458 111 511 id_point
134 62 462 116 514 id_point
135 67 466 121 521 id_point
136 174 484 212 521 marker
136 128 457 179 512 id_point
137 173 484 212 522 marker
137 122 455 174 509 id_point
138 173 483 213 524 marker
138 120 454 173 507 id_point
139 173 483 213 524 marker
139 119 456 172 509 id_point
140 172 484 213 524 marker
140 118 453 171 506 id_point
141 172 483 213 523 marker
141 118 452 172 507 id_point
142 173 483 213 524 marker
142 117 455 170 510 id_point
143 173 483 212 525 marker
143 117 452 171 505 id_point
144 172 483 213 524 marker
144 116 456 170 510 id_point
145 116 454 171 515 id_point
146 119 454 173 508 id_point
147 118 455 173 509 id_point
148 160 448 215 499 id_point
149 163 446 216 496 id_point
150 239 483 280 525 marker
150 190 454 243 506 id_point
151 239 482 280 525 marker
151 190 454 242 506 id_point
152 239 483 281 524 marker
152 188 453 241 505 id_point
153 239 483 281 524 marker
153 189 450 242 502 id_point
154 239 482 281 524 marker
154 189 448 242 500 id_point
155 240 483 281 524 marker
155 189 450 243 503 id_point
156 240 483 281 524 marker
156 189 454 242 506 id_point
157 239 482 281 524 marker
157 190 450 243 503 id_point
158 241 483 281 524 marker
158 189 452 242 505 id_point
159 190 451 243 503 id_point
160 188 451 242 505 id_point
161 226 446 280 501 id_point
162 290 454 345 510 id_point
163 292 455 342 517 id_point
163 302 480 349 527 marker
164 309 484 351 523 marker
164 265 450 319 507 id_point
165 256 451 311 504 id_point
165 308 483 350 524 marker
166 254 451 310 507 id_point
166 307 484 349 524 marker
167 256 449 310 503 id_point
167 307 483 350 525 marker
168 253 450 308 504 id_point
168 307 482 350 524 marker
169 252 448 307 502 id_point
169 307 482 350 524 marker
170 251 449 306 503 id_point
170 308 483 350 525 marker
171 251 449 307 504 id_point
171 307 483 350 524 marker
172 252 449 307 504 id_point
172 307 484 350 524 marker
173 251 452 306 506 id_point
174 271 451 325 505 id_point
175 272 451 325 507 id_point
176 308 451 362 506 id_point
177 317 449 371 507 id_point
177 376 483 416 524 marker
178 376 484 416 524 marker
178 327 449 379 503 id_point
179 376 484 416 524 marker
179 330 453 380 507 id_point
180 376 485 416 524 marker
180 327 450 380 505 id_point
181 376 484 417 524 marker
181 329 450 381 503 id_point
182 376 484 416 524 marker
182 321 452 376 505 id_point
183 377 484 416 524 marker
183 330 452 383 506 id_point
184 377 484 416 523 marker
184 333 451 385 507 id_point
185 333 451 385 505 id_point
185 377 484 417 524 marker
186 331 452 383 507 id_point
187 331 453 383 508 id_point
188 346 453 398 508 id_point
189 415 461 469 517 id_point
190 439 484 479 527 marker
190 416 459 472 516 id_point
191 443 486 481 526 marker
191 409 458 459 516 id_point
192 444 486 481 526 marker
192 406 457 457 515 id_point
193 444 484 481 526 marker
193 408 457 459 514 id_point
194 445 486 481 526 marker
194 407 457 458 515 id_point
195 444 485 482 526 marker
195 406 458 457 516 id_point
196 443 486 478 525 marker
196 406 456 459 513 id_point
197 445 486 481 526 marker
197 407 456 459 515 id_point
198 445 485 482 525 marker
198 406 455 458 514 id_point
199 404 459 457 515 id_point
200 405 454 459 511 id_point
201 412 454 465 510 id_point
202 458 457 513 514 id_point
203 506 488 541 527 marker
203 469 460 522 517 id_point
204 507 489 543 527 marker
204 469 460 524 518 id_point
205 505 487 541 527 marker
205 478 457 532 517 id_point
206 476 460 534 522 id_point
206 505 488 542 529 marker
207 476 456 532 516 id_point
207 504 486 541 527 marker
208 504 490 541 528 marker
208 476 457 534 521 id_point
209 504 487 542 529 marker
209 463 432 505 478 id_point
210 503 488 542 528 marker
210 453 425 506 481 id_point
211 504 488 542 527 marker
211 452 426 506 480 id_point
212 504 488 542 527 marker
212 453 426 506 481 id_point
213 453 427 507 483 id_point
214 452 427 506 482 id_point
215 451 428 505 483 id_point
216 94 511 153 569 id_point
217 105 552 143 592 marker
217 74 517 128 574 id_point
218 104 550 144 591 marker
218 75 494 130 548 id_point
219 104 551 144 591 marker
219 71 496 127 553 id_point
220 105 551 144 592 marker
220 74 498 128 553 id_point
221 75 500 130 555 id_point
221 104 550 144 593 marker
222 76 502 130 558 id_point
222 104 550 144 594 marker
223 104 551 144 592 marker
223 76 502 131 557 id_point
224 76 501 130 555 id_point
224 104 552 144 593 marker
225 76 500 132 559 id_point
225 104 551 144 594 marker
226 105 551 144 592 marker
226 77 502 131 557 id_point
227 77 504 133 559 id_point
228 78 503 133 558 id_point
229 77 503 134 557 id_point
230 82 506 136 560 id_point
231 145 501 195 555 id_point
232 170 549 211 593 marker
232 147 502 201 562 id_point
233 170 549 211 593 marker
233 141 503 198 566 id_point
234 169 550 212 592 marker
235 170 551 211 593 marker
235 79 490 134 545 id_point
236 170 551 211 593 marker
236 77 491 133 547 id_point
237 170 551 212 593 marker
237 79 491 134 545 id_point
238 170 551 212 593 marker
238 78 490 133 543 id_point
239 170 550 211 593 marker
239 77 490 134 543 id_point
240 170 550 211 593 marker
240 79 489 134 543 id_point
241 78 489 135 544 id_point
241 170 551 211 593 marker
242 77 489 134 543 id_point
242 171 550 211 592 marker
243 77 489 134 542 id_point
244 78 490 133 543 id_point
245 78 488 133 542 id_point
246 77 488 131 540 id_point
247 238 548 280 592 marker
247 141 490 195 543 id_point
248 131 595 184 649 id_point
248 238 548 281 592 marker
249 237 548 281 592 marker
250 238 552 280 593 marker
250 152 545 208 599 id_point
251 237 549 280 593 marker
251 152 542 206 598 id_point
252 151 542 208 598 id_point
252 238 551 279 593 marker
253 148 540 205 597 id_point
253 237 548 280 592 marker
254 238 549 280 592 marker
254 149 538 203 594 id_point
255 239 550 279 592 marker
255 150 542 204 597 id_point
256 238 549 280 592 marker
256 149 543 202 597 id_point
257 237 548 279 593 marker
257 148 539 202 596 id_point
258 150 541 204 595 id_point
259 127 589 181 645 id_point
260 84 540 139 598 id_point
262 307 548 348 590 marker
262 219 551 273 607 id_point
263 307 550 347 591 marker
263 195 554 249 609 id_point
264 305 550 347 592 marker
264 184 557 238 610 id_point
265 305 549 347 592 marker
265 179 555 233 608 id_point
266 305 549 346 591 marker
266 174 558 229 612 id_point
267 305 550 346 593 marker
267 173 561 229 613 id_point
268 304 550 346 592 marker
268 176 558 231 612 id_point
269 305 548 346 591 marker
269 179 554 232 609 id_point
270 304 550 345 592 marker
270 179 554 233 610 id_point
271 304 549 346 593 marker
272 180 551 235 605 id_point
273 184 548 240 599 id_point
274 233 530 287 581 id_point
275 233 531 288 583 id_point
276 293 527 346 581 id_point
277 373 549 413 592 marker
277 335 540 385 593 id_point
278 376 550 413 591 marker
278 333 542 384 594 id_point
279 374 550 413 591 marker
279 329 541 380 593 id_point
280 375 550 414 591 marker
280 330 541 380 592 id_point
281 374 551 412 591 marker
281 332 541 382 595 id_point
282 374 550 413 591 marker
282 333 538 384 591 id_point
283 373 550 413 591 marker
283 332 539 381 593 id_point
284 373 550 413 591 marker
284 332 539 382 594 id_point
285 378 549 414 593 marker
285 338 544 388 596 id_point
286 337 543 391 598 id_point
287 335 543 390 599 id_point
288 334 543 388 598 id_point
289 444 536 488 579 id_point
290 409 547 462 603 id_point
290 438 548 478 591 marker
291 427 551 481 604 id_point
292 426 551 481 607 id_point
293 426 551 480 606 id_point
294 427 551 481 606 id_point
295 430 551 484 605 id_point
296 430 549 483 603 id_point
297 429 551 483 604 id_point
298 428 544 483 602 id_point
299 426 547 480 604 id_point
300 424 545 479 601 id_point
301 426 545 479 600 id_point
302 426 543 479 598 id_point
303 426 544 482 600 id_point
304 481 555 533 610 id_point
305 482 551 537 609 id_point
306 512 552 571 605 id_point
307 515 549 573 603 id_point
308 516 554 574 607 id_point
308 503 553 549 595 marker
309 517 554 573 607 id_point
309 502 551 547 593 marker
310 513 554 571 607 id_point
310 502 551 550 592 marker
311 513 553 569 606 id_point
312 511 553 569 606 id_point
312 503 551 554 597 marker
313 503 552 560 606 id_point
314 504 550 558 607 id_point
315 506 550 560 606 id_point
319 100 617 141 658 marker
320 99 617 140 659 marker
321 99 618 140 660 marker
322 100 617 140 658 marker
323 101 618 140 660 marker
323 0 629 26 680 id_point
324 100 618 141 660 marker
324 0 632 28 683 id_point
325 99 618 141 661 marker
325 0 632 29 685 id_point
326 100 617 141 658 marker
327 99 617 141 658 marker
327 1 634 35 693 id_point
328 100 618 140 660 marker
328 1 636 37 693 id_point
329 0 628 35 684 id_point
330 1 628 36 685 id_point
331 0 628 39 685 id_point
332 0 630 49 683 id_point
333 168 615 209 657 marker
333 51 637 106 693 id_point
334 167 616 208 658 marker
334 61 636 114 690 id_point
335 167 616 209 658 marker
335 55 639 110 694 id_point
336 167 616 209 659 marker
336 59 637 112 691 id_point
337 167 617 209 658 marker
337 60 636 114 689 id_point
338 167 617 209 659 marker
338 61 637 114 693 id_point
339 167 616 209 659 marker
339 61 637 114 692 id_point
340 167 617 209 659 marker
340 57 637 112 692 id_point
341 167 616 209 658 marker
341 53 638 108 694 id_point
342 168 617 209 658 marker
342 57 638 111 693 id_point
343 58 639 112 692 id_point
344 60 639 113 692 id_point
345 59 639 113 692 id_point
346 236 615 277 656 marker
346 133 641 188 693 id_point
347 236 614 278 656 marker
347 140 639 194 692 id_point
348 236 614 278 657 marker
348 144 643 196 696 id_point
349 141 643 195 697 id_point
349 235 614 277 657 marker
350 236 616 277 658 marker
351 236 616 279 658 marker
351 131 646 185 698 id_point
352 236 616 278 659 marker
352 141 640 195 693 id_point
353 240 617 282 660 marker
353 144 640 198 695 id_point
354 242 618 283 662 marker
354 147 643 202 698 id_point
355 240 616 281 661 marker
355 143 646 197 697 id_point
356 236 618 278 661 marker
356 139 645 194 698 id_point
357 142 639 194 694 id_point
358 144 634 201 689 id_point
359 147 633 201 688 id_point
361 304 612 347 656 marker
361 232 653 286 706 id_point
362 305 613 348 655 marker
362 240 641 296 695 id_point
363 304 613 347 656 marker
363 239 642 294 697 id_point
364 306 614 348 656 marker
364 240 642 296 696 id_point
365 306 613 348 656 marker
365 241 642 295 697 id_point
366 240 640 296 694 id_point
366 306 614 349 656 marker
367 305 613 348 656 marker
367 238 641 292 696 id_point
368 305 614 347 657 marker
368 237 641 292 695 id_point
369 305 614 348 655 marker
369 237 639 293 693 id_point
370 305 613 349 656 marker
370 238 640 294 694 id_point
371 237 641 293 697 id_point
372 236 642 291 697 id_point
373 236 643 290 696 id_point
374 375 613 416 655 marker
374 324 645 380 698 id_point
375 374 613 414 655 marker
375 322 642 380 697 id_point
376 375 613 415 655 marker
376 321 641 376 696 id_point
377 375 614 415 655 marker
377 321 640 375 695 id_point
378 319 638 375 693 id_point
378 375 612 415 655 marker
379 318 639 376 693 id_point
379 375 612 415 655 marker
380 375 612 415 655 marker
380 319 639 375 693 id_point
381 375 612 415 655 marker
381 321 639 376 693 id_point
382 319 635 374 689 id_point
382 374 614 416 656 marker
383 375 612 415 654 marker
383 320 635 374 687 id_point
384 319 635 375 689 id_point
384 375 612 415 654 marker
385 318 638 374 692 id_point
386 319 636 374 691 id_point
387 322 635 374 690 id_point
388 364 640 419 697 id_point
389 440 613 480 654 marker
389 368 640 422 696 id_point
390 441 611 479 653 marker
390 405 645 462 703 id_point
391 400 630 456 690 id_point
391 426 609 470 659 marker
392 393 635 448 689 id_point
392 426 608 467 651 marker
393 398 631 451 687 id_point
393 429 607 471 653 marker
394 399 626 455 685 id_point
394 426 606 471 652 marker
395 401 630 454 687 id_point
395 430 607 474 651 marker
396 398 628 456 688 id_point
396 431 609 476 656 marker
397 399 628 455 684 id_point
397 431 609 476 654 marker
398 400 625 456 683 id_point
398 431 606 474 652 marker
399 399 629 453 684 id_point
400 399 633 453 687 id_point
401 400 635 452 688 id_point
402 402 629 458 686 id_point
403 473 633 529 692 id_point
404 496 611 534 654 marker
405 494 626 544 689 id_point
406 483 630 538 689 id_point
407 487 626 540 687 id_point
408 497 611 535 652 marker
409 506 637 562 697 id_point
409 496 613 533 648 marker
410 497 611 534 652 marker
411 487 612 542 669 id_point
412 486 609 541 670 id_point
413 483 612 538 670 id_point
416 477 602 534 657 id_point
418 17 680 72 736 id_point
418 93 680 133 720 marker
419 93 681 133 722 marker
419 14 640 68 691 id_point
420 92 680 133 723 marker
420 20 638 73 692 id_point
421 93 681 134 722 marker
421 19 639 74 693 id_point
422 95 680 133 721 marker
423 94 680 133 722 marker
424 95 681 134 721 marker
425 94 681 133 722 marker
426 96 679 134 720 marker
427 95 678 134 720 marker
428 95 680 134 721 marker
429 26 644 65 686 id_point
430 27 643 68 684 id_point
431 29 642 70 683 id_point
433 9 694 64 746 id_point
433 161 680 203 723 marker
434 15 691 70 746 id_point
434 162 681 203 723 marker
435 16 692 69 745 id_point
435 162 681 203 724 marker
436 14 691 68 745 id_point
436 162 680 203 723 marker
437 15 693 69 745 id_point
437 160 681 203 723 marker
438 17 689 71 743 id_point
438 161 681 203 723 marker
439 19 690 72 743 id_point
439 161 680 203 723 marker
440 17 692 71 746 id_point
440 160 681 204 722 marker
441 17 690 71 743 id_point
441 161 680 204 722 marker
442 160 681 204 722 marker
447 233 681 276 722 marker
448 231 681 275 723 marker
449 231 681 274 723 marker
450 228 681 272 723 marker
451 225 679 268 721 marker
452 225 680 269 721 marker
453 227 680 270 722 marker
454 226 680 269 721 marker
455 226 679 269 720 marker
456 226 677 268 720 marker
457 227 679 270 721 marker
460 135 674 189 728 id_point
461 137 675 190 729 id_point
462 299 678 340 721 marker
462 183 675 240 730 id_point
463 299 678 340 720 marker
463 186 671 249 726 id_point
464 300 677 340 721 marker
464 197 674 251 729 id_point
465 197 675 252 730 id_point
465 299 678 340 721 marker
466 300 679 340 722 marker
466 196 674 253 730 id_point
467 300 679 341 722 marker
467 195 672 249 727 id_point
468 300 679 341 721 marker
468 198 673 252 728 id_point
469 301 679 342 721 marker
469 197 673 252 729 id_point
470 300 679 341 722 marker
470 196 677 251 730 id_point
471 300 679 341 722 marker
471 196 676 252 730 id_point
472 300 679 341 722 marker
472 196 676 252 728 id_point
473 301 679 341 721 marker
473 196 674 250 727 id_point
474 193 675 248 727 id_point
475 194 674 249 728 id_point
476 195 675 250 728 id_point
477 194 674 251 726 id_point
478 370 679 411 720 marker
478 243 670 298 725 id_point
479 254 673 308 727 id_point
479 369 678 410 719 marker
480 370 678 410 720 marker
480 257 671 311 725 id_point
481 369 679 410 719 marker
482 255 673 310 726 id_point
482 369 678 410 720 marker
483 255 674 310 729 id_point
483 370 679 410 720 marker
484 255 672 311 727 id_point
484 370 678 410 720 marker
485 254 670 310 723 id_point
485 370 679 411 720 marker
486 371 679 411 720 marker
486 254 672 309 726 id_point
487 250 673 309 724 id_point
487 371 679 410 720 marker
488 253 671 309 725 id_point
488 371 679 411 720 marker
489 253 672 309 726 id_point
489 371 679 411 720 marker
490 254 672 310 726 id_point
491 257 671 312 725 id_point
492 261 667 315 723 id_point
493 259 668 314 721 id_point
494 292 670 348 724 id_point
495 438 679 478 719 marker
495 320 621 373 677 id_point
496 438 678 476 719 marker
496 319 623 373 677 id_point
497 437 679 477 718 marker
497 316 623 371 678 id_point
498 438 679 477 719 marker
499 438 680 477 720 marker
499 397 767 452 822 id_point
500 439 680 477 720 marker
500 398 765 453 820 id_point
501 439 680 477 720 marker
501 401 765 457 819 id_point
502 439 679 478 720 marker
502 398 764 453 820 id_point
503 439 679 478 720 marker
503 399 763 453 818 id_point
504 439 679 477 720 marker
504 397 762 452 817 id_point
505 396 760 451 814 id_point
506 398 757 453 811 id_point
507 404 752 460 808 id_point
509 503 677 541 716 marker
509 524 763 578 824 id_point
510 502 676 540 715 marker
511 502 676 539 714 marker
511 528 791 570 837 id_point
512 502 675 539 715 marker
512 551 711 610 771 id_point
513 502 676 540 716 marker
514 503 676 541 716 marker
515 502 676 541 716 marker
516 503 673 553 740 id_point
517 498 679 552 738 id_point
518 496 682 556 745 id_point
519 501 684 554 742 id_point
520 502 684 555 741 id_point
521 500 684 553 739 id_point
522 491 686 545 745 id_point
523 100 747 141 787 marker
524 100 747 140 787 marker
525 101 747 139 787 marker
526 99 746 140 788 marker
527 99 747 139 787 marker
528 99 746 139 787 marker
529 98 746 138 787 marker
530 99 747 138 787 marker
531 99 747 138 788 marker
531 0 753 25 799 id_point
532 99 746 138 786 marker
532 0 751 25 799 id_point
533 0 752 31 802 id_point
534 0 754 46 807 id_point
535 0 753 48 808 id_point
536 73 763 130 817 id_point
537 167 748 207 788 marker
537 41 763 99 817 id_point
538 167 749 207 788 marker
538 37 758 93 811 id_point
539 167 749 208 788 marker
539 37 758 92 812 id_point
540 168 747 208 787 marker
540 36 759 89 814 id_point
541 167 748 208 788 marker
541 30 761 84 814 id_point
542 168 748 207 788 marker
542 31 760 84 813 id_point
543 166 748 207 789 marker
543 30 760 82 812 id_point
544 167 748 208 789 marker
544 33 759 85 812 id_point
545 166 748 207 789 marker
545 32 760 85 814 id_point
546 33 763 85 815 id_point
547 32 760 86 811 id_point
548 33 759 87 813 id_point
549 50 764 100 807 id_point
550 235 748 277 790 marker
550 96 759 152 815 id_point
551 235 748 276 790 marker
551 102 764 157 818 id_point
552 236 748 277 791 marker
552 107 768 162 820 id_point
553 236 748 277 790 marker
553 105 768 161 819 id_point
554 236 748 277 789 marker
554 104 769 159 823 id_point
555 236 748 276 789 marker
555 104 764 157 818 id_point
556 236 747 276 790 marker
556 103 766 159 817 id_point
557 236 747 276 790 marker
557 105 766 160 817 id_point
558 235 748 277 790 marker
558 106 763 161 817 id_point
559 236 747 276 789 marker
559 108 765 162 820 id_point
560 235 747 276 790 marker
560 109 763 163 818 id_point
561 108 763 163 818 id_point
562 108 764 162 818 id_point
563 108 760 163 814 id_point
564 110 760 165 815 id_point
565 304 747 346 789 marker
565 144 770 199 824 id_point
566 305 747 345 789 marker
566 180 771 237 825 id_point
567 305 749 345 789 marker
567 183 771 237 825 id_point
568 304 748 344 789 marker
568 185 771 240 825 id_point
569 304 748 345 789 marker
569 186 772 239 827 id_point
570 304 748 344 788 marker
570 184 773 236 827 id_point
571 304 748 345 789 marker
571 183 774 238 827 id_point
572 303 748 345 789 marker
572 170 759 224 814 id_point
573 304 747 344 788 marker
573 165 769 228 823 id_point
574 303 747 345 788 marker
575 208 764 265 820 id_point
576 208 765 266 817 id_point
577 210 761 266 817 id_point
579 283 763 338 818 id_point
580 372 746 412 786 marker
580 286 765 339 817 id_point
581 372 746 412 786 marker
581 287 768 340 822 id_point
582 373 746 413 786 marker
582 283 774 338 827 id_point
583 373 746 413 785 marker
584 373 746 412 786 marker
584 284 764 340 820 id_point
585 373 746 413 786 marker
585 282 769 335 824 id_point
586 373 746 413 786 marker
586 282 771 338 824 id_point
587 373 746 413 786 marker
587 285 770 338 826 id_point
588 374 746 413 786 marker
588 284 768 339 823 id_point
589 373 746 413 786 marker
589 285 768 340 822 id_point
590 284 768 339 822 id_point
591 284 765 339 820 id_point
592 285 762 340 818 id_point
593 350 766 404 822 id_point
594 440 744 478 786 marker
594 354 770 407 825 id_point
595 440 744 478 786 marker
595 358 772 413 827 id_point
596 440 744 478 786 marker
596 358 771 413 827 id_point
597 441 744 479 785 marker
597 359 772 413 827 id_point
598 440 744 478 786 marker
598 359 770 413 826 id_point
599 440 744 478 785 marker
599 360 772 413 827 id_point
600 440 745 478 786 marker
600 361 772 414 827 id_point
601 440 744 478 785 marker
601 360 771 414 827 id_point
602 440 744 479 785 marker
602 360 771 414 826 id_point
603 358 770 413 826 id_point
604 358 768 414 825 id_point
605 356 768 412 823 id_point
606 405 770 461 826 id_point
607 504 740 539 781 marker
607 408 768 461 824 id_point
608 504 741 540 782 marker
608 426 772 479 828 id_point
609 503 741 540 782 marker
609 426 772 478 826 id_point
610 503 741 539 782 marker
610 425 770 477 825 id_point
611 503 741 540 781 marker
611 428 769 480 822 id_point
612 503 740 540 782 marker
612 426 769 479 824 id_point
613 504 741 540 782 marker
613 427 767 480 819 id_point
614 504 741 541 782 marker
614 428 769 482 824 id_point
615 504 740 540 781 marker
615 428 764 481 821 id_point
616 504 741 541 782 marker
616 428 768 480 823 id_point
617 429 765 484 822 id_point
619 2 815 42 892 id_point
620 327 1021 383 1078 id_point
620 104 813 144 853 marker
621 106 812 145 853 marker
621 0 912 37 962 id_point
622 106 813 145 852 marker
622 348 1006 402 1061 id_point
623 348 1006 402 1060 id_point
623 106 812 145 852 marker
624 347 1004 402 1059 id_point
624 105 813 146 853 marker
625 106 813 145 852 marker
625 350 1004 407 1058 id_point
626 107 813 144 851 marker
626 352 1003 408 1059 id_point
627 105 813 145 853 marker
627 352 1001 407 1058 id_point
628 105 813 146 852 marker
628 354 1001 409 1056 id_point
629 106 813 145 852 marker
629 353 1000 408 1056 id_point
630 107 813 144 852 marker
630 355 999 410 1054 id_point
631 354 999 411 1053 id_point
632 371 996 425 1051 id_point
633 384 991 439 1047 id_point
634 385 992 440 1046 id_point
635 171 813 211 853 marker
635 420 991 475 1046 id_point
636 170 813 211 853 marker
636 421 990 475 1044 id_point
637 169 813 210 853 marker
637 421 989 475 1043 id_point
638 171 814 211 853 marker
638 422 989 476 1043 id_point
639 171 813 211 853 marker
639 422 989 476 1043 id_point
640 171 814 212 853 marker
640 468 981 524 1038 id_point
641 171 814 212 854 marker
641 473 983 527 1039 id_point
642 171 815 211 854 marker
642 473 982 527 1037 id_point
643 170 814 212 854 marker
643 474 982 528 1038 id_point
644 171 814 212 854 marker
644 473 980 528 1036 id_point
645 170 814 212 854 marker
645 474 981 529 1037 id_point
646 475 981 529 1037 id_point
647 483 980 538 1036 id_point
648 486 977 541 1033 id_point
649 520 979 575 1033 id_point
650 237 813 279 855 marker
650 522 978 577 1035 id_point
651 237 813 278 854 marker
652 237 813 279 855 marker
653 239 814 277 855 marker
653 515 979 569 1034 id_point
654 239 815 277 855 marker
654 518 981 571 1038 id_point
655 238 815 278 854 marker
655 101 783 155 837 id_point
656 102 785 157 837 id_point
656 239 814 280 854 marker
657 100 784 158 838 id_point
657 239 814 279 855 marker
658 239 814 279 854 marker
658 98 786 154 838 id_point
659 98 785 154 838 id_point
659 238 814 278 854 marker
660 97 783 152 837 id_point
661 113 790 168 843 id_point
662 112 787 168 842 id_point
664 305 814 347 853 marker
664 251 815 307 870 id_point
665 305 813 346 853 marker
666 306 813 347 853 marker
666 212 779 269 835 id_point
667 305 814 347 853 marker
667 232 814 286 868 id_point
668 305 814 348 854 marker
668 231 807 285 864 id_point
669 305 814 347 853 marker
669 227 811 283 865 id_point
670 305 814 346 852 marker
671 232 812 289 867 id_point
671 305 814 348 854 marker
672 306 814 348 853 marker
672 211 764 267 819 id_point
673 306 813 347 853 marker
673 211 769 270 822 id_point
674 306 814 348 854 marker
674 208 769 267 821 id_point
675 205 764 264 817 id_point
676 214 765 259 813 id_point
677 232 762 287 816 id_point
678 251 803 308 859 id_point
679 312 810 367 867 id_point
680 373 810 413 851 marker
681 373 811 413 852 marker
682 373 811 414 852 marker
682 325 782 372 826 id_point
683 374 811 413 852 marker
683 344 749 402 818 id_point
684 362 746 414 801 id_point
684 372 810 412 852 marker
685 363 745 416 800 id_point
685 372 809 412 851 marker
686 360 743 415 797 id_point
686 370 810 412 852 marker
687 359 748 413 803 id_point
687 372 809 412 852 marker
688 359 741 412 799 id_point
688 372 811 412 852 marker
689 338 789 392 845 id_point
689 378 812 414 851 marker
690 342 786 395 841 id_point
691 341 784 395 838 id_point
692 360 782 413 837 id_point
693 359 779 416 832 id_point
694 416 800 473 857 id_point
695 437 807 478 849 marker
696 438 808 478 848 marker
696 499 751 553 810 id_point
697 436 786 492 845 id_point
700 434 790 492 845 id_point
701 430 806 480 855 marker
702 431 805 484 860 id_point
702 431 805 481 854 marker
703 433 798 484 849 id_point
705 425 805 479 861 id_point
706 423 801 478 856 id_point
707 393 789 448 845 id_point
709 446 791 499 847 id_point
710 505 799 560 859 id_point
711 506 799 560 856 id_point
711 501 802 551 851 marker
712 514 783 569 844 id_point
713 512 785 566 844 id_point
714 512 785 566 846 id_point
714 501 800 549 841 marker
715 509 785 565 846 id_point
716 511 785 567 846 id_point
717 511 784 567 843 id_point
717 503 801 547 840 marker
718 513 784 574 845 id_point
719 511 781 572 844 id_point
720 510 787 568 846 id_point
720 503 800 550 840 marker
721 509 785 566 846 id_point
722 510 784 566 844 id_point
723 506 780 560 840 id_point
724 508 782 564 842 id_point
725 76 895 137 952 id_point
726 67 897 120 952 id_point
726 269 919 330 976 id_point
727 70 898 118 945 id_point
728 43 409 97 457 id_point
729 253 566 308 619 id_point
