0 245 601 299 655 id_point
1 246 600 300 654 id_point
2 249 599 304 655 id_point
3 249 600 304 653 id_point
4 250 600 304 656 id_point
5 250 601 305 657 id_point
6 252 605 309 662 id_point
7 248 600 303 655 id_point
8 247 600 302 656 id_point
9 247 603 300 656 id_point
10 249 602 303 655 id_point
11 250 603 304 657 id_point
12 250 601 306 656 id_point
13 246 601 302 655 id_point
14 244 602 297 655 id_point
15 243 603 302 656 id_point
16 243 599 297 652 id_point
17 242 603 296 657 id_point
18 242 602 296 654 id_point
19 241 602 294 654 id_point
20 240 604 293 657 id_point
21 239 605 291 658 id_point
22 240 602 293 655 id_point
23 238 600 291 654 id_point
24 233 601 286 656 id_point
25 234 602 287 656 id_point
25 78 619 122 664 marker
26 82 620 121 664 marker
26 21 605 75 656 id_point
27 81 620 120 662 marker
27 26 605 79 656 id_point
28 80 619 120 663 marker
28 30 602 83 655 id_point
29 80 620 120 661 marker
29 26 602 79 656 id_point
30 81 620 120 662 marker
30 28 605 80 657 id_point
31 81 617 121 662 marker
31 28 603 80 655 id_point
32 81 619 121 661 marker
32 29 604 82 656 id_point
33 81 620 122 663 marker
33 30 606 83 658 id_point
34 29 606 82 657 id_point
35 30 606 83 659 id_point
36 44 608 98 659 id_point
37 45 606 99 658 id_point
38 137 614 192 667 id_point
38 178 615 226 662 marker
39 180 615 225 657 marker
39 136 607 192 662 id_point
40 181 615 224 656 marker
40 137 608 192 660 id_point
41 179 614 226 658 marker
41 134 607 188 659 id_point
42 179 614 226 658 marker
42 134 605 189 659 id_point
43 137 607 192 662 id_point
43 180 616 224 658 marker
44 180 616 225 662 marker
44 136 607 190 662 id_point
45 135 610 191 661 id_point
45 180 617 222 659 marker
46 178 615 224 658 marker
46 134 606 189 658 id_point
47 132 604 184 659 id_point
48 132 603 184 657 id_point
49 131 603 185 657 id_point
50 133 603 186 658 id_point
51 287 615 326 654 marker
51 248 599 303 652 id_point
52 287 612 328 656 marker
52 245 603 300 656 id_point
53 285 612 329 656 marker
53 242 605 294 656 id_point
54 241 604 294 656 id_point
54 285 611 329 656 marker
55 240 603 295 657 id_point
55 286 612 329 656 marker
56 286 612 328 655 marker
56 242 602 295 653 id_point
57 243 601 297 656 id_point
57 287 613 329 655 marker
58 287 613 329 656 marker
58 242 605 295 657 id_point
59 241 604 295 656 id_point
59 286 612 329 656 marker
60 241 606 295 658 id_point
60 286 613 329 657 marker
61 241 602 294 655 id_point
62 241 605 296 657 id_point
63 241 608 295 663 id_point
64 58 718 121 766 id_point
65 87 723 126 764 marker
65 34 731 89 783 id_point
66 88 723 125 763 marker
66 29 736 85 786 id_point
67 86 723 126 765 marker
67 30 737 85 787 id_point
68 87 724 125 764 marker
68 29 735 84 787 id_point
69 85 723 126 764 marker
69 31 736 87 789 id_point
70 87 723 126 763 marker
70 33 736 86 788 id_point
71 87 724 125 764 marker
71 33 734 86 789 id_point
72 87 724 124 764 marker
72 31 733 84 788 id_point
73 34 733 86 787 id_point
73 87 724 126 766 marker
74 33 734 89 788 id_point
75 52 735 103 789 id_point
76 95 745 149 798 id_point
77 185 723 226 764 marker
77 99 747 153 798 id_point
78 186 722 226 762 marker
78 133 738 188 793 id_point
79 185 722 227 764 marker
79 136 735 194 787 id_point
80 187 722 227 762 marker
80 134 736 192 791 id_point
81 185 721 228 764 marker
81 133 738 189 793 id_point
82 185 723 228 764 marker
82 133 738 189 793 id_point
83 186 721 228 763 marker
83 130 739 187 790 id_point
84 186 722 228 764 marker
84 133 740 189 794 id_point
85 185 722 228 763 marker
85 134 739 190 792 id_point
86 133 738 187 792 id_point
87 136 737 188 792 id_point
88 151 736 206 790 id_point
89 194 746 263 791 id_point
90 201 740 254 793 id_point
90 290 717 332 762 marker
91 213 739 266 792 id_point
91 290 717 332 760 marker
92 214 737 266 791 id_point
92 291 718 332 760 marker
93 206 716 259 769 id_point
93 290 718 332 762 marker
94 206 714 258 768 id_point
94 291 718 332 762 marker
95 207 716 263 768 id_point
95 290 718 333 761 marker
96 204 719 257 770 id_point
96 291 718 332 762 marker
97 202 713 256 767 id_point
97 291 718 332 762 marker
98 204 714 256 768 id_point
98 291 718 332 762 marker
99 204 711 259 766 id_point
100 205 723 261 778 id_point
101 205 721 259 777 id_point
103 94 826 131 864 marker
104 93 824 132 865 marker
104 1 835 50 888 id_point
105 93 824 132 864 marker
105 1 837 53 894 id_point
106 93 824 132 865 marker
106 2 836 52 889 id_point
107 93 824 131 864 marker
107 2 831 49 884 id_point
108 94 824 132 864 marker
108 3 834 54 886 id_point
109 93 825 131 865 marker
109 3 833 54 889 id_point
110 94 825 132 865 marker
110 4 833 54 886 id_point
111 2 833 54 886 id_point
112 3 833 56 888 id_point
113 23 833 76 887 id_point
114 194 823 233 862 marker
114 63 838 117 891 id_point
115 194 824 233 864 marker
115 105 848 159 898 id_point
116 193 824 233 863 marker
116 110 847 165 899 id_point
117 111 847 171 907 id_point
117 192 825 234 865 marker
118 193 824 233 864 marker
118 108 850 162 903 id_point
119 193 823 233 863 marker
119 107 847 161 899 id_point
120 193 824 233 864 marker
120 110 850 163 905 id_point
121 193 824 233 864 marker
121 107 847 163 902 id_point
122 194 824 233 864 marker
122 112 851 165 904 id_point
123 194 824 234 864 marker
123 111 853 165 910 id_point
124 164 852 209 897 id_point
125 122 846 175 901 id_point
126 125 847 177 898 id_point
127 294 820 336 860 marker
127 145 850 202 906 id_point
128 213 849 268 906 id_point
128 295 821 336 861 marker
129 223 847 276 904 id_point
129 294 821 337 861 marker
130 222 847 276 904 id_point
130 293 822 336 861 marker
131 295 821 337 861 marker
131 220 845 273 901 id_point
132 218 844 272 899 id_point
132 296 821 337 860 marker
133 221 846 275 902 id_point
133 294 822 337 862 marker
134 221 845 276 903 id_point
134 295 822 337 861 marker
135 222 848 276 905 id_point
135 295 821 338 860 marker
136 219 845 273 904 id_point
136 295 817 340 860 marker
137 217 843 273 902 id_point
138 215 837 270 893 id_point
139 215 838 271 895 id_point
140 216 836 272 894 id_point
140 133 1069 182 1108 marker
141 145 758 202 809 id_point
141 39 834 68 867 marker
141 131 1067 182 1111 marker
142 144 709 195 761 id_point
142 39 834 69 867 marker
142 131 1068 184 1112 marker
143 37 835 68 868 marker
144 38 835 71 869 marker
144 131 1069 182 1114 marker
145 40 834 70 867 marker
145 133 1064 182 1111 marker
146 38 832 67 864 marker
146 128 1066 181 1110 marker
147 38 830 67 862 marker
147 132 1063 182 1106 marker
