0 156 580 209 635 id_point
1 156 578 211 635 id_point
3 174 593 214 637 id_point
4 167 584 220 640 id_point
5 222 723 279 779 id_point
6 223 721 278 778 id_point
7 222 702 276 758 id_point
8 220 700 275 756 id_point
9 159 591 211 644 id_point
10 159 581 213 636 id_point
11 158 581 213 636 id_point
12 155 581 208 635 id_point
13 152 582 206 636 id_point
14 152 579 206 635 id_point
15 152 573 205 628 id_point
16 152 568 206 623 id_point
17 154 573 205 628 id_point
18 151 586 207 640 id_point
19 149 590 205 646 id_point
20 151 579 206 634 id_point
21 148 578 203 637 id_point
22 151 581 205 636 id_point
23 152 582 206 636 id_point
24 150 580 204 637 id_point
25 150 577 204 633 id_point
26 153 578 206 631 id_point
27 155 578 207 632 id_point
28 154 577 208 630 id_point
28 219 617 256 656 marker
29 151 577 204 631 id_point
29 377 1048 422 1092 marker
29 315 823 350 860 marker
29 318 950 359 1007 marker
30 149 579 202 634 id_point
30 217 616 257 657 marker
30 314 823 348 865 marker
30 378 1051 423 1091 marker
31 148 580 204 636 id_point
31 217 616 254 656 marker
32 154 579 208 634 id_point
32 218 616 255 656 marker
33 150 581 205 634 id_point
33 218 615 256 655 marker
34 149 578 204 633 id_point
34 217 615 256 656 marker
35 149 577 206 632 id_point
35 216 617 257 657 marker
36 152 578 207 631 id_point
36 217 615 257 656 marker
37 151 576 205 630 id_point
38 150 575 207 630 id_point
39 155 574 210 628 id_point
40 169 574 223 627 id_point
41 171 576 224 628 id_point
41 316 613 358 655 marker
42 317 610 358 653 marker
42 284 580 341 639 id_point
43 318 611 358 654 marker
43 275 574 329 629 id_point
44 272 575 325 629 id_point
44 318 612 359 654 marker
45 318 612 358 654 marker
45 270 575 322 630 id_point
46 318 611 359 654 marker
46 270 574 327 632 id_point
47 317 612 359 655 marker
47 271 576 326 634 id_point
48 317 612 359 655 marker
48 271 575 326 631 id_point
49 318 611 359 655 marker
49 270 575 325 631 id_point
50 318 612 358 656 marker
50 268 578 324 635 id_point
51 318 612 359 655 marker
51 269 576 325 633 id_point
52 267 577 320 634 id_point
53 266 574 320 631 id_point
54 266 574 320 631 id_point
56 399 565 452 620 id_point
56 414 611 453 652 marker
57 415 610 454 652 marker
57 388 567 444 624 id_point
58 382 572 437 629 id_point
58 415 610 454 652 marker
59 416 610 453 651 marker
59 382 574 435 630 id_point
60 415 609 454 651 marker
60 382 572 436 629 id_point
61 417 610 454 651 marker
61 382 573 437 630 id_point
62 381 571 435 627 id_point
62 415 610 454 651 marker
63 415 610 455 651 marker
63 379 572 435 628 id_point
64 415 610 454 652 marker
64 380 572 433 628 id_point
65 417 610 454 652 marker
65 380 574 434 630 id_point
66 378 571 432 627 id_point
67 378 572 432 630 id_point
68 361 586 415 645 id_point
69 356 587 411 644 id_point
70 222 716 258 758 marker
70 170 713 225 766 id_point
71 218 717 259 760 marker
71 151 719 205 777 id_point
72 218 718 258 759 marker
72 151 716 205 771 id_point
73 217 717 257 758 marker
73 149 717 203 771 id_point
74 218 717 258 758 marker
74 149 718 204 774 id_point
75 218 716 258 758 marker
75 151 715 205 769 id_point
76 219 717 259 759 marker
76 153 716 206 770 id_point
77 218 716 259 759 marker
77 153 718 208 773 id_point
78 218 716 260 758 marker
78 153 717 207 773 id_point
79 219 716 261 759 marker
79 155 717 208 772 id_point
80 154 715 209 772 id_point
81 153 717 208 774 id_point
82 154 716 210 772 id_point
83 293 718 346 775 id_point
84 290 717 348 775 id_point
84 318 714 360 757 marker
85 276 717 333 773 id_point
85 321 714 360 755 marker
86 273 715 329 773 id_point
86 321 714 361 755 marker
87 273 717 330 774 id_point
87 321 717 361 756 marker
88 321 714 359 756 marker
88 273 714 328 769 id_point
89 320 714 359 755 marker
89 272 714 328 769 id_point
90 320 714 359 755 marker
90 272 713 327 770 id_point
91 321 715 359 755 marker
91 272 715 327 770 id_point
92 322 714 360 756 marker
92 272 717 329 773 id_point
93 272 716 326 772 id_point
94 272 716 327 774 id_point
95 271 716 327 775 id_point
96 270 716 325 774 id_point
97 419 708 456 749 marker
97 372 713 427 769 id_point
98 394 713 451 769 id_point
99 394 713 451 769 id_point
100 392 712 449 768 id_point
101 392 713 450 771 id_point
102 393 712 449 770 id_point
103 390 711 447 767 id_point
104 391 712 447 767 id_point
105 389 711 447 764 id_point
106 390 711 446 766 id_point
107 389 714 441 768 id_point
108 385 711 437 767 id_point
109 385 709 438 764 id_point
110 142 857 187 902 id_point
111 224 819 264 859 marker
111 154 858 214 913 id_point
112 224 820 264 861 marker
112 156 866 212 920 id_point
113 223 820 264 862 marker
113 157 864 214 917 id_point
114 224 820 265 861 marker
114 161 858 216 913 id_point
115 224 820 264 861 marker
115 160 861 215 916 id_point
116 223 820 264 860 marker
116 158 856 218 910 id_point
117 224 819 263 860 marker
117 160 854 217 909 id_point
118 224 820 263 861 marker
118 158 859 216 911 id_point
119 224 818 263 859 marker
119 160 850 217 904 id_point
120 223 818 263 858 marker
120 163 852 218 907 id_point
121 165 854 221 910 id_point
122 230 850 288 906 id_point
123 240 850 286 895 id_point
124 318 853 373 907 id_point
125 322 814 362 853 marker
125 287 857 343 912 id_point
126 323 815 362 854 marker
126 282 864 336 918 id_point
127 321 815 361 854 marker
127 280 861 335 918 id_point
128 322 814 362 855 marker
128 281 865 337 920 id_point
129 322 815 363 855 marker
129 280 864 337 919 id_point
130 323 816 362 855 marker
130 281 864 336 916 id_point
131 283 862 339 914 id_point
131 322 815 362 854 marker
132 322 815 362 855 marker
132 284 862 339 912 id_point
133 321 815 361 854 marker
133 283 860 340 916 id_point
134 322 814 362 854 marker
134 283 858 338 909 id_point
135 282 859 337 914 id_point
136 303 852 357 906 id_point
137 304 853 357 907 id_point
138 325 861 380 918 id_point
139 418 809 456 844 marker
139 389 861 445 914 id_point
140 403 842 454 901 id_point
140 420 807 458 847 marker
141 403 844 453 902 id_point
141 420 808 457 844 marker
142 403 844 454 902 id_point
142 421 808 457 844 marker
143 401 841 453 899 id_point
143 420 809 457 844 marker
144 400 844 452 904 id_point
144 419 808 456 844 marker
145 399 845 453 904 id_point
145 420 809 457 844 marker
146 400 842 453 903 id_point
146 419 809 456 844 marker
147 400 847 452 906 id_point
147 419 810 456 844 marker
148 400 844 451 902 id_point
148 420 807 458 845 marker
149 400 846 455 902 id_point
150 400 850 456 906 id_point
151 400 850 455 906 id_point
152 399 850 454 905 id_point
153 398 846 453 900 id_point
153 314 828 347 864 marker
153 377 1053 422 1094 marker
153 317 952 357 1011 marker
154 314 831 347 866 marker
154 375 1050 425 1094 marker
155 209 698 263 752 id_point
155 314 829 347 867 marker
155 379 1049 421 1094 marker
156 218 676 271 728 id_point
156 313 828 345 869 marker
156 378 1049 420 1094 marker
157 377 1050 428 1094 marker
157 314 829 348 867 marker
157 229 677 275 721 id_point
158 210 643 264 697 id_point
158 314 828 348 866 marker
158 375 1048 423 1093 marker
159 221 656 279 710 id_point
159 314 828 348 866 marker
159 376 1048 426 1093 marker
160 238 656 292 713 id_point
160 380 1049 426 1090 marker
160 318 827 351 863 marker
161 240 663 293 715 id_point
161 379 1045 428 1087 marker
161 316 822 350 861 marker
162 381 1043 431 1086 marker
162 318 821 353 860 marker
163 313 820 347 858 marker
163 379 1044 426 1084 marker
163 220 635 265 681 id_point
164 218 600 271 655 id_point
164 315 822 349 862 marker
164 378 1045 427 1088 marker
165 220 597 276 651 id_point
165 377 1043 427 1083 marker
165 314 820 348 859 marker
166 235 642 288 694 id_point
166 381 1046 427 1087 marker
166 316 822 350 861 marker
