0 248 336 296 384 id_point
1 218 362 274 419 id_point
2 209 373 265 430 id_point
3 224 350 278 409 id_point
4 229 342 285 403 id_point
5 213 352 272 414 id_point
6 215 356 271 416 id_point
7 206 365 263 425 id_point
8 204 375 258 433 id_point
9 205 372 259 429 id_point
10 230 339 288 396 id_point
11 215 353 276 418 id_point
12 216 359 271 417 id_point
14 216 358 272 416 id_point
15 205 374 262 439 id_point
16 201 383 257 441 id_point
17 202 381 256 440 id_point
18 203 370 258 430 id_point
19 202 381 258 435 id_point
20 202 378 257 436 id_point
21 209 379 253 429 id_point
22 202 384 256 442 id_point
24 206 375 261 434 id_point
25 203 375 257 434 id_point
26 201 387 257 441 id_point
27 201 385 257 438 id_point
28 83 422 122 462 marker
29 84 421 122 462 marker
29 213 375 255 426 id_point
30 84 422 122 461 marker
30 42 341 94 395 id_point
31 37 331 93 384 id_point
31 83 422 123 462 marker
32 84 422 123 462 marker
32 37 332 91 386 id_point
33 84 422 123 462 marker
33 35 331 89 384 id_point
34 84 422 123 461 marker
34 35 332 89 385 id_point
35 84 422 123 462 marker
35 35 332 89 385 id_point
36 84 422 123 461 marker
36 35 331 89 384 id_point
37 84 422 123 462 marker
37 35 332 89 386 id_point
38 84 421 123 462 marker
38 36 334 89 386 id_point
39 34 333 90 387 id_point
39 84 422 122 462 marker
40 36 335 89 388 id_point
41 37 334 90 388 id_point
42 67 368 119 421 id_point
43 107 363 161 417 id_point
44 147 419 186 459 marker
44 117 362 171 420 id_point
45 122 360 174 420 id_point
45 146 419 184 460 marker
46 120 358 173 417 id_point
46 147 421 185 459 marker
47 118 356 171 415 id_point
47 146 420 185 458 marker
48 116 355 170 413 id_point
48 146 421 185 458 marker
49 116 357 170 413 id_point
49 145 421 185 459 marker
50 117 354 170 414 id_point
50 146 420 185 458 marker
51 146 421 185 457 marker
51 115 356 169 413 id_point
52 114 357 169 415 id_point
52 146 421 185 459 marker
53 146 421 185 458 marker
53 117 358 169 415 id_point
54 115 358 169 413 id_point
55 115 359 169 416 id_point
56 116 361 170 415 id_point
57 117 357 170 413 id_point
58 212 418 250 456 marker
58 186 353 244 408 id_point
59 211 418 250 457 marker
59 184 353 237 409 id_point
60 212 419 251 457 marker
60 178 356 232 412 id_point
61 212 419 251 457 marker
61 178 354 234 412 id_point
62 212 418 251 456 marker
62 178 355 232 413 id_point
63 211 418 251 457 marker
63 178 358 231 414 id_point
64 210 418 249 457 marker
64 179 357 232 413 id_point
65 177 354 232 409 id_point
65 211 418 251 456 marker
66 211 418 251 457 marker
66 178 355 232 411 id_point
67 212 418 251 455 marker
67 179 358 232 415 id_point
68 176 355 231 412 id_point
69 177 356 232 414 id_point
70 230 339 284 396 id_point
71 232 344 289 398 id_point
71 277 416 316 455 marker
72 277 416 318 454 marker
72 236 350 291 405 id_point
73 236 347 290 405 id_point
73 277 416 316 454 marker
74 236 348 291 404 id_point
74 276 416 318 455 marker
75 277 417 318 456 marker
75 235 346 291 403 id_point
76 276 417 316 455 marker
76 236 347 291 404 id_point
77 235 347 291 403 id_point
77 276 415 315 454 marker
78 276 415 315 454 marker
78 236 347 292 404 id_point
79 237 348 291 404 id_point
79 276 417 316 455 marker
80 277 416 316 455 marker
80 236 351 291 406 id_point
81 236 347 290 406 id_point
82 235 350 290 407 id_point
83 235 350 290 410 id_point
85 81 484 119 523 marker
85 37 482 83 527 marker
86 82 485 119 525 marker
86 55 432 111 494 id_point
87 60 439 112 496 id_point
87 81 486 118 524 marker
88 60 438 112 493 id_point
88 79 486 118 524 marker
89 59 436 111 494 id_point
89 80 485 118 525 marker
90 59 439 110 498 id_point
90 79 485 119 524 marker
91 81 485 118 524 marker
91 58 438 110 496 id_point
92 79 485 118 525 marker
92 59 439 110 508 id_point
93 80 485 118 525 marker
93 58 439 111 498 id_point
94 59 440 113 493 id_point
95 58 440 112 493 id_point
96 59 439 113 492 id_point
97 107 432 161 487 id_point
98 145 482 183 523 marker
98 111 432 164 489 id_point
99 143 482 183 523 marker
99 113 432 166 490 id_point
100 143 482 182 523 marker
100 113 432 166 491 id_point
101 144 483 182 522 marker
101 112 431 165 488 id_point
102 145 483 183 522 marker
102 112 432 165 488 id_point
103 144 482 183 523 marker
103 112 431 166 488 id_point
104 144 482 183 522 marker
104 113 431 166 489 id_point
105 144 481 182 523 marker
105 113 432 169 491 id_point
106 143 482 182 523 marker
106 112 432 166 489 id_point
107 143 481 182 522 marker
107 112 432 165 490 id_point
108 111 431 164 486 id_point
109 114 431 168 485 id_point
110 116 430 172 486 id_point
111 151 432 217 485 id_point
112 210 479 250 521 marker
112 169 428 223 479 id_point
113 168 427 220 481 id_point
113 209 481 251 520 marker
114 166 427 218 480 id_point
114 209 480 250 521 marker
115 167 423 218 477 id_point
115 209 480 250 521 marker
116 166 424 219 478 id_point
116 209 481 250 521 marker
117 166 426 219 480 id_point
117 209 481 250 519 marker
118 168 422 221 477 id_point
118 210 479 250 521 marker
119 168 426 221 480 id_point
119 209 479 250 521 marker
120 165 424 219 478 id_point
120 209 481 249 521 marker
121 164 427 218 482 id_point
122 166 426 220 483 id_point
123 172 428 227 485 id_point
124 222 423 279 481 id_point
125 224 422 279 478 id_point
125 276 480 317 520 marker
126 227 421 280 478 id_point
126 277 480 317 520 marker
127 275 481 317 521 marker
127 225 422 281 477 id_point
128 276 480 317 521 marker
128 223 421 279 475 id_point
129 224 422 279 475 id_point
129 277 480 317 521 marker
130 277 480 317 520 marker
130 224 421 277 477 id_point
131 277 480 317 521 marker
131 223 423 276 477 id_point
132 224 423 278 477 id_point
132 277 480 317 520 marker
133 275 481 318 521 marker
133 224 421 278 477 id_point
134 275 481 318 521 marker
134 224 422 279 475 id_point
135 224 421 279 478 id_point
136 223 421 277 477 id_point
137 223 425 280 482 id_point
138 21 506 79 559 id_point
139 76 548 115 590 marker
139 14 505 69 559 id_point
140 77 549 115 591 marker
140 48 507 101 562 id_point
141 78 548 115 591 marker
141 50 507 102 559 id_point
142 78 549 116 591 marker
142 49 506 103 560 id_point
143 79 549 116 590 marker
143 49 508 103 564 id_point
144 78 549 116 590 marker
144 49 508 103 563 id_point
145 79 548 116 591 marker
145 49 508 102 565 id_point
146 79 549 116 590 marker
146 50 508 102 563 id_point
147 78 549 115 590 marker
147 48 507 101 563 id_point
148 79 549 115 590 marker
148 47 508 101 563 id_point
149 48 508 103 562 id_point
150 49 508 104 563 id_point
151 51 509 105 563 id_point
152 75 507 129 561 id_point
153 143 547 181 589 marker
153 96 506 151 557 id_point
154 143 548 181 589 marker
154 102 504 155 558 id_point
155 143 546 180 589 marker
155 103 503 156 557 id_point
156 142 547 181 588 marker
156 104 501 155 558 id_point
157 143 548 181 589 marker
157 104 504 156 558 id_point
158 143 548 181 589 marker
158 104 502 155 559 id_point
159 144 547 182 589 marker
159 104 506 159 557 id_point
160 143 548 181 589 marker
160 104 505 159 560 id_point
161 143 548 181 590 marker
161 104 503 157 556 id_point
162 143 548 180 590 marker
162 103 504 156 558 id_point
163 103 502 157 557 id_point
164 103 503 157 558 id_point
165 104 505 158 556 id_point
167 207 548 248 589 marker
167 153 500 207 556 id_point
168 206 547 247 589 marker
168 160 502 212 558 id_point
169 206 547 247 589 marker
169 161 501 214 554 id_point
170 206 548 246 591 marker
170 159 499 213 553 id_point
171 206 548 246 591 marker
171 158 499 212 553 id_point
172 207 549 246 591 marker
172 157 497 211 553 id_point
173 206 550 246 591 marker
173 157 500 212 555 id_point
174 207 550 247 592 marker
174 159 500 212 554 id_point
175 207 549 248 591 marker
175 158 498 213 553 id_point
176 207 548 247 591 marker
176 159 502 212 556 id_point
177 207 549 246 590 marker
177 155 502 210 556 id_point
178 156 501 211 558 id_point
179 155 501 211 557 id_point
180 157 500 212 557 id_point
181 192 500 258 557 id_point
182 211 502 266 557 id_point
182 275 547 316 591 marker
183 218 501 273 555 id_point
183 274 549 317 590 marker
184 217 500 272 555 id_point
184 274 549 317 590 marker
185 216 501 272 555 id_point
185 274 548 315 590 marker
186 216 500 272 555 id_point
186 273 547 315 591 marker
187 216 501 271 555 id_point
187 272 548 315 590 marker
188 216 499 271 554 id_point
188 273 548 315 590 marker
189 217 500 272 555 id_point
189 274 548 316 590 marker
190 217 500 272 555 id_point
190 274 549 315 591 marker
191 217 500 271 557 id_point
192 215 501 270 557 id_point
193 216 500 272 556 id_point
195 2 585 51 638 id_point
195 75 619 116 662 marker
196 76 619 115 662 marker
196 2 584 54 637 id_point
197 37 584 92 638 id_point
197 76 619 114 660 marker
198 38 584 91 638 id_point
198 75 619 113 660 marker
199 35 584 90 637 id_point
199 75 619 114 660 marker
200 75 619 113 660 marker
200 38 584 92 637 id_point
201 35 584 90 637 id_point
201 74 619 113 660 marker
202 75 620 113 661 marker
202 34 587 89 640 id_point
203 74 620 113 660 marker
203 32 588 87 641 id_point
204 32 588 87 641 id_point
204 74 620 113 660 marker
205 75 620 113 660 marker
205 34 588 87 642 id_point
206 34 587 89 641 id_point
207 43 587 97 643 id_point
208 48 586 104 640 id_point
209 74 584 128 639 id_point
210 139 618 180 661 marker
210 83 585 136 637 id_point
211 140 618 179 661 marker
211 93 586 148 640 id_point
212 139 618 179 662 marker
212 91 586 146 641 id_point
213 89 586 145 640 id_point
213 139 618 179 661 marker
214 138 617 179 660 marker
214 89 585 145 639 id_point
215 91 586 145 642 id_point
215 138 618 178 661 marker
216 138 617 179 660 marker
216 92 586 145 638 id_point
217 137 617 178 661 marker
217 92 585 145 639 id_point
218 138 618 178 661 marker
218 90 586 146 640 id_point
219 92 585 146 642 id_point
220 94 588 148 643 id_point
221 99 587 152 643 id_point
222 101 586 154 642 id_point
223 133 586 186 639 id_point
223 206 616 247 659 marker
224 205 617 246 660 marker
224 151 585 206 639 id_point
225 154 585 206 639 id_point
225 205 618 246 659 marker
226 150 583 206 638 id_point
226 205 617 246 660 marker
227 150 583 206 639 id_point
227 206 617 246 660 marker
228 150 582 205 638 id_point
228 205 617 246 660 marker
229 154 579 204 636 id_point
229 205 617 246 659 marker
230 152 582 204 638 id_point
230 205 618 246 659 marker
231 151 582 206 637 id_point
231 206 617 246 660 marker
232 206 617 246 659 marker
232 154 582 206 636 id_point
233 155 588 209 645 id_point
234 155 585 209 641 id_point
235 162 584 216 639 id_point
236 210 579 267 633 id_point
236 273 616 314 657 marker
237 212 580 267 634 id_point
237 274 615 314 658 marker
238 215 584 270 636 id_point
238 275 616 315 658 marker
239 214 583 269 636 id_point
239 275 616 315 658 marker
240 214 582 269 635 id_point
240 275 616 315 658 marker
241 276 615 315 659 marker
241 215 582 271 635 id_point
242 215 580 271 634 id_point
242 275 615 316 658 marker
243 215 584 269 637 id_point
243 276 615 315 659 marker
244 275 616 314 659 marker
244 214 584 268 636 id_point
245 214 582 268 636 id_point
245 274 616 314 657 marker
246 214 584 268 637 id_point
246 274 616 314 659 marker
247 215 585 268 640 id_point
248 215 584 269 639 id_point
249 214 587 270 639 id_point
250 198 593 252 647 id_point
251 208 586 261 640 id_point
252 209 587 266 639 id_point
253 40 296 67 323 marker
254 41 295 67 323 marker
255 41 295 68 323 marker
255 197 203 235 277 id_point
256 41 295 67 323 marker
257 146 474 201 527 id_point
257 40 296 67 323 marker
258 40 296 66 323 marker
258 196 544 239 586 id_point
