1 213 557 266 613 id_point
1 420 1021 473 1069 id_point
2 221 602 275 658 id_point
3 223 601 278 656 id_point
4 222 599 276 655 id_point
5 225 599 278 655 id_point
6 229 598 284 654 id_point
7 229 600 284 656 id_point
10 218 623 272 680 id_point
11 230 605 284 658 id_point
12 230 602 283 656 id_point
13 227 599 282 652 id_point
14 228 600 283 654 id_point
15 227 599 280 654 id_point
16 229 600 282 655 id_point
17 230 601 283 655 id_point
18 230 598 283 651 id_point
19 226 600 280 654 id_point
20 225 599 279 652 id_point
21 230 598 283 653 id_point
22 224 598 278 651 id_point
23 221 601 276 654 id_point
24 216 597 271 651 id_point
24 84 624 126 667 marker
25 217 599 272 654 id_point
25 84 623 128 667 marker
26 222 599 275 651 id_point
26 84 624 128 668 marker
27 15 595 71 649 id_point
27 87 625 126 668 marker
28 11 600 65 652 id_point
28 87 624 128 667 marker
29 6 599 61 654 id_point
29 87 624 126 668 marker
29 423 1017 479 1069 id_point
30 6 599 60 652 id_point
30 86 624 127 668 marker
31 5 600 60 653 id_point
31 87 625 126 668 marker
32 7 601 60 654 id_point
32 86 625 125 669 marker
33 7 601 61 654 id_point
33 87 626 126 669 marker
34 6 600 60 654 id_point
35 11 602 63 657 id_point
36 10 601 65 656 id_point
37 11 600 65 655 id_point
38 68 601 122 657 id_point
38 152 621 194 666 marker
39 84 601 139 656 id_point
39 151 622 193 666 marker
40 79 603 134 657 id_point
40 151 621 194 666 marker
41 76 601 131 656 id_point
41 151 622 194 666 marker
42 79 601 132 654 id_point
42 151 622 194 665 marker
42 423 1018 479 1069 id_point
43 79 599 134 654 id_point
43 151 623 194 666 marker
44 82 600 136 654 id_point
44 151 622 192 666 marker
44 422 1018 478 1068 id_point
45 81 600 135 655 id_point
45 151 622 193 665 marker
46 82 602 136 656 id_point
46 150 622 193 666 marker
47 83 600 135 655 id_point
47 421 1019 478 1067 id_point
48 83 601 135 656 id_point
48 420 1017 479 1068 id_point
49 83 601 135 655 id_point
50 85 602 143 655 id_point
51 147 604 201 658 id_point
51 220 619 262 663 marker
52 155 603 208 657 id_point
52 221 619 264 662 marker
53 154 603 210 657 id_point
53 220 620 263 663 marker
54 153 602 209 657 id_point
54 220 619 264 662 marker
55 152 603 206 658 id_point
55 220 619 263 662 marker
56 151 602 206 657 id_point
56 220 619 263 662 marker
57 152 601 206 655 id_point
57 219 619 263 663 marker
58 150 601 206 656 id_point
58 219 620 263 663 marker
59 151 601 206 656 id_point
59 221 620 265 663 marker
60 150 601 205 656 id_point
60 219 618 262 662 marker
60 421 1013 478 1063 id_point
61 152 602 203 657 id_point
62 151 601 205 656 id_point
63 154 601 205 656 id_point
64 215 601 268 657 id_point
65 225 604 280 657 id_point
65 289 619 332 663 marker
66 228 603 283 657 id_point
66 289 618 332 662 marker
67 229 603 283 657 id_point
67 290 618 332 663 marker
67 422 1018 479 1068 id_point
68 226 598 282 653 id_point
68 290 616 334 661 marker
69 226 599 279 653 id_point
69 291 616 332 661 marker
70 226 601 279 655 id_point
70 291 617 333 662 marker
71 226 601 281 655 id_point
71 290 618 332 662 marker
72 226 602 280 656 id_point
72 291 618 332 663 marker
73 224 602 279 656 id_point
73 291 618 333 662 marker
74 226 602 279 656 id_point
74 291 618 332 662 marker
75 227 600 281 655 id_point
75 424 1015 478 1066 id_point
76 228 602 281 657 id_point
77 228 603 281 657 id_point
79 87 692 127 736 marker
80 87 692 127 736 marker
80 7 686 59 739 id_point
81 88 693 127 736 marker
81 8 690 62 743 id_point
82 87 692 127 735 marker
82 9 687 63 741 id_point
83 87 693 128 736 marker
83 9 691 63 742 id_point
84 88 693 128 736 marker
84 9 692 62 744 id_point
85 88 692 128 735 marker
85 11 691 63 741 id_point
86 12 689 66 743 id_point
86 87 693 128 736 marker
87 12 690 67 742 id_point
87 87 692 128 736 marker
88 12 689 65 744 id_point
89 44 686 97 737 id_point
90 47 684 100 736 id_point
90 424 1015 480 1064 id_point
91 77 693 130 746 id_point
92 153 693 196 735 marker
92 79 693 132 746 id_point
93 152 693 194 735 marker
93 81 694 135 748 id_point
94 152 692 195 735 marker
94 79 693 133 746 id_point
95 154 691 195 734 marker
95 80 693 133 746 id_point
96 154 692 195 735 marker
96 79 690 135 745 id_point
97 154 693 196 735 marker
97 82 692 135 746 id_point
98 153 692 195 734 marker
98 83 693 135 746 id_point
99 153 692 195 735 marker
99 82 693 134 746 id_point
100 153 692 196 735 marker
100 80 689 135 743 id_point
101 81 691 133 744 id_point
102 84 692 137 745 id_point
103 98 698 149 750 id_point
104 149 693 202 748 id_point
105 153 690 209 744 id_point
105 221 689 266 733 marker
106 155 695 211 749 id_point
106 221 691 265 732 marker
107 154 696 208 749 id_point
107 221 690 266 733 marker
108 152 695 206 749 id_point
108 221 690 264 734 marker
109 221 690 265 733 marker
109 151 695 206 749 id_point
110 221 691 266 732 marker
110 152 695 206 749 id_point
111 222 689 264 734 marker
111 151 695 205 750 id_point
112 149 697 204 750 id_point
112 222 690 266 733 marker
113 222 691 264 734 marker
113 150 696 203 750 id_point
114 151 695 204 748 id_point
115 151 693 204 749 id_point
116 151 693 205 748 id_point
117 153 693 208 748 id_point
118 219 692 274 749 id_point
119 293 688 336 732 marker
119 226 694 278 747 id_point
120 232 693 288 748 id_point
120 293 688 336 732 marker
121 294 688 335 731 marker
121 227 694 281 749 id_point
122 293 688 336 731 marker
122 225 698 279 751 id_point
123 294 688 336 731 marker
123 229 699 284 753 id_point
124 294 688 336 732 marker
124 229 698 284 753 id_point
124 423 1021 478 1069 id_point
125 294 687 336 731 marker
125 229 697 283 752 id_point
126 294 688 336 731 marker
126 227 696 280 751 id_point
127 293 688 335 731 marker
127 228 695 282 749 id_point
128 229 696 284 751 id_point
129 230 695 283 751 id_point
129 422 1016 478 1067 id_point
130 2 725 55 777 id_point
131 17 750 70 803 id_point
132 92 762 130 803 marker
132 15 747 73 810 id_point
133 91 763 131 803 marker
133 15 775 70 830 id_point
134 91 764 130 804 marker
134 15 778 70 831 id_point
135 91 763 131 804 marker
135 15 778 70 830 id_point
136 92 762 131 803 marker
136 15 776 69 829 id_point
137 91 762 130 804 marker
137 16 780 70 832 id_point
138 91 763 130 803 marker
138 15 779 69 831 id_point
139 92 763 131 803 marker
139 15 778 69 831 id_point
140 92 762 131 803 marker
140 14 779 69 831 id_point
141 17 780 72 833 id_point
142 22 778 75 830 id_point
143 34 776 88 829 id_point
144 67 784 120 836 id_point
145 159 762 198 803 marker
145 70 784 123 838 id_point
146 159 763 199 803 marker
146 88 787 141 840 id_point
147 159 762 199 803 marker
147 83 784 135 837 id_point
148 159 763 199 804 marker
148 84 785 136 839 id_point
149 159 762 198 803 marker
149 81 783 135 836 id_point
150 158 764 198 804 marker
150 82 783 134 837 id_point
151 158 763 198 804 marker
151 81 783 134 836 id_point
152 157 763 198 804 marker
152 82 782 136 835 id_point
153 158 763 198 804 marker
153 81 782 137 835 id_point
154 158 763 198 803 marker
154 81 781 133 836 id_point
155 84 785 136 839 id_point
156 90 781 142 835 id_point
157 99 777 153 829 id_point
158 102 775 165 830 id_point
158 132 787 189 844 id_point
159 226 761 266 802 marker
159 142 790 196 845 id_point
160 160 784 213 838 id_point
160 226 763 267 802 marker
161 154 784 209 840 id_point
161 226 762 266 803 marker
162 225 763 267 802 marker
163 153 783 206 840 id_point
163 223 762 266 802 marker
164 154 784 208 839 id_point
164 225 761 267 801 marker
165 154 783 208 840 id_point
165 225 762 266 802 marker
166 156 784 210 838 id_point
166 224 762 266 802 marker
167 154 784 209 839 id_point
167 222 762 266 802 marker
168 154 783 208 838 id_point
169 161 782 214 839 id_point
170 171 785 224 841 id_point
171 175 787 222 834 id_point
172 295 757 338 800 marker
172 226 780 280 837 id_point
173 296 758 338 800 marker
173 231 782 286 839 id_point
174 233 782 287 838 id_point
174 296 758 338 801 marker
175 295 758 336 802 marker
175 232 783 287 840 id_point
176 295 759 337 801 marker
176 232 787 287 843 id_point
177 295 760 336 801 marker
177 232 782 287 841 id_point
178 232 782 288 839 id_point
178 295 759 337 801 marker
179 296 758 339 801 marker
179 232 781 287 837 id_point
180 232 782 287 839 id_point
180 296 757 338 800 marker
181 296 759 337 801 marker
181 232 781 289 838 id_point
182 229 781 289 837 id_point
183 231 779 286 836 id_point
184 215 796 269 853 id_point
185 0 822 43 874 id_point
186 95 828 134 868 marker
186 0 824 45 877 id_point
187 18 861 74 913 id_point
187 96 829 135 869 marker
188 96 829 135 868 marker
188 19 863 73 914 id_point
189 96 829 135 868 marker
189 18 862 72 914 id_point
190 96 829 135 868 marker
190 21 864 74 916 id_point
191 96 829 135 868 marker
191 20 863 73 914 id_point
192 96 829 135 868 marker
192 18 863 72 916 id_point
193 97 830 136 869 marker
193 20 862 74 912 id_point
194 96 830 135 869 marker
194 19 863 74 913 id_point
195 25 863 78 916 id_point
196 37 860 92 913 id_point
197 45 860 114 918 id_point
198 162 829 201 869 marker
199 92 868 147 922 id_point
199 162 830 202 869 marker
200 88 866 142 919 id_point
200 163 830 202 870 marker
201 88 868 142 924 id_point
201 163 829 203 869 marker
202 162 829 202 869 marker
202 86 868 141 922 id_point
203 163 831 203 870 marker
203 87 872 140 926 id_point
204 86 870 142 925 id_point
204 162 832 201 871 marker
205 89 871 142 925 id_point
205 162 830 201 870 marker
206 163 830 202 870 marker
206 87 868 141 921 id_point
207 88 868 141 921 id_point
208 93 868 146 921 id_point
209 107 868 161 924 id_point
210 160 871 215 927 id_point
211 163 870 218 927 id_point
211 226 829 271 868 marker
212 166 871 220 928 id_point
212 226 828 271 868 marker
213 227 829 270 869 marker
213 158 876 218 933 id_point
214 162 877 217 933 id_point
214 228 828 271 869 marker
215 228 828 270 868 marker
215 167 882 216 928 id_point
216 164 876 218 930 id_point
216 227 829 270 869 marker
217 162 873 217 929 id_point
217 227 829 270 869 marker
218 161 872 215 927 id_point
218 226 828 271 868 marker
219 161 877 215 930 id_point
219 226 828 270 869 marker
220 163 876 219 930 id_point
221 162 870 219 926 id_point
222 182 871 236 927 id_point
223 184 867 240 925 id_point
224 236 873 293 930 id_point
224 296 827 338 866 marker
225 239 875 293 932 id_point
225 297 826 339 865 marker
226 239 878 296 934 id_point
226 296 826 338 865 marker
227 297 826 338 866 marker
228 297 826 338 865 marker
228 249 887 295 931 id_point
229 239 875 294 930 id_point
229 296 827 339 866 marker
230 297 827 339 865 marker
230 234 877 292 932 id_point
231 234 875 293 931 id_point
231 296 826 339 866 marker
232 296 826 339 866 marker
232 235 877 291 935 id_point
233 234 879 291 934 id_point
235 34 910 88 964 id_point
236 0 960 43 1012 id_point
237 0 959 44 1011 id_point
237 40 839 69 872 marker
237 135 1076 181 1115 marker
238 40 841 66 872 marker
238 132 1072 180 1114 marker
239 39 839 69 873 marker
239 132 1071 182 1113 marker
240 38 839 68 873 marker
240 130 1074 179 1116 marker
241 38 840 67 872 marker
241 131 1071 181 1116 marker
241 83 745 133 795 marker
242 171 762 228 819 id_point
242 132 1071 180 1114 marker
243 172 761 228 818 id_point
243 130 1073 179 1116 marker
243 37 840 67 871 marker
244 249 653 307 720 id_point
244 132 1071 180 1113 marker
