0 279 568 335 623 id_point
1 284 571 338 627 id_point
2 285 572 338 629 id_point
3 287 576 343 634 id_point
4 287 576 343 635 id_point
5 284 573 339 629 id_point
6 283 572 338 631 id_point
7 284 573 337 631 id_point
8 280 550 337 607 id_point
9 279 550 334 607 id_point
10 283 550 338 606 id_point
11 283 551 337 607 id_point
12 285 567 339 626 id_point
13 285 567 339 625 id_point
14 288 582 346 636 id_point
15 288 581 344 636 id_point
16 294 583 340 630 id_point
19 135 1058 182 1094 marker
20 0 740 33 794 id_point
21 0 760 32 810 id_point
22 0 760 33 811 id_point
23 0 759 33 811 id_point
24 0 759 37 812 id_point
25 155 625 207 681 id_point
26 221 594 274 647 id_point
27 222 593 274 647 id_point
29 224 595 278 651 id_point
30 271 592 323 647 id_point
30 136 1061 184 1097 marker
31 269 590 323 646 id_point
32 283 582 338 640 id_point
33 280 589 334 645 id_point
34 265 585 320 642 id_point
35 270 575 326 634 id_point
36 270 575 327 634 id_point
42 261 597 317 654 id_point
43 262 598 317 654 id_point
44 254 597 310 653 id_point
45 259 599 305 643 id_point
46 215 594 259 637 id_point
50 240 557 296 614 id_point
51 239 557 295 614 id_point
52 264 580 321 637 id_point
53 265 580 322 637 id_point
54 258 580 313 636 id_point
55 257 580 313 636 id_point
57 261 574 315 630 id_point
58 261 573 317 629 id_point
59 264 575 320 631 id_point
60 264 575 320 632 id_point
61 257 573 318 632 id_point
62 255 573 312 630 id_point
63 251 577 307 632 id_point
64 250 576 305 632 id_point
65 252 568 307 625 id_point
66 252 569 307 625 id_point
67 249 577 304 631 id_point
68 248 576 303 631 id_point
69 248 576 303 629 id_point
70 247 573 303 628 id_point
71 246 572 302 633 id_point
72 248 576 302 631 id_point
73 247 578 304 634 id_point
74 246 577 304 634 id_point
75 252 572 307 628 id_point
76 252 572 307 628 id_point
77 253 580 309 637 id_point
78 252 580 308 637 id_point
79 253 581 308 639 id_point
80 253 582 308 639 id_point
81 252 581 307 638 id_point
82 251 580 307 637 id_point
83 249 579 307 638 id_point
84 250 578 307 635 id_point
85 249 579 306 637 id_point
86 250 582 305 636 id_point
87 250 581 306 638 id_point
88 250 582 305 638 id_point
89 249 580 306 637 id_point
90 250 582 306 639 id_point
91 251 582 307 639 id_point
92 251 578 309 633 id_point
93 253 576 308 633 id_point
94 250 575 306 632 id_point
95 251 575 307 630 id_point
96 251 575 307 631 id_point
97 250 575 307 633 id_point
98 251 575 307 632 id_point
99 251 575 307 632 id_point
101 80 573 134 628 id_point
102 80 573 134 628 id_point
103 77 575 131 629 id_point
104 73 573 131 647 id_point
105 73 589 125 644 id_point
106 59 580 115 639 id_point
107 59 581 115 638 id_point
108 58 579 114 638 id_point
109 59 579 113 639 id_point
110 58 581 114 640 id_point
111 57 579 112 637 id_point
111 85 610 124 650 marker
112 57 579 113 637 id_point
113 59 581 114 641 id_point
114 57 581 115 640 id_point
115 60 582 115 639 id_point
116 62 581 116 639 id_point
117 59 582 115 641 id_point
118 59 581 114 642 id_point
119 58 581 114 640 id_point
120 59 581 114 641 id_point
121 59 582 114 639 id_point
122 59 581 114 640 id_point
123 61 582 115 637 id_point
124 61 582 115 638 id_point
126 90 593 144 648 id_point
127 90 593 144 648 id_point
128 94 592 149 648 id_point
129 100 590 163 648 id_point
130 113 587 164 643 id_point
131 144 588 199 643 id_point
132 145 587 199 643 id_point
133 143 590 198 644 id_point
134 143 590 197 645 id_point
135 144 594 197 646 id_point
136 144 594 196 647 id_point
137 149 598 190 645 marker
138 143 593 196 646 id_point
139 143 592 196 646 id_point
140 143 589 197 645 id_point
141 143 590 197 645 id_point
142 143 589 197 645 id_point
143 143 588 198 646 id_point
144 144 588 198 645 id_point
145 144 593 198 647 id_point
146 144 594 197 647 id_point
147 144 600 195 652 id_point
148 144 598 195 652 id_point
149 144 597 196 650 id_point
150 143 594 199 649 id_point
151 143 590 202 649 id_point
152 147 589 202 645 id_point
153 158 588 213 645 id_point
154 159 588 214 645 id_point
155 166 593 222 648 id_point
156 167 593 221 648 id_point
157 215 603 258 645 marker
158 209 588 262 644 id_point
159 205 588 261 647 id_point
160 204 592 259 647 id_point
161 203 588 257 645 id_point
162 202 585 258 646 id_point
163 202 585 257 642 id_point
164 201 585 257 641 id_point
165 201 583 257 641 id_point
166 201 583 255 640 id_point
167 194 583 252 642 id_point
168 195 584 253 643 id_point
169 199 590 255 645 id_point
170 200 589 255 646 id_point
171 201 590 256 645 id_point
172 201 590 256 646 id_point
173 202 590 256 647 id_point
174 202 591 256 647 id_point
175 203 591 256 646 id_point
176 204 595 257 648 id_point
177 200 593 254 647 id_point
178 200 593 255 648 id_point
179 205 597 253 641 id_point
180 225 586 280 639 id_point
181 226 585 280 640 id_point
182 228 586 282 642 id_point
183 226 585 282 642 id_point
184 244 587 300 643 id_point
184 292 603 325 644 marker
185 251 587 305 643 id_point
185 286 606 326 645 marker
186 267 590 322 646 id_point
187 267 589 324 645 id_point
188 266 590 322 645 id_point
189 266 589 323 646 id_point
190 267 583 322 643 id_point
191 266 584 322 643 id_point
192 267 585 323 644 id_point
193 268 585 324 644 id_point
194 265 585 322 643 id_point
195 264 585 321 642 id_point
196 263 584 322 642 id_point
197 264 583 322 642 id_point
198 264 586 321 643 id_point
199 263 586 321 644 id_point
200 269 581 324 641 id_point
201 267 582 326 642 id_point
202 264 587 323 643 id_point
203 264 587 323 643 id_point
204 263 587 319 643 id_point
205 263 587 318 643 id_point
206 85 672 139 727 id_point
207 84 673 139 729 id_point
208 85 673 138 728 id_point
209 84 674 137 728 id_point
210 84 672 137 728 id_point
211 84 672 137 727 id_point
212 87 668 142 727 id_point
213 89 665 143 719 id_point
214 91 661 148 717 id_point
215 91 661 147 716 id_point
216 90 665 146 719 id_point
217 89 666 145 718 id_point
218 89 663 145 718 id_point
219 90 663 144 713 id_point
220 90 662 145 718 id_point
221 89 663 146 719 id_point
222 89 663 145 718 id_point
223 89 663 144 718 id_point
224 90 666 145 719 id_point
225 91 664 147 719 id_point
226 92 664 147 719 id_point
227 92 662 146 721 id_point
228 90 667 146 720 id_point
229 90 665 145 719 id_point
230 92 664 145 720 id_point
231 92 664 146 720 id_point
232 136 665 189 720 id_point
233 136 664 189 720 id_point
234 141 665 198 720 id_point
235 141 667 199 719 id_point
236 151 669 205 724 id_point
237 150 669 205 724 id_point
238 150 669 202 723 id_point
239 150 668 202 723 id_point
240 150 664 203 721 id_point
241 148 667 199 719 id_point
242 148 666 199 718 id_point
243 146 665 199 718 id_point
244 147 667 197 718 id_point
245 145 663 202 717 id_point
246 146 665 199 718 id_point
247 146 664 204 717 id_point
248 148 667 200 720 id_point
249 150 664 201 718 id_point
250 150 668 199 718 id_point
251 149 667 200 718 id_point
252 148 665 200 719 id_point
253 148 668 200 719 id_point
254 147 666 199 719 id_point
255 147 665 201 718 id_point
256 151 664 205 720 id_point
257 162 664 216 719 id_point
258 162 663 217 719 id_point
259 169 667 224 723 id_point
260 170 667 225 723 id_point
261 181 665 237 722 id_point
262 183 667 239 722 id_point
262 222 673 259 715 marker
263 196 665 254 720 id_point
264 197 665 256 721 id_point
265 201 663 258 716 id_point
266 202 661 258 716 id_point
267 202 660 258 716 id_point
268 199 660 256 717 id_point
269 199 662 257 716 id_point
270 199 659 256 716 id_point
271 198 661 254 715 id_point
272 202 662 259 715 id_point
273 203 662 259 716 id_point
274 201 663 258 718 id_point
275 202 663 257 717 id_point
276 198 661 258 715 id_point
277 199 660 257 715 id_point
278 199 660 256 715 id_point
279 199 658 256 715 id_point
280 196 657 255 712 id_point
280 206 665 255 716 marker
281 197 657 255 716 id_point
282 192 656 246 715 id_point
283 192 656 246 715 id_point
284 224 654 278 709 id_point
285 225 654 278 709 id_point
286 221 650 267 693 id_point
287 256 663 312 716 id_point
288 256 661 312 718 id_point
289 256 662 312 718 id_point
290 258 664 317 719 id_point
291 260 660 321 716 id_point
292 262 659 320 716 id_point
293 263 659 322 715 id_point
294 262 659 322 714 id_point
295 260 659 323 716 id_point
296 260 656 317 713 id_point
297 260 656 320 713 id_point
298 263 654 320 713 id_point
299 262 655 320 711 id_point
299 284 669 327 715 marker
300 263 657 321 714 id_point
301 262 659 322 714 id_point
302 261 660 321 715 id_point
303 260 661 322 716 id_point
304 259 661 321 716 id_point
305 260 661 321 716 id_point
306 260 662 322 718 id_point
307 260 662 321 717 id_point
308 261 661 319 717 id_point
309 261 660 320 717 id_point
310 259 665 319 720 id_point
311 258 662 314 718 id_point
312 257 662 313 719 id_point
313 257 661 313 718 id_point
314 252 662 311 717 id_point
316 82 726 136 779 id_point
317 96 753 149 807 id_point
318 94 751 148 807 id_point
319 93 747 147 805 id_point
320 84 737 138 789 id_point
321 83 735 136 787 id_point
322 82 735 135 787 id_point
323 81 736 134 789 id_point
324 82 737 135 790 id_point
325 82 736 135 790 id_point
326 86 732 136 785 id_point
327 82 736 134 789 id_point
328 82 736 135 788 id_point
329 87 736 139 787 id_point
330 85 733 138 786 id_point
331 84 733 138 786 id_point
332 83 735 135 787 id_point
333 84 735 134 785 id_point
334 82 733 134 786 id_point
335 82 736 136 788 id_point
336 82 734 135 788 id_point
337 83 731 135 786 id_point
338 82 730 136 784 id_point
339 83 731 136 786 id_point
340 85 732 139 785 id_point
341 103 728 156 782 id_point
342 103 728 157 781 id_point
343 112 726 174 791 id_point
344 123 738 177 793 id_point
345 124 735 183 788 id_point
346 123 734 185 789 id_point
347 141 734 195 790 id_point
348 141 736 194 789 id_point
349 140 734 195 788 id_point
350 142 736 196 789 id_point
351 141 736 196 790 id_point
352 142 739 196 792 id_point
353 141 737 195 792 id_point
354 144 737 197 789 id_point
355 142 738 195 791 id_point
356 142 737 195 791 id_point
357 142 738 197 792 id_point
358 143 740 197 794 id_point
359 143 740 198 793 id_point
360 142 740 197 793 id_point
361 144 740 195 791 id_point
362 142 740 196 793 id_point
363 145 735 196 788 id_point
364 146 733 198 788 id_point
365 144 735 199 786 id_point
366 143 732 195 787 id_point
367 169 732 222 788 id_point
368 167 733 222 789 id_point
369 208 743 262 798 id_point
370 207 742 261 798 id_point
371 208 740 262 800 id_point
372 210 741 265 797 id_point
373 207 740 262 796 id_point
374 208 740 263 797 id_point
375 208 740 263 797 id_point
376 206 740 261 793 id_point
377 206 739 261 793 id_point
378 204 740 261 795 id_point
379 203 738 260 795 id_point
380 205 738 262 793 id_point
381 204 739 262 793 id_point
382 204 737 259 791 id_point
383 205 737 260 789 id_point
384 203 738 261 794 id_point
385 205 738 261 793 id_point
386 204 738 260 793 id_point
387 204 739 259 794 id_point
388 203 738 261 792 id_point
389 204 738 260 792 id_point
390 205 737 261 791 id_point
391 204 737 263 792 id_point
392 203 736 258 792 id_point
393 203 737 258 791 id_point
394 208 735 263 790 id_point
395 209 734 261 790 id_point
396 210 734 265 787 id_point
397 252 736 306 791 id_point
398 252 732 306 790 id_point
399 257 733 312 791 id_point
399 297 735 334 782 marker
400 260 734 321 794 id_point
401 268 735 327 794 id_point
402 268 734 327 793 id_point
403 268 735 327 793 id_point
404 268 735 327 795 id_point
405 269 735 327 795 id_point
406 267 737 326 795 id_point
407 266 737 325 796 id_point
408 268 737 326 794 id_point
409 268 736 326 794 id_point
410 266 736 327 794 id_point
411 268 735 326 795 id_point
412 269 737 327 795 id_point
413 265 737 324 797 id_point
414 266 736 324 797 id_point
415 265 737 323 797 id_point
416 263 738 323 797 id_point
417 263 738 324 797 id_point
418 264 738 319 796 id_point
419 264 738 319 796 id_point
420 265 738 319 796 id_point
421 265 739 319 797 id_point
422 265 739 319 797 id_point
423 264 737 321 797 id_point
424 265 735 320 794 id_point
425 118 807 172 865 id_point
426 112 811 166 867 id_point
427 110 811 164 865 id_point
428 95 808 148 859 id_point
429 93 807 147 863 id_point
430 89 806 142 861 id_point
431 90 808 142 860 id_point
432 88 806 140 859 id_point
433 90 807 139 858 id_point
434 87 806 140 860 id_point
435 87 808 142 863 id_point
436 87 807 141 863 id_point
437 90 808 140 859 id_point
438 88 808 141 859 id_point
439 89 808 142 860 id_point
440 89 807 142 862 id_point
441 90 809 144 864 id_point
442 90 809 144 864 id_point
443 90 807 142 864 id_point
444 88 809 140 865 id_point
445 90 808 141 863 id_point
446 88 809 141 863 id_point
447 88 809 142 862 id_point
448 91 808 143 862 id_point
449 91 808 143 862 id_point
450 125 803 177 860 id_point
451 125 804 179 857 id_point
452 173 812 227 869 id_point
453 172 812 226 868 id_point
454 169 807 229 861 id_point
455 171 806 228 863 id_point
456 154 811 208 868 id_point
457 153 810 208 869 id_point
458 155 810 208 868 id_point
459 154 812 207 868 id_point
460 152 810 206 867 id_point
461 152 810 207 867 id_point
462 152 811 204 869 id_point
463 152 811 206 869 id_point
464 150 810 204 867 id_point
465 150 805 204 866 id_point
466 148 810 202 867 id_point
467 147 809 202 868 id_point
468 150 808 203 867 id_point
469 148 809 203 867 id_point
470 149 809 202 866 id_point
471 149 810 203 866 id_point
472 146 810 201 868 id_point
473 145 811 198 865 id_point
474 144 811 197 865 id_point
475 145 813 189 860 id_point
476 157 814 211 869 id_point
477 165 807 219 864 id_point
478 167 809 219 864 id_point
479 197 814 252 871 id_point
480 200 813 257 871 id_point
481 199 809 260 875 id_point
482 205 812 260 871 id_point
483 205 812 261 874 id_point
484 213 809 267 868 id_point
485 210 811 266 870 id_point
486 210 810 265 868 id_point
487 211 809 266 868 id_point
488 209 810 264 868 id_point
489 208 810 265 870 id_point
490 208 808 265 870 id_point
491 206 810 265 868 id_point
492 203 809 262 869 id_point
493 204 809 262 870 id_point
494 205 810 261 869 id_point
495 203 810 262 869 id_point
496 205 810 262 868 id_point
497 207 808 264 868 id_point
498 209 808 267 868 id_point
499 212 809 267 867 id_point
500 211 810 267 867 id_point
501 210 811 265 869 id_point
502 210 811 266 869 id_point
503 226 810 282 867 id_point
504 226 810 282 867 id_point
505 232 807 290 865 id_point
506 265 810 319 869 id_point
507 265 810 319 869 id_point
508 267 807 325 868 id_point
509 267 808 326 868 id_point
510 272 807 330 868 id_point
511 272 806 331 868 id_point
512 272 807 331 869 id_point
513 272 808 330 870 id_point
514 271 808 330 870 id_point
515 272 808 330 872 id_point
516 271 808 331 870 id_point
517 272 808 331 869 id_point
518 273 808 331 869 id_point
519 273 807 331 869 id_point
520 272 808 331 869 id_point
521 272 807 330 868 id_point
522 272 808 331 868 id_point
523 272 808 331 869 id_point
524 273 808 331 869 id_point
525 272 809 330 869 id_point
526 272 810 328 870 id_point
527 273 808 329 868 id_point
528 274 810 329 867 id_point
530 175 772 231 828 id_point
531 175 772 230 829 id_point
532 176 773 230 829 id_point
533 182 776 238 832 id_point
534 182 776 239 833 id_point
535 186 773 241 829 id_point
536 186 775 241 830 id_point
538 62 696 118 757 id_point
539 19 636 75 694 id_point
540 19 634 72 694 id_point
541 8 636 61 694 id_point
542 8 637 61 694 id_point
543 191 660 235 703 id_point
544 181 648 226 694 id_point
