0 0 651 47 707 id_point
1 0 646 45 702 id_point
2 0 711 42 768 id_point
3 0 685 48 760 id_point
4 1 687 47 729 id_point
5 0 706 46 761 id_point
6 0 706 41 763 id_point
7 0 700 40 756 id_point
8 0 697 39 753 id_point
9 92 664 146 719 id_point
10 183 606 237 662 id_point
11 210 599 264 650 id_point
12 215 599 267 649 id_point
13 213 599 268 651 id_point
14 212 603 267 656 id_point
15 213 598 268 654 id_point
16 216 594 269 648 id_point
17 216 592 272 648 id_point
18 218 596 274 651 id_point
19 217 594 272 650 id_point
20 218 595 274 650 id_point
21 218 595 273 651 id_point
22 217 597 273 652 id_point
23 218 596 273 651 id_point
24 218 595 273 650 id_point
24 64 641 103 680 marker
25 0 596 49 650 id_point
25 65 641 103 680 marker
26 63 640 102 679 marker
26 3 598 55 654 id_point
27 65 641 102 680 marker
27 0 599 52 654 id_point
28 64 641 103 680 marker
28 0 599 50 654 id_point
29 0 596 51 653 id_point
29 66 640 102 680 marker
30 65 640 102 680 marker
30 0 596 52 652 id_point
31 66 641 102 680 marker
31 0 596 49 651 id_point
32 65 641 102 680 marker
32 0 596 46 653 id_point
33 64 641 102 681 marker
33 0 599 49 654 id_point
34 0 598 50 652 id_point
35 1 598 53 652 id_point
36 8 594 62 653 id_point
37 8 596 63 652 id_point
38 264 635 303 675 marker
38 133 598 188 655 id_point
39 263 631 303 674 marker
39 218 594 274 649 id_point
40 264 633 303 675 marker
40 221 595 275 650 id_point
41 263 633 304 675 marker
41 219 593 274 650 id_point
42 218 595 272 650 id_point
42 263 632 303 674 marker
43 214 595 271 650 id_point
43 263 634 302 675 marker
44 215 593 271 649 id_point
44 263 632 303 674 marker
45 216 594 272 649 id_point
45 263 631 303 674 marker
46 216 592 272 648 id_point
46 262 632 304 674 marker
47 217 593 272 648 id_point
47 262 632 305 675 marker
48 263 631 303 673 marker
48 217 593 273 648 id_point
49 216 592 271 647 id_point
50 215 597 269 650 id_point
51 214 598 269 650 id_point
52 126 701 175 747 id_point
53 76 836 114 876 marker
54 6 858 61 909 id_point
54 76 836 114 876 marker
55 78 836 114 876 marker
55 7 870 63 921 id_point
56 5 869 60 921 id_point
56 79 837 115 876 marker
57 78 836 115 875 marker
57 5 868 60 920 id_point
58 7 868 61 920 id_point
58 78 837 116 876 marker
59 78 837 114 876 marker
59 7 868 62 919 id_point
60 6 868 61 920 id_point
60 78 837 115 876 marker
61 77 836 115 876 marker
61 7 869 61 922 id_point
62 78 836 115 875 marker
62 9 870 63 921 id_point
63 7 863 65 916 id_point
64 8 861 65 914 id_point
65 186 868 239 923 id_point
66 226 887 282 943 id_point
67 272 832 314 871 marker
67 222 876 277 933 id_point
68 272 832 313 871 marker
68 221 873 277 929 id_point
69 273 833 314 872 marker
69 222 875 277 932 id_point
70 272 833 314 872 marker
70 222 873 275 931 id_point
71 273 833 313 872 marker
71 221 877 275 933 id_point
72 273 833 313 873 marker
72 221 879 276 934 id_point
73 273 832 314 871 marker
73 223 876 279 932 id_point
74 273 833 314 871 marker
74 224 870 278 932 id_point
75 273 834 314 873 marker
75 222 874 277 932 id_point
76 271 833 312 872 marker
76 222 872 275 931 id_point
77 221 876 276 933 id_point
79 234 662 289 716 id_point
80 180 650 233 706 id_point
81 148 990 190 1027 marker
81 93 898 125 947 marker
81 187 653 235 697 id_point
82 219 544 272 598 id_point
82 147 988 190 1028 marker
82 190 891 246 947 id_point
83 204 693 257 750 id_point
83 145 990 188 1031 marker
83 91 896 125 951 marker
84 145 990 188 1028 marker
85 140 704 199 759 id_point
85 146 989 188 1027 marker
85 193 891 245 946 id_point
86 11 763 68 819 id_point
86 146 988 191 1026 marker
86 189 891 241 943 id_point
87 8 772 64 826 id_point
87 144 989 187 1028 marker
87 89 894 122 951 marker
88 140 989 182 1031 marker
89 185 681 235 739 id_point
89 140 987 183 1028 marker
90 251 586 308 646 id_point
90 141 985 186 1025 marker
90 186 890 238 940 id_point
91 141 985 185 1025 marker
91 183 891 236 940 id_point
91 86 891 121 948 marker
