0 182 648 236 703 id_point
1 181 648 236 701 id_point
2 169 623 225 680 id_point
3 167 617 223 673 id_point
4 173 611 217 659 id_point
5 174 666 227 721 id_point
6 168 666 224 722 id_point
7 166 665 223 722 id_point
8 166 666 223 721 id_point
8 173 719 202 742 marker
9 162 679 219 735 id_point
10 162 681 219 737 id_point
11 163 680 219 735 id_point
12 165 632 220 685 id_point
13 165 630 220 683 id_point
14 164 628 218 682 id_point
15 161 626 215 680 id_point
16 159 625 214 680 id_point
17 158 626 213 680 id_point
18 159 626 213 680 id_point
19 161 628 214 682 id_point
20 161 626 215 682 id_point
21 163 627 218 681 id_point
22 163 627 218 682 id_point
23 163 627 217 681 id_point
24 161 627 215 682 id_point
25 161 626 215 680 id_point
26 161 627 215 682 id_point
27 210 645 249 686 marker
27 160 625 214 682 id_point
28 211 645 249 686 marker
28 161 625 215 682 id_point
29 211 644 248 685 marker
29 162 627 216 685 id_point
30 211 645 248 685 marker
30 161 629 215 685 id_point
31 212 645 249 686 marker
31 161 628 215 685 id_point
32 212 644 249 686 marker
32 162 627 217 684 id_point
33 213 645 250 686 marker
33 162 627 217 683 id_point
34 213 646 249 686 marker
34 164 628 218 686 id_point
35 213 645 249 685 marker
35 163 630 217 685 id_point
36 212 645 249 686 marker
36 162 627 216 685 id_point
37 161 628 215 684 id_point
38 162 628 215 684 id_point
39 162 629 215 686 id_point
40 162 629 215 685 id_point
40 310 642 350 684 marker
41 253 624 307 680 id_point
41 309 644 350 684 marker
42 277 630 336 684 id_point
42 301 643 347 686 marker
43 275 627 336 684 id_point
43 303 645 347 685 marker
44 276 626 335 683 id_point
44 305 645 347 685 marker
45 277 625 336 682 id_point
45 304 644 348 684 marker
46 276 627 336 684 id_point
46 303 642 348 685 marker
47 275 626 334 683 id_point
47 307 644 348 684 marker
48 277 625 335 680 id_point
48 308 642 348 683 marker
49 276 627 335 683 id_point
49 307 645 347 684 marker
50 275 625 329 681 id_point
51 275 623 329 680 id_point
52 275 624 329 679 id_point
53 275 623 329 680 id_point
54 407 640 446 680 marker
54 343 625 396 682 id_point
55 382 624 440 681 id_point
56 386 620 442 680 id_point
56 397 631 444 680 marker
57 387 625 442 681 id_point
57 398 633 443 681 marker
58 384 620 441 678 id_point
58 397 632 444 679 marker
59 383 620 440 677 id_point
59 400 637 445 680 marker
60 382 620 441 678 id_point
61 384 623 441 677 id_point
62 383 619 442 678 id_point
62 399 635 445 679 marker
63 385 620 441 678 id_point
63 399 635 444 682 marker
64 384 621 440 677 id_point
65 382 626 436 683 id_point
66 379 633 432 687 id_point
67 378 635 432 689 id_point
68 165 747 222 803 id_point
69 215 747 254 787 marker
69 164 758 218 815 id_point
70 217 746 254 788 marker
70 163 767 216 820 id_point
71 216 747 254 787 marker
71 161 769 215 823 id_point
72 216 747 255 787 marker
72 162 768 215 822 id_point
73 217 746 254 788 marker
73 163 765 216 820 id_point
74 216 747 254 787 marker
74 163 766 216 820 id_point
75 214 748 253 788 marker
75 115 767 169 824 id_point
76 214 747 253 788 marker
76 115 765 169 822 id_point
77 214 747 252 787 marker
77 117 761 169 817 id_point
78 214 747 254 787 marker
78 114 760 171 817 id_point
79 116 759 173 814 id_point
80 126 757 182 813 id_point
81 134 758 190 814 id_point
82 135 758 192 813 id_point
83 180 787 236 841 id_point
83 315 744 354 783 marker
84 315 745 353 783 marker
84 244 783 299 834 id_point
85 261 779 318 830 id_point
85 315 744 353 782 marker
86 315 745 353 782 marker
86 260 779 316 833 id_point
87 313 745 353 783 marker
87 257 778 313 831 id_point
88 311 745 351 783 marker
88 249 777 303 829 id_point
89 311 745 350 784 marker
89 247 780 301 833 id_point
90 308 746 348 783 marker
90 246 772 300 825 id_point
91 307 745 346 783 marker
91 245 774 299 826 id_point
92 307 745 347 783 marker
92 245 777 298 830 id_point
93 244 772 298 827 id_point
94 244 774 298 828 id_point
95 243 772 298 826 id_point
96 378 771 429 835 id_point
97 386 768 439 829 id_point
97 405 738 439 775 marker
98 397 778 449 838 id_point
98 405 739 439 776 marker
99 393 780 447 840 id_point
99 403 739 439 777 marker
100 384 779 437 837 id_point
100 400 739 435 778 marker
101 379 770 431 829 id_point
101 397 739 431 777 marker
102 380 767 433 829 id_point
102 399 738 434 777 marker
103 383 767 436 829 id_point
103 399 739 435 776 marker
104 382 773 436 832 id_point
104 399 738 435 778 marker
105 385 771 438 829 id_point
105 400 737 437 775 marker
106 385 771 438 829 id_point
107 386 771 439 831 id_point
108 87 853 141 908 id_point
109 105 916 158 972 id_point
110 211 845 249 883 marker
110 103 916 158 974 id_point
111 211 847 249 884 marker
111 104 947 159 1003 id_point
112 104 953 160 1007 id_point
112 211 847 250 883 marker
113 212 847 250 884 marker
113 104 951 159 1006 id_point
114 212 847 249 884 marker
114 105 948 160 1003 id_point
115 212 848 249 884 marker
115 104 941 159 998 id_point
116 212 848 250 884 marker
116 105 941 162 995 id_point
117 212 847 250 884 marker
117 119 911 175 967 id_point
118 212 848 250 884 marker
118 120 908 176 963 id_point
119 125 902 165 954 id_point
120 118 907 175 962 id_point
121 136 907 191 960 id_point
122 136 905 193 958 id_point
123 213 910 268 964 id_point
124 220 912 273 962 id_point
124 307 841 346 878 marker
125 256 921 311 977 id_point
125 307 841 346 879 marker
126 307 841 347 879 marker
126 254 917 310 975 id_point
127 307 840 347 878 marker
127 255 928 309 983 id_point
128 253 929 307 984 id_point
128 307 840 347 879 marker
129 307 841 347 879 marker
130 308 841 348 878 marker
130 249 923 303 978 id_point
131 308 841 348 878 marker
132 308 842 347 879 marker
132 252 924 306 978 id_point
133 308 842 347 879 marker
133 253 921 307 977 id_point
134 308 842 348 879 marker
134 255 921 310 976 id_point
135 252 921 309 973 id_point
136 252 896 307 968 id_point
137 269 901 322 957 id_point
138 351 904 406 960 id_point
138 406 835 442 871 marker
139 389 898 443 955 id_point
139 406 834 443 872 marker
140 387 899 443 954 id_point
140 405 834 443 872 marker
141 386 903 442 961 id_point
141 405 835 443 872 marker
142 384 901 439 957 id_point
142 405 834 443 872 marker
143 386 900 440 956 id_point
143 404 834 442 871 marker
144 385 893 439 950 id_point
144 406 834 443 872 marker
145 385 901 439 957 id_point
145 406 834 443 872 marker
146 385 898 441 955 id_point
146 410 833 447 870 marker
147 389 891 443 949 id_point
147 409 835 444 870 marker
148 389 896 443 952 id_point
149 389 891 443 954 id_point
150 388 891 441 948 id_point
151 388 889 441 948 id_point
152 385 890 438 945 id_point
152 335 989 378 1028 marker
152 285 903 322 952 marker
152 284 807 311 837 marker
153 131 654 187 712 id_point
153 285 806 312 838 marker
153 333 986 377 1028 marker
153 288 900 323 956 marker
153 386 889 438 939 id_point
154 134 623 188 680 id_point
154 284 807 311 840 marker
154 334 988 378 1029 marker
154 286 901 322 957 marker
154 384 890 436 941 id_point
154 411 709 442 792 id_point
155 137 623 191 680 id_point
155 285 810 314 841 marker
155 336 992 377 1030 marker
155 287 904 323 957 marker
155 387 893 436 942 id_point
156 128 593 184 648 id_point
156 284 809 312 840 marker
156 334 988 376 1029 marker
156 287 902 321 957 marker
156 387 892 436 944 id_point
157 139 641 195 698 id_point
157 283 809 312 840 marker
157 285 902 320 959 marker
157 333 991 376 1030 marker
158 142 638 198 696 id_point
158 283 809 312 840 marker
158 334 991 377 1030 marker
158 287 905 322 956 marker
159 143 634 198 689 id_point
159 284 808 312 840 marker
159 333 993 375 1031 marker
159 285 905 322 955 marker
159 387 892 435 942 id_point
160 144 644 197 701 id_point
160 283 809 313 841 marker
160 333 991 377 1030 marker
160 286 902 321 959 marker
