0 217 596 274 651 id_point
1 217 596 272 652 id_point
2 216 596 273 652 id_point
3 218 598 275 654 id_point
4 221 596 278 652 id_point
5 222 595 277 649 id_point
6 223 598 278 653 id_point
7 223 595 280 651 id_point
8 224 594 280 650 id_point
9 225 596 282 651 id_point
10 221 600 277 653 id_point
11 220 600 276 654 id_point
12 214 598 269 651 id_point
13 213 596 269 651 id_point
14 212 594 267 649 id_point
15 210 595 264 648 id_point
16 208 593 263 648 id_point
17 209 595 264 649 id_point
18 209 592 263 647 id_point
19 208 592 263 647 id_point
20 210 591 264 646 id_point
21 209 595 264 648 id_point
22 209 597 263 649 id_point
23 209 593 262 648 id_point
24 208 597 263 651 id_point
25 210 594 265 648 id_point
26 210 594 264 649 id_point
26 61 640 101 680 marker
27 62 640 101 679 marker
27 179 601 225 637 marker
28 0 594 39 652 id_point
28 62 641 101 679 marker
29 63 640 100 680 marker
29 0 593 39 650 id_point
30 63 641 100 680 marker
30 0 595 39 655 id_point
31 0 594 38 652 id_point
31 62 640 100 679 marker
32 0 596 39 653 id_point
32 63 641 100 680 marker
33 62 640 99 679 marker
33 2 593 42 656 id_point
34 0 594 38 652 id_point
34 62 641 99 679 marker
35 0 594 39 653 id_point
36 0 595 47 655 id_point
37 0 600 48 656 id_point
38 201 591 255 646 id_point
39 204 593 255 647 id_point
39 156 635 197 677 marker
40 93 599 148 655 id_point
40 158 637 199 676 marker
41 94 597 149 652 id_point
41 158 636 199 676 marker
42 94 597 148 652 id_point
42 158 637 199 676 marker
43 94 595 146 652 id_point
43 159 636 198 675 marker
44 92 594 147 650 id_point
44 158 635 198 675 marker
45 93 596 146 652 id_point
45 158 637 198 676 marker
46 90 596 144 651 id_point
46 158 636 198 675 marker
47 90 595 143 649 id_point
47 158 635 198 675 marker
48 93 596 145 652 id_point
49 96 597 149 652 id_point
50 113 595 167 650 id_point
51 192 597 247 650 id_point
52 259 632 300 673 marker
52 220 597 276 651 id_point
53 260 633 301 673 marker
53 215 594 269 648 id_point
54 214 593 269 648 id_point
54 260 633 302 673 marker
55 210 595 265 648 id_point
55 260 633 300 673 marker
56 260 634 301 673 marker
56 208 594 263 646 id_point
57 261 634 301 674 marker
57 209 595 264 649 id_point
58 261 633 301 672 marker
58 210 594 264 648 id_point
59 261 633 301 673 marker
59 210 592 264 646 id_point
60 262 633 301 672 marker
60 210 593 264 647 id_point
61 211 593 265 647 id_point
61 261 633 300 672 marker
62 210 592 263 648 id_point
63 204 603 258 656 id_point
64 203 601 256 656 id_point
65 68 738 105 779 marker
65 7 758 62 809 id_point
66 67 739 105 780 marker
66 0 737 44 790 id_point
67 67 738 104 780 marker
67 0 735 45 790 id_point
68 67 738 105 780 marker
68 0 735 46 792 id_point
69 67 739 105 779 marker
69 0 734 47 788 id_point
70 67 739 105 780 marker
70 0 738 49 791 id_point
71 68 740 105 780 marker
71 0 737 49 789 id_point
72 67 739 105 780 marker
72 0 736 50 788 id_point
73 68 739 105 780 marker
73 0 736 53 789 id_point
74 68 738 105 780 marker
74 1 737 53 791 id_point
75 1 733 54 788 id_point
75 3 792 30 822 marker
76 52 743 106 794 id_point
77 57 742 111 792 id_point
78 164 739 201 778 marker
78 130 740 182 795 id_point
79 164 739 201 777 marker
79 115 740 170 794 id_point
80 103 739 157 792 id_point
80 162 738 202 776 marker
81 102 737 155 790 id_point
81 162 738 203 777 marker
82 162 739 202 776 marker
82 101 742 154 796 id_point
83 162 740 201 777 marker
83 98 742 153 796 id_point
84 162 739 202 776 marker
84 101 741 156 794 id_point
85 162 739 201 777 marker
85 100 740 154 794 id_point
86 100 738 157 793 id_point
86 162 738 201 777 marker
87 104 738 156 791 id_point
88 104 738 156 790 id_point
89 105 739 157 792 id_point
90 192 736 246 791 id_point
90 266 731 304 775 marker
91 265 734 304 776 marker
91 214 736 270 792 id_point
92 265 734 304 775 marker
92 211 738 268 795 id_point
93 266 734 303 774 marker
93 214 738 271 794 id_point
94 266 734 304 775 marker
94 213 739 271 795 id_point
95 265 734 304 775 marker
95 213 741 270 798 id_point
96 212 744 268 799 id_point
96 266 734 304 774 marker
97 216 741 271 798 id_point
97 267 734 305 775 marker
98 265 734 305 776 marker
99 265 733 305 776 marker
99 213 741 269 797 id_point
100 212 741 266 794 id_point
101 35 789 89 840 id_point
102 0 862 31 911 id_point
103 76 836 114 874 marker
103 2 859 32 909 id_point
104 0 867 49 920 id_point
104 75 836 113 875 marker
105 0 870 54 921 id_point
105 76 837 112 876 marker
106 0 867 55 918 id_point
106 76 835 111 875 marker
107 1 866 57 918 id_point
107 76 837 111 875 marker
108 74 836 112 876 marker
108 1 868 56 917 id_point
109 74 835 112 875 marker
109 0 865 50 920 id_point
110 0 866 56 919 id_point
110 76 836 112 875 marker
111 76 836 112 875 marker
111 0 864 57 916 id_point
112 3 864 59 917 id_point
112 76 833 114 875 marker
113 5 868 61 919 id_point
114 26 870 79 923 id_point
115 29 869 82 918 id_point
116 170 838 210 876 marker
116 111 880 164 933 id_point
117 171 837 211 875 marker
117 112 876 167 930 id_point
118 171 837 211 876 marker
119 171 838 211 876 marker
119 108 873 162 927 id_point
120 170 838 210 875 marker
120 107 874 161 927 id_point
121 169 839 209 875 marker
121 107 876 163 928 id_point
122 170 838 208 874 marker
122 111 879 164 932 id_point
123 171 837 210 875 marker
123 110 874 163 928 id_point
124 170 838 210 875 marker
124 111 879 165 931 id_point
125 111 879 164 931 id_point
126 119 876 179 931 id_point
127 131 874 186 930 id_point
128 201 883 257 938 id_point
129 272 834 313 872 marker
129 202 880 258 936 id_point
130 271 832 313 871 marker
130 223 883 278 938 id_point
131 272 835 313 873 marker
131 195 871 250 928 id_point
132 272 834 313 872 marker
132 196 878 251 931 id_point
133 272 834 314 873 marker
133 229 885 274 930 id_point
134 273 834 314 873 marker
135 271 833 313 874 marker
136 271 833 312 872 marker
136 221 877 275 937 id_point
137 270 833 313 873 marker
137 222 884 277 938 id_point
138 221 880 278 936 id_point
139 222 880 279 936 id_point
140 223 880 278 936 id_point
141 225 881 279 937 id_point
142 222 882 277 937 id_point
143 146 988 188 1027 marker
143 81 800 108 830 marker
143 225 817 273 865 id_point
143 89 895 125 950 marker
144 134 695 192 749 id_point
144 80 800 108 831 marker
144 145 989 188 1027 marker
144 90 894 124 950 marker
144 192 890 245 946 id_point
145 81 801 108 830 marker
145 145 989 189 1027 marker
145 90 894 125 950 marker
146 81 801 109 831 marker
146 145 988 189 1027 marker
146 89 896 124 952 marker
147 82 802 110 831 marker
147 146 989 190 1028 marker
147 91 894 125 949 marker
148 149 990 190 1028 marker
148 82 802 110 832 marker
148 190 891 245 944 id_point
148 90 898 127 951 marker
149 171 662 223 718 id_point
149 150 988 194 1026 marker
149 85 800 114 829 marker
150 249 606 304 662 id_point
150 86 799 115 830 marker
150 151 988 195 1026 marker
151 252 608 309 664 id_point
151 152 988 195 1028 marker
151 88 799 116 831 marker
152 153 990 195 1029 marker
152 86 802 115 831 marker
152 93 899 130 952 marker
