0 11 191 70 244 id_point
0 104 562 137 601 marker
1 149 586 204 646 id_point
1 105 560 143 599 marker
2 210 629 264 685 id_point
2 104 563 137 599 marker
3 213 629 270 683 id_point
3 105 565 137 604 marker
4 217 623 272 676 id_point
4 104 563 135 603 marker
5 218 628 274 680 id_point
7 0 277 39 336 id_point
7 104 562 139 599 marker
8 1 270 40 324 id_point
8 106 563 138 600 marker
9 0 278 38 334 id_point
9 106 561 137 600 marker
10 7 374 62 428 id_point
10 105 562 138 600 marker
11 7 375 61 426 id_point
11 104 562 137 601 marker
12 14 368 68 421 id_point
12 106 560 140 601 marker
13 14 366 69 420 id_point
13 105 561 136 600 marker
14 19 372 61 413 id_point
16 212 674 270 729 id_point
18 185 678 243 735 id_point
19 184 680 240 737 id_point
20 183 679 239 735 id_point
21 182 679 239 736 id_point
22 182 686 239 743 id_point
23 182 686 238 744 id_point
24 184 686 241 745 id_point
27 186 688 242 744 id_point
28 184 687 241 745 id_point
29 184 686 241 745 id_point
30 184 690 240 748 id_point
31 184 692 241 749 id_point
32 186 692 241 753 id_point
33 184 689 241 747 id_point
34 183 692 240 749 id_point
35 184 692 240 749 id_point
36 184 692 239 747 id_point
37 183 693 239 748 id_point
38 181 694 237 750 id_point
39 183 691 238 748 id_point
40 182 689 240 745 id_point
41 179 694 235 750 id_point
42 183 691 239 747 id_point
43 184 687 240 745 id_point
44 186 690 241 746 id_point
45 187 689 241 745 id_point
47 56 415 95 454 marker
47 174 734 228 790 id_point
48 58 415 96 454 marker
48 173 732 227 787 id_point
49 27 500 81 555 id_point
49 57 414 97 453 marker
50 58 414 97 453 marker
50 26 500 81 554 id_point
51 27 460 80 524 id_point
51 59 415 99 458 marker
52 58 415 98 455 marker
52 27 472 81 524 id_point
53 27 470 82 524 id_point
53 59 415 97 455 marker
54 58 415 98 455 marker
54 25 475 79 527 id_point
55 25 476 80 531 id_point
55 58 415 98 455 marker
56 24 481 78 533 id_point
56 58 414 98 454 marker
57 24 478 78 533 id_point
57 58 415 98 455 marker
58 24 480 79 533 id_point
59 22 480 76 534 id_point
60 46 477 101 533 id_point
61 50 481 105 537 id_point
62 66 489 122 544 id_point
62 151 410 191 450 marker
63 114 491 170 548 id_point
63 151 410 191 450 marker
64 114 491 170 548 id_point
64 150 410 191 450 marker
65 112 482 168 538 id_point
65 148 410 189 450 marker
66 117 435 173 492 id_point
66 150 408 193 452 marker
67 116 433 173 493 id_point
67 151 409 194 451 marker
68 117 431 174 491 id_point
68 151 408 194 449 marker
69 151 411 192 450 marker
69 126 441 169 487 id_point
70 111 451 170 511 id_point
70 152 410 191 449 marker
71 111 453 170 511 id_point
71 151 410 190 449 marker
72 119 434 173 497 id_point
73 114 440 171 497 id_point
74 123 446 171 492 id_point
75 128 445 184 501 id_point
76 127 450 181 507 id_point
77 191 478 249 533 id_point
77 250 406 292 447 marker
78 257 310 311 367 id_point
78 249 407 291 446 marker
79 248 407 292 447 marker
80 250 302 307 358 id_point
80 250 407 291 447 marker
81 247 312 303 369 id_point
81 249 408 291 447 marker
82 247 315 303 370 id_point
82 249 407 291 447 marker
83 235 335 290 393 id_point
83 248 405 290 446 marker
84 242 326 297 382 id_point
84 250 407 289 447 marker
85 242 328 296 385 id_point
85 248 403 289 446 marker
86 242 328 296 385 id_point
86 248 404 289 446 marker
87 244 329 297 388 id_point
88 242 333 297 389 id_point
89 256 305 313 362 id_point
91 55 508 94 551 marker
91 103 370 157 424 id_point
92 52 382 105 437 id_point
92 56 508 95 551 marker
93 44 385 98 439 id_point
93 56 508 95 550 marker
94 43 383 96 435 id_point
94 56 508 95 550 marker
95 41 383 94 436 id_point
95 56 508 95 551 marker
96 56 507 94 551 marker
97 55 509 94 552 marker
97 4 628 57 681 id_point
98 56 508 94 551 marker
99 20 500 81 556 id_point
99 46 506 87 557 marker
100 23 497 82 551 id_point
101 24 494 81 550 id_point
102 27 492 82 547 id_point
104 68 495 123 551 id_point
105 67 496 121 550 id_point
106 149 505 189 549 marker
107 144 506 190 548 marker
107 131 505 187 546 id_point
108 150 505 191 547 marker
108 94 494 138 538 id_point
109 146 504 193 549 marker
110 149 504 190 548 marker
110 95 490 137 534 id_point
111 147 503 193 547 marker
112 112 490 170 547 id_point
112 152 508 190 549 marker
113 117 498 175 556 id_point
114 149 505 190 547 marker
115 149 505 190 547 marker
115 97 488 139 532 id_point
116 118 496 174 552 id_point
117 92 490 140 535 id_point
118 117 482 173 537 id_point
119 204 508 248 551 id_point
120 184 479 241 535 id_point
120 252 503 291 545 marker
121 189 480 245 536 id_point
121 252 504 290 544 marker
122 251 503 292 544 marker
122 197 485 242 532 id_point
123 187 474 243 531 id_point
123 252 504 290 545 marker
124 189 475 245 533 id_point
124 252 505 291 545 marker
125 190 477 247 534 id_point
125 252 504 292 545 marker
126 190 477 247 535 id_point
126 253 504 293 544 marker
127 192 476 248 533 id_point
127 253 504 292 544 marker
128 190 477 248 537 id_point
128 253 504 292 544 marker
129 190 482 247 537 id_point
130 183 482 244 541 id_point
131 0 571 39 626 id_point
132 0 602 32 653 id_point
133 53 609 93 652 marker
133 1 601 32 652 id_point
134 52 609 92 652 marker
134 0 617 32 667 id_point
135 52 609 92 652 marker
135 0 619 31 671 id_point
136 53 609 93 651 marker
136 0 617 32 670 id_point
137 54 609 93 651 marker
137 0 619 33 671 id_point
138 54 609 94 651 marker
138 0 619 36 674 id_point
139 54 609 94 651 marker
139 0 620 33 671 id_point
140 55 609 94 651 marker
140 0 619 32 669 id_point
141 55 608 94 651 marker
141 1 614 35 666 id_point
142 0 617 38 672 id_point
143 0 619 39 675 id_point
144 4 611 54 666 id_point
145 39 614 93 668 id_point
146 72 611 126 665 id_point
146 151 606 192 648 marker
147 75 610 130 664 id_point
147 150 605 192 649 marker
148 78 615 135 669 id_point
148 151 606 193 650 marker
149 79 613 134 667 id_point
149 151 606 192 650 marker
150 150 606 192 651 marker
151 78 607 134 663 id_point
151 150 606 192 650 marker
152 146 606 191 650 marker
153 79 602 134 656 id_point
153 150 606 192 650 marker
154 78 603 134 657 id_point
154 150 605 192 649 marker
155 78 604 133 658 id_point
155 150 605 192 650 marker
156 78 604 134 657 id_point
156 150 605 192 648 marker
157 78 605 133 659 id_point
158 126 599 181 653 id_point
159 171 612 226 666 id_point
160 172 616 228 670 id_point
160 251 607 291 649 marker
161 184 610 240 663 id_point
161 252 607 290 652 marker
162 185 611 239 665 id_point
162 252 607 289 652 marker
163 182 605 239 660 id_point
163 252 606 289 652 marker
164 183 607 238 661 id_point
164 252 607 289 653 marker
165 184 610 239 664 id_point
165 252 607 289 653 marker
166 182 610 237 664 id_point
166 251 607 289 653 marker
167 182 613 236 666 id_point
167 250 607 288 652 marker
168 181 611 236 664 id_point
168 250 607 288 652 marker
169 188 611 242 664 id_point
169 250 606 290 651 marker
170 186 612 241 665 id_point
171 184 613 240 667 id_point
172 186 610 242 663 id_point
173 187 605 243 661 id_point
174 187 605 240 657 id_point
174 105 562 134 597 marker
175 189 609 234 652 id_point
176 107 562 138 599 marker
177 108 564 134 597 marker
178 218 635 272 690 id_point
178 105 564 134 602 marker
179 213 602 273 657 id_point
179 107 562 140 600 marker
180 217 605 276 655 id_point
180 104 563 138 602 marker
181 219 613 275 664 id_point
182 216 615 273 666 id_point
182 105 566 134 601 marker
183 216 612 276 661 id_point
183 104 564 134 601 marker
184 213 613 269 665 id_point
185 225 610 278 661 id_point
185 106 565 134 602 marker
186 232 610 286 660 id_point
187 209 735 264 789 id_point
187 104 564 135 602 marker
188 210 736 264 789 id_point
188 106 564 137 603 marker
