0 231 577 286 637 id_point
1 235 576 290 634 id_point
2 233 577 289 635 id_point
3 235 576 290 635 id_point
4 237 579 292 638 id_point
7 237 578 292 637 id_point
8 234 576 290 635 id_point
9 240 578 294 640 id_point
10 232 579 289 637 id_point
11 232 577 289 636 id_point
12 231 575 289 631 id_point
13 233 573 289 628 id_point
14 234 572 290 627 id_point
16 245 578 298 632 id_point
17 244 578 300 633 id_point
18 240 578 297 635 id_point
19 241 578 298 634 id_point
20 244 576 300 632 id_point
21 242 576 297 634 id_point
22 244 579 299 632 id_point
23 244 577 299 634 id_point
24 243 578 300 634 id_point
25 242 580 298 635 id_point
26 241 579 297 635 id_point
27 242 578 297 634 id_point
28 242 578 297 635 id_point
29 241 578 297 634 id_point
30 242 577 298 634 id_point
31 241 580 298 635 id_point
32 242 578 298 634 id_point
33 241 576 298 633 id_point
33 295 416 335 455 marker
34 296 415 335 454 marker
34 242 392 295 446 id_point
35 297 415 335 455 marker
35 242 391 298 445 id_point
36 297 415 334 456 marker
36 242 386 298 438 id_point
37 300 416 336 456 marker
37 249 390 304 445 id_point
38 302 416 336 454 marker
38 251 389 307 443 id_point
39 302 416 336 455 marker
39 251 390 306 440 id_point
40 302 417 336 455 marker
40 246 390 306 442 id_point
41 302 417 336 454 marker
41 247 389 306 442 id_point
42 301 416 335 454 marker
42 252 388 307 439 id_point
43 302 417 336 454 marker
43 249 390 309 441 id_point
44 249 389 310 440 id_point
45 250 395 311 443 id_point
46 256 393 316 443 id_point
47 324 382 378 439 id_point
48 332 380 389 437 id_point
48 395 418 433 456 marker
49 340 378 395 433 id_point
49 394 416 432 456 marker
50 393 417 432 455 marker
50 339 376 395 432 id_point
51 394 417 432 455 marker
51 338 377 394 432 id_point
52 338 377 394 433 id_point
52 394 417 433 456 marker
53 339 378 394 432 id_point
53 394 417 433 455 marker
54 339 379 394 433 id_point
54 394 417 432 455 marker
55 340 377 395 432 id_point
55 394 417 433 456 marker
56 340 375 396 431 id_point
56 394 416 432 456 marker
57 339 375 395 431 id_point
57 395 417 432 456 marker
58 342 379 395 434 id_point
59 346 378 402 433 id_point
60 362 380 413 433 id_point
61 361 379 414 433 id_point
62 429 383 485 440 id_point
62 491 417 526 456 marker
63 432 384 489 439 id_point
63 490 419 527 456 marker
64 430 385 487 441 id_point
64 490 418 527 457 marker
65 430 382 486 438 id_point
65 490 417 525 456 marker
66 431 384 488 440 id_point
66 489 418 526 456 marker
67 431 382 487 438 id_point
67 489 418 526 456 marker
68 490 417 526 456 marker
68 431 385 488 442 id_point
69 434 386 490 442 id_point
69 490 417 526 456 marker
70 438 385 493 441 id_point
70 490 418 526 456 marker
71 438 386 493 441 id_point
71 491 417 527 456 marker
72 490 418 527 457 marker
72 427 374 482 431 id_point
73 430 377 486 432 id_point
74 427 377 483 434 id_point
75 426 380 481 436 id_point
76 322 429 367 475 id_point
77 270 460 329 513 id_point
78 254 467 313 518 id_point
78 303 513 339 554 marker
79 301 513 338 554 marker
79 246 482 297 535 id_point
80 301 513 338 553 marker
80 244 482 298 535 id_point
81 301 514 337 554 marker
81 244 482 299 533 id_point
82 301 514 338 554 marker
82 241 481 300 536 id_point
83 300 514 337 554 marker
83 243 479 297 534 id_point
84 299 513 337 554 marker
84 242 477 295 531 id_point
85 300 513 337 553 marker
85 238 476 288 533 id_point
86 300 512 337 553 marker
86 236 478 292 533 id_point
87 300 512 337 554 marker
87 236 478 292 534 id_point
88 300 512 337 554 marker
88 239 478 291 535 id_point
89 244 478 301 534 id_point
90 246 477 302 536 id_point
91 248 475 303 532 id_point
92 281 473 339 529 id_point
93 338 466 394 521 id_point
93 398 513 438 553 marker
94 344 472 401 528 id_point
94 398 512 439 553 marker
95 344 472 401 528 id_point
95 399 513 439 553 marker
96 399 513 439 553 marker
96 347 475 402 530 id_point
97 399 513 439 553 marker
97 345 474 401 529 id_point
98 399 513 439 553 marker
98 347 475 402 532 id_point
99 399 513 439 553 marker
99 347 477 403 533 id_point
100 399 513 439 553 marker
100 346 474 401 531 id_point
101 399 513 439 553 marker
101 347 477 402 533 id_point
102 398 513 439 553 marker
102 345 476 403 533 id_point
103 398 513 439 553 marker
103 344 477 400 533 id_point
104 343 478 398 534 id_point
105 351 480 406 535 id_point
106 352 480 407 536 id_point
108 441 466 498 524 id_point
108 496 511 534 550 marker
109 440 472 496 531 id_point
109 496 510 534 550 marker
110 444 478 501 535 id_point
110 498 511 535 550 marker
111 443 477 498 535 id_point
111 496 511 533 551 marker
112 441 481 498 537 id_point
112 497 511 534 550 marker
113 442 479 497 536 id_point
113 496 511 534 551 marker
114 495 512 533 552 marker
114 442 479 497 536 id_point
115 496 513 533 552 marker
115 441 480 496 536 id_point
116 443 479 498 537 id_point
116 496 512 533 552 marker
117 443 478 498 536 id_point
117 495 512 533 553 marker
118 435 480 491 537 id_point
118 496 511 534 551 marker
119 426 480 483 537 id_point
121 442 484 500 540 id_point
122 250 556 305 614 id_point
123 242 579 296 634 id_point
123 304 614 343 656 marker
124 243 590 297 647 id_point
124 303 613 342 656 marker
125 246 600 301 654 id_point
125 304 614 342 655 marker
126 244 597 299 653 id_point
126 304 611 342 656 marker
127 244 597 299 654 id_point
127 304 614 342 656 marker
128 244 594 298 651 id_point
128 302 614 342 656 marker
129 242 598 297 654 id_point
129 302 614 341 656 marker
130 244 599 298 654 id_point
130 303 614 342 656 marker
131 245 595 299 651 id_point
131 303 614 341 656 marker
132 245 592 300 649 id_point
132 302 614 342 656 marker
133 244 596 297 650 id_point
134 244 596 298 652 id_point
135 290 587 346 641 id_point
136 294 586 350 641 id_point
137 364 581 417 634 id_point
138 364 584 420 639 id_point
138 406 610 443 652 marker
139 357 591 413 645 id_point
139 405 611 443 652 marker
140 406 611 443 652 marker
140 357 591 413 646 id_point
141 357 590 412 646 id_point
141 405 610 443 652 marker
142 404 611 443 653 marker
142 357 590 412 645 id_point
143 404 610 443 653 marker
143 357 591 413 647 id_point
144 404 611 442 653 marker
144 356 590 411 646 id_point
145 405 612 443 653 marker
145 357 592 414 648 id_point
146 404 611 444 653 marker
146 357 591 413 647 id_point
147 404 611 443 653 marker
147 357 593 414 647 id_point
148 359 587 414 642 id_point
148 403 611 443 652 marker
149 355 591 409 646 id_point
150 354 591 408 642 id_point
151 375 595 428 649 id_point
152 375 595 428 648 id_point
153 444 591 492 636 id_point
154 497 607 536 651 marker
154 454 589 499 640 marker
155 462 592 517 646 id_point
155 500 613 538 651 marker
156 463 589 517 645 id_point
156 502 612 538 650 marker
157 462 592 518 648 id_point
157 502 613 537 649 marker
158 463 591 519 647 id_point
158 502 611 537 649 marker
159 463 592 517 648 id_point
159 500 611 537 649 marker
160 461 593 516 649 id_point
160 502 613 537 650 marker
161 462 592 521 650 id_point
161 500 613 536 650 marker
162 466 590 521 647 id_point
162 500 611 536 649 marker
163 464 589 520 645 id_point
163 502 612 538 650 marker
164 459 591 514 646 id_point
165 457 591 512 646 id_point
168 261 596 317 647 id_point
169 270 594 326 647 id_point
169 399 573 431 608 marker
170 272 593 327 646 id_point
170 398 572 433 608 marker
170 358 484 389 530 marker
171 263 604 320 657 id_point
171 398 573 433 609 marker
171 359 484 389 530 marker
172 266 608 320 663 id_point
172 398 573 432 609 marker
173 258 607 315 661 id_point
173 398 575 434 610 marker
173 359 484 389 530 marker
174 256 608 313 662 id_point
174 398 575 432 610 marker
175 256 607 312 661 id_point
175 398 575 433 610 marker
175 358 485 390 529 marker
176 253 611 308 664 id_point
176 398 576 434 610 marker
176 358 486 389 528 marker
