0 102 256 155 313 id_point
1 102 259 159 315 id_point
2 100 274 155 330 id_point
3 216 563 270 623 id_point
4 251 585 308 637 id_point
5 243 588 298 643 id_point
6 106 292 158 347 id_point
7 102 280 157 335 id_point
8 101 282 155 338 id_point
9 101 281 154 338 id_point
10 101 282 154 337 id_point
11 103 278 156 332 id_point
12 109 268 161 324 id_point
13 224 560 279 614 id_point
14 253 584 308 637 id_point
15 240 584 293 640 id_point
16 236 586 290 642 id_point
17 237 585 290 640 id_point
18 232 582 289 637 id_point
19 235 583 289 636 id_point
20 237 584 291 639 id_point
21 236 586 291 643 id_point
22 238 587 292 643 id_point
23 101 255 157 315 id_point
24 100 255 156 311 id_point
25 247 594 300 648 id_point
26 236 587 290 643 id_point
27 235 588 289 643 id_point
28 234 588 288 643 id_point
29 69 421 106 458 marker
29 236 584 291 639 id_point
30 67 368 121 419 id_point
30 69 419 107 458 marker
31 76 365 129 416 id_point
31 69 420 108 456 marker
32 76 365 129 417 id_point
32 67 420 107 456 marker
33 75 364 128 416 id_point
33 68 419 107 457 marker
34 74 366 126 417 id_point
34 67 415 107 456 marker
35 75 365 128 418 id_point
35 67 420 107 457 marker
36 74 368 128 422 id_point
36 67 421 107 458 marker
37 75 369 130 425 id_point
37 67 420 108 459 marker
38 77 371 130 423 id_point
39 78 370 131 423 id_point
40 78 372 132 425 id_point
41 80 372 133 424 id_point
42 159 364 212 416 id_point
42 162 416 199 456 marker
43 161 363 213 414 id_point
43 163 415 199 456 marker
44 158 362 211 413 id_point
44 162 415 199 456 marker
45 157 360 211 413 id_point
45 162 415 199 456 marker
46 157 359 210 412 id_point
46 162 414 199 455 marker
47 156 359 208 413 id_point
47 161 415 199 455 marker
48 157 359 210 413 id_point
48 161 414 198 455 marker
49 158 359 210 413 id_point
49 161 414 198 454 marker
50 157 358 210 412 id_point
50 160 415 198 455 marker
51 157 360 211 414 id_point
52 159 361 212 414 id_point
53 159 361 212 413 id_point
54 160 361 213 414 id_point
55 260 414 299 452 marker
55 214 354 270 409 id_point
56 241 355 294 411 id_point
56 262 414 298 453 marker
57 261 414 298 453 marker
57 239 352 293 407 id_point
58 261 414 299 452 marker
58 238 351 291 406 id_point
59 259 414 298 452 marker
59 241 351 293 404 id_point
60 260 414 299 452 marker
60 242 347 294 401 id_point
61 260 414 298 452 marker
61 242 349 292 403 id_point
62 260 413 297 451 marker
62 241 349 292 403 id_point
63 259 413 298 452 marker
63 241 350 292 403 id_point
64 261 413 297 451 marker
64 241 349 293 404 id_point
65 238 349 293 403 id_point
66 227 361 281 416 id_point
67 67 490 122 543 id_point
68 66 493 118 546 id_point
69 67 470 119 525 id_point
69 62 513 107 554 marker
70 66 471 118 524 id_point
70 63 515 104 555 marker
71 65 471 118 525 id_point
71 65 515 104 553 marker
72 66 472 118 527 id_point
72 65 516 105 556 marker
73 68 473 120 527 id_point
73 65 517 104 557 marker
74 65 473 117 527 id_point
74 63 517 104 555 marker
75 64 473 117 527 id_point
75 62 517 105 556 marker
76 62 473 115 528 id_point
76 63 516 104 556 marker
77 63 473 115 528 id_point
77 62 518 104 556 marker
78 65 474 117 526 id_point
79 72 471 123 524 id_point
80 79 470 132 524 id_point
81 86 476 128 518 id_point
82 162 512 198 550 marker
82 132 464 187 521 id_point
83 139 463 193 519 id_point
83 159 512 197 552 marker
84 141 461 195 519 id_point
84 160 512 199 553 marker
85 141 463 195 518 id_point
85 159 513 198 552 marker
86 139 462 194 518 id_point
86 158 512 197 552 marker
87 158 512 197 551 marker
87 139 463 194 518 id_point
88 139 463 193 518 id_point
88 159 511 197 551 marker
89 158 513 197 552 marker
89 141 462 196 520 id_point
90 142 464 195 518 id_point
90 159 513 198 553 marker
91 142 463 197 520 id_point
91 158 513 197 552 marker
92 140 465 195 519 id_point
93 153 462 208 518 id_point
94 156 460 211 517 id_point
95 208 461 264 517 id_point
96 260 507 296 547 marker
96 210 458 266 515 id_point
97 258 506 296 548 marker
97 229 452 282 509 id_point
98 258 507 297 549 marker
98 227 453 281 508 id_point
99 261 507 299 548 marker
99 226 453 281 507 id_point
100 261 508 299 549 marker
100 228 452 281 508 id_point
101 263 508 299 549 marker
101 229 453 282 509 id_point
102 262 508 300 549 marker
102 228 452 281 509 id_point
103 262 509 299 549 marker
103 228 455 282 510 id_point
104 262 508 299 549 marker
104 227 455 282 513 id_point
105 262 509 299 549 marker
105 228 456 281 513 id_point
106 227 457 282 512 id_point
107 119 515 171 559 id_point
108 38 535 102 589 id_point
109 46 536 101 591 id_point
110 49 537 101 591 id_point
110 65 611 103 650 marker
111 51 578 104 637 id_point
111 65 614 104 650 marker
112 50 577 102 636 id_point
112 61 613 101 653 marker
113 50 576 103 636 id_point
113 63 612 103 651 marker
114 50 577 104 635 id_point
114 62 614 103 654 marker
115 50 577 103 637 id_point
115 64 614 102 654 marker
116 53 577 105 636 id_point
116 65 613 105 654 marker
117 52 577 105 637 id_point
118 52 580 105 642 id_point
118 65 610 103 652 marker
119 52 579 105 642 id_point
119 65 611 105 654 marker
120 52 579 111 633 id_point
121 60 577 113 632 id_point
122 98 572 152 626 id_point
123 104 571 163 624 id_point
124 161 610 199 653 marker
124 127 570 186 629 id_point
125 135 571 191 628 id_point
125 162 609 200 654 marker
126 134 572 193 635 id_point
126 161 608 200 654 marker
127 132 569 187 624 id_point
127 160 607 200 651 marker
128 160 608 200 651 marker
128 131 570 186 624 id_point
129 160 606 200 649 marker
129 131 570 187 625 id_point
130 133 567 188 621 id_point
130 160 609 199 652 marker
131 160 607 199 651 marker
131 133 570 187 623 id_point
132 160 607 199 652 marker
132 132 571 188 626 id_point
133 161 609 199 652 marker
133 134 571 189 625 id_point
134 135 572 187 624 id_point
135 134 572 187 625 id_point
136 145 573 197 627 id_point
137 151 572 204 624 id_point
138 262 609 299 651 marker
138 219 572 273 625 id_point
139 262 609 298 651 marker
139 222 574 276 628 id_point
140 261 609 302 649 marker
140 222 575 275 629 id_point
141 262 610 299 651 marker
141 220 574 273 627 id_point
142 260 609 298 650 marker
142 221 573 274 628 id_point
143 261 609 299 649 marker
143 220 576 274 630 id_point
144 262 609 298 649 marker
144 219 574 273 626 id_point
145 260 607 298 649 marker
145 218 572 271 626 id_point
146 259 608 297 649 marker
146 219 572 272 625 id_point
147 258 607 295 649 marker
147 219 569 273 623 id_point
148 220 570 274 624 id_point
149 220 572 275 626 id_point
151 214 588 266 640 id_point
152 220 583 274 635 id_point
153 226 569 288 624 id_point
153 143 571 180 606 marker
154 233 572 290 626 id_point
154 143 570 181 607 marker
154 107 481 137 529 marker
154 186 475 235 525 id_point
155 236 572 294 628 id_point
155 143 570 181 608 marker
156 143 571 180 610 marker
156 106 484 137 530 marker
