0 237 639 291 696 id_point
1 243 635 294 690 id_point
2 242 677 297 731 id_point
3 242 674 296 727 id_point
4 240 675 295 731 id_point
5 232 696 286 752 id_point
6 231 696 287 753 id_point
7 232 698 287 752 id_point
8 174 595 235 654 id_point
9 183 600 240 654 id_point
10 182 600 235 654 id_point
11 182 603 236 655 id_point
12 183 602 238 652 id_point
13 185 602 240 654 id_point
14 184 602 240 655 id_point
15 184 602 239 657 id_point
16 185 603 242 655 id_point
17 185 602 241 655 id_point
18 185 602 242 656 id_point
19 184 601 242 655 id_point
20 185 601 243 655 id_point
21 186 603 244 656 id_point
22 188 604 242 656 id_point
23 190 604 244 657 id_point
23 235 658 272 699 marker
24 190 603 244 657 id_point
24 235 659 271 698 marker
25 189 604 243 658 id_point
25 235 657 273 699 marker
26 189 603 244 657 id_point
26 235 660 271 700 marker
27 189 602 244 656 id_point
27 234 658 271 699 marker
28 189 603 244 655 id_point
28 236 658 271 699 marker
29 192 604 245 655 id_point
29 234 657 272 698 marker
30 189 603 243 657 id_point
30 236 656 272 698 marker
31 187 603 243 658 id_point
31 234 657 272 698 marker
32 188 603 241 657 id_point
32 235 657 272 699 marker
33 187 604 243 657 id_point
33 236 658 272 699 marker
34 189 603 248 656 id_point
35 193 605 252 658 id_point
36 196 604 254 656 id_point
37 195 605 251 658 id_point
37 333 658 373 700 marker
38 321 602 376 659 id_point
38 333 659 373 699 marker
39 314 603 369 662 id_point
39 330 657 372 698 marker
40 310 599 365 662 id_point
40 331 659 372 699 marker
41 311 599 364 658 id_point
41 333 658 373 698 marker
42 308 597 362 655 id_point
42 330 657 372 698 marker
43 307 599 361 657 id_point
43 330 658 372 698 marker
44 308 598 362 657 id_point
44 331 658 372 698 marker
45 309 602 361 659 id_point
45 328 656 371 697 marker
46 310 601 363 659 id_point
46 332 658 372 699 marker
47 310 598 364 655 id_point
48 311 599 365 656 id_point
49 322 595 376 650 id_point
51 433 600 489 657 id_point
51 430 654 467 695 marker
52 433 597 488 655 id_point
52 430 653 467 694 marker
53 429 598 485 654 id_point
53 429 653 467 695 marker
54 429 598 485 655 id_point
54 430 653 467 694 marker
55 427 596 484 654 id_point
55 429 654 467 693 marker
56 427 598 480 655 id_point
56 429 654 466 695 marker
57 427 601 483 658 id_point
57 429 655 466 695 marker
58 427 602 484 658 id_point
58 428 655 466 695 marker
59 429 601 483 657 id_point
59 430 654 466 695 marker
60 428 598 483 657 id_point
60 430 654 467 695 marker
61 428 597 484 654 id_point
62 403 616 456 671 id_point
63 400 616 452 671 id_point
64 183 732 237 789 id_point
64 240 758 275 804 id_point
65 238 761 273 801 marker
65 186 741 240 798 id_point
66 239 761 274 800 marker
66 188 750 243 805 id_point
67 239 759 274 800 marker
67 188 750 243 805 id_point
68 238 763 275 801 marker
68 132 779 189 841 id_point
69 133 783 189 839 id_point
69 237 763 275 801 marker
70 133 779 186 839 id_point
70 237 762 275 800 marker
71 132 780 187 836 id_point
71 237 762 274 800 marker
72 130 785 185 840 id_point
72 237 762 274 800 marker
73 132 780 187 837 id_point
73 236 762 274 801 marker
74 237 762 275 801 marker
74 134 779 189 836 id_point
75 135 775 189 830 id_point
76 161 782 217 844 id_point
77 297 800 353 858 id_point
78 300 776 355 831 id_point
78 336 758 374 795 marker
79 298 781 354 836 id_point
79 335 758 375 796 marker
80 299 784 356 839 id_point
80 335 758 374 796 marker
81 335 759 374 796 marker
81 299 784 353 837 id_point
82 300 784 355 837 id_point
82 336 759 375 797 marker
83 298 780 351 836 id_point
83 336 759 374 796 marker
84 298 780 352 833 id_point
84 336 758 374 796 marker
85 336 758 374 795 marker
85 299 781 353 834 id_point
86 337 758 374 794 marker
86 299 778 352 832 id_point
87 300 777 356 831 id_point
88 302 776 358 830 id_point
89 304 775 359 829 id_point
90 431 776 485 832 id_point
90 432 753 470 785 marker
91 432 752 472 790 marker
91 465 782 518 838 id_point
92 464 777 519 843 id_point
92 433 753 472 791 marker
93 451 766 509 824 id_point
93 435 751 471 789 marker
94 449 766 508 823 id_point
94 435 752 472 789 marker
95 449 768 509 822 id_point
95 434 752 471 789 marker
96 453 769 508 824 id_point
96 433 753 472 789 marker
97 448 764 507 822 id_point
97 434 752 473 789 marker
98 450 767 508 823 id_point
98 435 752 471 788 marker
99 446 760 504 819 id_point
99 434 753 470 790 marker
100 451 764 506 816 id_point
102 188 795 242 850 id_point
103 242 854 279 896 marker
103 162 904 219 961 id_point
104 155 930 211 987 id_point
104 241 854 279 896 marker
105 242 855 279 895 marker
106 153 939 206 993 id_point
106 241 856 280 895 marker
107 241 857 280 896 marker
108 242 856 279 896 marker
108 154 932 210 989 id_point
109 149 928 204 983 id_point
109 241 856 279 896 marker
110 241 856 280 896 marker
110 159 934 214 989 id_point
111 241 856 279 896 marker
111 162 930 217 987 id_point
112 242 857 280 897 marker
112 172 912 228 969 id_point
113 173 912 230 970 id_point
114 172 909 229 965 id_point
115 300 870 348 918 marker
116 418 924 472 981 id_point
117 422 929 477 983 id_point
117 338 853 378 892 marker
118 338 853 379 891 marker
118 309 925 361 979 id_point
119 314 923 363 978 id_point
119 337 850 378 887 marker
120 315 938 369 990 id_point
120 339 852 379 891 marker
121 340 858 380 896 marker
121 319 945 372 998 id_point
122 325 967 377 1021 id_point
122 342 863 381 901 marker
123 344 847 382 885 marker
123 331 932 382 984 id_point
124 340 847 381 884 marker
124 326 921 380 972 id_point
125 342 841 381 878 marker
125 330 915 381 967 id_point
126 321 901 374 955 id_point
127 322 900 375 953 id_point
128 326 909 376 960 id_point
129 327 911 379 964 id_point
130 461 916 517 977 id_point
131 467 929 523 989 id_point
131 438 834 477 871 marker
132 438 835 476 873 marker
132 483 944 540 1008 id_point
133 484 947 539 1008 id_point
133 437 837 476 875 marker
134 437 838 475 876 marker
134 480 956 537 1017 id_point
135 437 837 475 874 marker
135 481 947 538 1008 id_point
136 479 943 536 1003 id_point
136 436 838 475 875 marker
137 477 943 535 1003 id_point
137 435 839 475 877 marker
138 437 839 475 877 marker
138 478 945 537 1007 id_point
139 477 943 533 1003 id_point
139 437 839 475 877 marker
140 477 942 533 1003 id_point
141 476 942 533 1005 id_point
142 475 949 530 1009 id_point
143 224 877 281 931 id_point
144 210 876 265 930 id_point
144 342 942 378 973 marker
144 304 866 333 907 marker
145 211 876 264 933 id_point
145 343 940 376 973 marker
145 304 865 334 907 marker
146 251 725 304 780 id_point
146 341 940 376 972 marker
146 303 865 334 906 marker
147 241 689 289 742 id_point
147 340 939 377 973 marker
147 303 864 333 908 marker
148 212 688 266 741 id_point
148 341 940 377 973 marker
148 303 863 334 906 marker
149 231 666 283 719 id_point
149 341 940 378 973 marker
149 304 863 334 908 marker
150 232 664 284 718 id_point
150 341 939 377 972 marker
150 304 865 335 906 marker
151 224 639 276 697 id_point
151 342 937 379 972 marker
151 305 862 334 907 marker
152 222 636 275 693 id_point
152 304 863 336 906 marker
152 342 938 378 972 marker
153 199 567 254 623 id_point
153 340 938 377 971 marker
153 304 862 334 907 marker
154 225 750 279 805 id_point
154 341 939 377 972 marker
154 302 864 334 906 marker
155 232 777 289 831 id_point
155 340 940 377 973 marker
155 302 864 333 907 marker
156 234 787 289 840 id_point
156 339 939 373 973 marker
156 300 865 333 908 marker
157 240 676 293 727 id_point
157 339 940 374 972 marker
157 300 863 330 907 marker
157 404 706 432 780 id_point
