0 302 596 357 650 id_point
0 395 571 429 603 marker
1 301 593 357 653 id_point
1 398 573 433 602 marker
1 358 481 388 525 marker
2 301 601 354 655 id_point
2 398 573 435 601 marker
2 358 482 387 526 marker
3 306 593 363 648 id_point
3 399 571 433 601 marker
3 357 481 386 526 marker
4 308 594 362 650 id_point
4 398 572 432 602 marker
4 358 481 388 523 marker
5 311 598 356 641 id_point
5 399 570 433 602 marker
5 357 480 385 526 marker
6 292 627 345 683 id_point
6 396 566 432 604 marker
7 308 595 362 649 id_point
7 398 571 433 603 marker
7 358 480 386 523 marker
8 307 595 361 650 id_point
8 358 481 387 524 marker
8 398 572 432 601 marker
9 307 598 360 651 id_point
9 398 571 435 603 marker
9 358 482 388 525 marker
10 307 596 361 651 id_point
10 399 570 434 600 marker
10 359 481 388 525 marker
11 306 599 361 655 id_point
11 399 570 434 602 marker
11 359 482 388 523 marker
12 306 600 359 654 id_point
12 398 571 433 603 marker
12 357 482 388 524 marker
13 307 598 361 653 id_point
13 398 572 430 601 marker
13 358 480 386 525 marker
14 306 599 361 654 id_point
14 398 573 431 602 marker
14 357 482 386 526 marker
15 398 570 435 607 marker
15 306 599 359 654 id_point
15 357 484 386 526 marker
16 302 599 355 654 id_point
17 258 607 313 661 id_point
19 250 596 304 648 id_point
21 245 592 301 648 id_point
22 246 595 300 647 id_point
24 245 593 301 650 id_point
25 244 587 299 647 id_point
26 245 587 301 646 id_point
28 241 586 296 646 id_point
29 240 585 296 646 id_point
30 245 593 300 650 id_point
32 249 598 304 653 id_point
33 247 599 302 654 id_point
34 248 599 302 654 id_point
35 248 598 302 654 id_point
36 248 600 304 656 id_point
38 252 602 305 654 id_point
40 277 599 335 652 id_point
43 252 601 305 654 id_point
44 268 599 323 653 id_point
45 263 598 320 652 id_point
46 263 599 319 652 id_point
47 262 608 318 661 id_point
48 263 607 318 660 id_point
49 263 606 319 658 id_point
50 263 605 319 658 id_point
51 267 377 324 428 id_point
51 300 417 335 455 marker
52 272 368 325 419 id_point
52 294 414 337 455 marker
53 269 367 323 420 id_point
53 296 416 335 455 marker
54 294 416 336 456 marker
54 263 365 324 415 id_point
55 297 416 335 454 marker
56 292 368 343 428 id_point
56 297 415 336 457 marker
57 297 417 336 455 marker
57 268 363 322 418 id_point
58 267 364 323 420 id_point
58 295 416 336 456 marker
59 270 356 324 411 id_point
59 297 417 334 455 marker
60 268 353 327 409 id_point
61 272 353 329 409 id_point
62 270 363 326 418 id_point
63 270 363 328 420 id_point
64 490 416 527 456 marker
65 489 417 527 456 marker
65 420 343 474 397 id_point
66 470 359 525 417 id_point
66 486 417 526 456 marker
67 473 358 530 415 id_point
67 485 416 525 458 marker
68 472 358 528 415 id_point
68 485 415 524 457 marker
69 470 361 527 422 id_point
69 488 415 526 457 marker
70 469 367 524 425 id_point
70 486 419 527 456 marker
71 489 417 527 456 marker
71 424 359 479 415 id_point
72 489 417 526 456 marker
72 423 360 477 414 id_point
73 438 361 494 416 id_point
73 488 417 526 457 marker
74 404 357 459 410 id_point
76 252 458 310 512 id_point
77 218 479 269 534 id_point
78 217 480 271 534 id_point
78 304 611 344 657 marker
79 206 571 261 625 id_point
79 301 613 342 658 marker
80 206 584 261 640 id_point
80 301 612 342 658 marker
81 208 584 263 640 id_point
81 303 613 342 657 marker
82 208 583 262 639 id_point
82 303 613 343 658 marker
83 206 580 261 634 id_point
83 303 613 342 658 marker
84 207 581 262 635 id_point
84 303 613 343 658 marker
85 207 583 261 640 id_point
85 301 612 343 659 marker
86 209 583 263 638 id_point
86 303 612 343 658 marker
87 206 585 260 641 id_point
87 301 612 342 659 marker
88 208 589 262 646 id_point
88 304 612 343 659 marker
89 209 588 264 643 id_point
91 400 577 457 631 id_point
92 400 574 455 628 id_point
92 498 606 536 651 marker
93 418 579 474 633 id_point
93 498 606 537 652 marker
94 498 607 537 650 marker
95 417 575 472 630 id_point
95 499 606 538 650 marker
96 416 575 472 629 id_point
96 499 606 537 651 marker
97 415 574 470 629 id_point
97 499 606 537 650 marker
98 439 576 495 632 id_point
98 497 606 536 650 marker
99 439 575 496 632 id_point
99 499 606 537 651 marker
100 435 579 492 635 id_point
100 499 605 537 650 marker
101 436 576 492 632 id_point
101 500 605 537 649 marker
102 440 577 496 632 id_point
103 438 577 493 630 id_point
104 321 540 374 595 id_point
106 195 565 250 622 id_point
106 400 574 435 609 marker
106 358 485 389 529 marker
107 270 552 326 608 id_point
107 397 569 435 605 marker
108 236 557 291 613 id_point
108 399 573 433 607 marker
108 359 481 390 529 marker
109 197 276 252 329 id_point
109 398 571 434 607 marker
109 359 483 389 527 marker
