0 239 576 296 637 id_point
1 232 575 290 638 id_point
2 226 581 283 638 id_point
3 223 577 281 637 id_point
4 225 578 283 639 id_point
5 225 581 281 638 id_point
6 221 580 279 639 id_point
7 223 573 281 632 id_point
8 222 575 282 634 id_point
9 225 574 281 631 id_point
10 223 567 282 624 id_point
11 222 566 278 624 id_point
12 224 577 282 636 id_point
13 224 574 281 631 id_point
14 224 572 281 629 id_point
15 224 575 281 632 id_point
16 224 568 282 627 id_point
17 224 570 281 627 id_point
18 223 574 278 630 id_point
19 221 575 280 633 id_point
20 222 575 279 633 id_point
21 222 577 279 635 id_point
22 223 574 282 633 id_point
23 225 574 283 632 id_point
24 226 575 285 634 id_point
25 225 573 284 630 id_point
26 226 575 282 631 id_point
27 228 573 285 631 id_point
28 228 574 286 633 id_point
29 223 574 281 630 id_point
30 228 574 285 631 id_point
30 71 599 112 640 marker
31 31 575 80 635 id_point
31 75 600 111 642 marker
32 29 575 85 633 id_point
32 78 600 112 641 marker
33 33 576 87 632 id_point
33 76 600 113 642 marker
34 34 576 89 630 id_point
34 76 600 113 643 marker
35 35 576 88 627 id_point
35 76 601 112 642 marker
36 34 572 88 625 id_point
36 76 601 112 642 marker
37 35 573 91 630 id_point
37 77 601 112 642 marker
38 35 575 90 628 id_point
38 76 601 112 642 marker
39 33 580 88 634 id_point
39 74 600 113 643 marker
40 32 576 84 636 id_point
41 30 577 81 635 id_point
42 60 576 115 636 id_point
43 62 576 117 636 id_point
44 201 586 258 645 id_point
44 268 596 311 638 marker
45 224 582 281 640 id_point
45 273 597 310 638 marker
46 230 574 288 633 id_point
46 275 599 312 638 marker
47 228 576 283 631 id_point
47 275 597 311 637 marker
48 231 574 289 635 id_point
48 276 600 312 639 marker
49 229 570 285 630 id_point
49 274 598 312 639 marker
50 232 573 288 634 id_point
50 276 600 312 639 marker
51 225 573 283 629 id_point
51 274 600 311 637 marker
52 228 574 286 632 id_point
52 275 599 311 638 marker
53 228 574 287 633 id_point
54 225 573 284 631 id_point
55 231 574 291 634 id_point
56 234 577 292 636 id_point
57 81 797 119 836 marker
58 43 807 104 865 id_point
58 86 797 118 834 marker
59 43 811 103 867 id_point
59 85 797 119 833 marker
60 44 810 103 867 id_point
60 86 797 118 833 marker
61 42 808 102 866 id_point
61 85 798 119 834 marker
62 81 796 119 835 marker
62 23 808 64 850 id_point
63 43 809 103 865 id_point
63 85 798 119 835 marker
64 44 813 101 870 id_point
64 85 797 119 833 marker
65 39 808 101 864 id_point
65 86 799 119 835 marker
66 40 807 98 864 id_point
67 46 809 102 864 id_point
68 53 811 111 866 id_point
69 194 799 250 856 id_point
70 274 796 314 837 marker
70 227 818 285 874 id_point
71 277 794 314 836 marker
71 230 808 286 866 id_point
72 231 815 288 872 id_point
72 275 794 314 836 marker
73 228 818 286 872 id_point
73 274 796 313 837 marker
74 274 795 314 837 marker
74 230 820 289 875 id_point
75 274 796 313 836 marker
75 231 814 288 872 id_point
76 276 796 313 836 marker
76 229 809 287 867 id_point
77 230 810 287 869 id_point
77 275 795 312 836 marker
78 232 814 289 871 id_point
78 275 796 312 836 marker
79 229 816 287 872 id_point
80 230 809 287 868 id_point
82 239 690 283 736 id_point
83 244 593 302 649 id_point
83 169 897 201 930 marker
83 126 817 157 859 marker
84 239 585 295 642 id_point
84 169 896 204 931 marker
84 127 818 159 857 marker
85 250 588 305 646 id_point
85 168 898 203 933 marker
86 50 618 104 675 id_point
86 168 902 203 937 marker
86 125 823 158 863 marker
87 49 619 103 674 id_point
87 126 826 157 866 marker
87 168 903 202 939 marker
