0 203 602 253 652 id_point
1 201 600 254 654 id_point
2 202 599 255 653 id_point
3 201 603 255 655 id_point
4 204 600 258 654 id_point
5 205 604 257 656 id_point
6 209 602 261 656 id_point
7 207 603 259 656 id_point
8 208 605 259 656 id_point
9 208 601 261 654 id_point
10 210 601 263 654 id_point
11 206 604 259 657 id_point
12 212 607 263 660 id_point
13 211 602 264 656 id_point
14 208 602 260 655 id_point
15 207 603 259 656 id_point
16 205 603 258 656 id_point
17 205 602 258 655 id_point
18 207 602 259 655 id_point
19 206 607 258 658 id_point
20 207 607 258 658 id_point
21 206 608 257 659 id_point
22 205 607 256 658 id_point
23 206 607 257 658 id_point
24 197 429 232 465 marker
24 207 605 259 656 id_point
25 195 438 229 473 marker
25 202 614 255 666 id_point
26 193 439 233 475 marker
26 215 383 270 438 id_point
27 213 374 268 428 id_point
27 193 433 234 469 marker
28 212 375 265 430 id_point
28 194 432 234 468 marker
29 211 377 265 432 id_point
29 193 432 232 468 marker
30 213 370 265 424 id_point
30 193 431 234 466 marker
31 212 375 264 426 id_point
31 194 430 235 467 marker
32 212 373 266 427 id_point
33 213 373 266 427 id_point
34 215 374 269 429 id_point
35 216 375 272 430 id_point
36 270 382 323 437 id_point
36 259 432 301 469 marker
37 280 375 334 428 id_point
37 258 432 297 470 marker
38 279 373 333 428 id_point
38 256 433 297 470 marker
39 280 373 332 426 id_point
39 257 432 298 470 marker
40 279 370 333 423 id_point
40 257 431 300 469 marker
41 278 372 331 425 id_point
41 257 433 297 470 marker
42 278 374 332 427 id_point
42 257 432 300 469 marker
43 279 372 332 426 id_point
43 257 433 296 470 marker
44 278 373 330 429 id_point
44 255 431 300 470 marker
45 278 373 331 426 id_point
46 277 370 332 424 id_point
47 278 372 331 426 id_point
48 278 371 331 424 id_point
49 342 380 397 432 id_point
49 322 431 362 471 marker
50 338 373 394 430 id_point
51 338 371 391 425 id_point
51 323 429 362 470 marker
52 337 369 391 424 id_point
52 321 430 361 471 marker
53 336 369 392 421 id_point
53 320 432 360 471 marker
54 335 368 390 420 id_point
54 321 431 360 470 marker
55 333 370 389 424 id_point
55 322 431 360 471 marker
56 334 370 391 424 id_point
56 321 431 361 471 marker
57 333 366 388 422 id_point
57 321 431 358 470 marker
58 333 365 388 421 id_point
58 323 430 359 470 marker
59 333 366 388 421 id_point
60 335 366 389 420 id_point
61 334 370 390 424 id_point
62 334 372 389 425 id_point
63 335 369 389 424 id_point
63 386 433 422 470 marker
64 391 372 445 428 id_point
64 385 431 421 470 marker
65 393 373 446 429 id_point
65 384 432 420 470 marker
66 394 371 446 429 id_point
66 384 432 421 469 marker
67 393 368 447 425 id_point
67 385 431 420 470 marker
68 394 367 449 424 id_point
68 384 431 421 470 marker
69 392 368 446 424 id_point
69 384 432 421 470 marker
70 391 369 446 424 id_point
70 384 432 421 470 marker
71 393 367 446 423 id_point
71 384 431 421 470 marker
72 393 368 446 425 id_point
72 384 432 421 469 marker
73 392 368 446 423 id_point
74 389 369 445 426 id_point
75 389 370 445 426 id_point
76 385 372 441 428 id_point
77 205 434 259 488 id_point
77 191 490 235 534 marker
78 203 436 257 491 id_point
78 193 493 232 533 marker
79 202 439 256 494 id_point
79 193 494 231 533 marker
80 203 441 256 496 id_point
80 193 494 232 533 marker
81 204 439 258 495 id_point
81 192 494 233 532 marker
82 203 442 257 496 id_point
82 193 495 233 532 marker
83 204 443 258 496 id_point
83 192 495 234 534 marker
84 203 443 258 497 id_point
84 193 495 233 533 marker
85 203 444 258 500 id_point
85 191 495 234 536 marker
86 204 445 258 497 id_point
86 192 495 234 534 marker
87 204 447 257 498 id_point
88 204 447 257 498 id_point
89 204 447 257 499 id_point
90 205 446 258 498 id_point
91 246 451 301 505 id_point
91 254 495 295 534 marker
92 263 446 320 506 id_point
92 255 495 297 536 marker
93 271 447 323 500 id_point
93 257 494 299 533 marker
94 268 442 322 499 id_point
94 256 494 298 532 marker
95 256 494 296 532 marker
95 266 440 321 497 id_point
96 265 442 318 497 id_point
96 257 492 297 535 marker
97 267 442 319 497 id_point
97 256 493 296 532 marker
98 268 442 321 499 id_point
98 256 492 296 533 marker
99 265 442 318 496 id_point
99 256 494 296 533 marker
100 267 442 320 498 id_point
100 255 494 296 532 marker
101 265 442 319 497 id_point
102 267 442 320 497 id_point
103 267 444 320 498 id_point
104 266 441 320 497 id_point
105 304 444 359 501 id_point
105 320 495 359 531 marker
106 326 443 382 499 id_point
106 320 493 360 532 marker
107 330 443 387 500 id_point
107 322 493 359 531 marker
108 331 442 386 499 id_point
108 321 493 359 532 marker
109 330 439 385 497 id_point
109 320 492 359 533 marker
110 331 439 387 496 id_point
110 320 493 359 533 marker
111 329 442 383 498 id_point
111 322 491 361 535 marker
112 330 442 385 498 id_point
112 321 493 360 533 marker
113 328 442 383 498 id_point
113 321 493 359 533 marker
114 328 443 382 497 id_point
114 320 492 359 532 marker
115 330 441 383 497 id_point
116 329 441 383 497 id_point
117 328 438 384 495 id_point
118 331 442 387 500 id_point
119 344 445 401 502 id_point
120 385 440 440 498 id_point
120 382 491 423 535 marker
121 390 438 446 495 id_point
121 384 493 423 535 marker
122 391 440 446 501 id_point
122 384 492 424 535 marker
123 390 441 444 499 id_point
123 384 493 424 535 marker
124 391 439 445 498 id_point
124 386 493 424 534 marker
125 389 442 444 496 id_point
125 385 492 423 533 marker
126 388 442 443 497 id_point
126 385 492 423 533 marker
127 388 442 444 497 id_point
127 385 491 425 534 marker
128 388 442 442 500 id_point
128 385 493 425 534 marker
129 387 443 443 498 id_point
131 209 546 268 602 id_point
132 203 551 257 604 id_point
133 196 550 251 602 id_point
133 192 552 242 604 marker
134 199 524 254 582 id_point
135 197 522 251 579 id_point
135 190 560 232 599 marker
136 196 521 250 579 id_point
136 190 560 232 600 marker
137 196 521 249 579 id_point
137 189 559 234 600 marker
138 198 522 251 580 id_point
138 191 562 233 601 marker
139 200 521 252 581 id_point
139 190 557 236 601 marker
140 200 522 254 581 id_point
140 190 558 235 600 marker
141 200 522 254 580 id_point
141 190 558 236 602 marker
142 200 521 253 579 id_point
142 190 561 233 600 marker
143 201 520 253 574 id_point
144 207 523 260 575 id_point
145 213 522 266 574 id_point
146 214 521 269 572 id_point
147 257 559 297 601 marker
147 236 517 291 574 id_point
148 263 518 315 579 id_point
149 262 520 317 580 id_point
149 256 559 298 598 marker
150 263 521 317 580 id_point
150 255 559 300 599 marker
151 263 519 318 580 id_point
151 258 558 301 600 marker
152 262 520 317 580 id_point
152 257 557 301 601 marker
153 262 516 316 573 id_point
153 257 560 300 600 marker
154 264 516 316 575 id_point
155 262 518 314 582 id_point
156 263 517 316 577 id_point
157 264 518 316 578 id_point
158 261 520 317 576 id_point
159 261 519 315 575 id_point
160 261 520 318 576 id_point
161 262 519 316 575 id_point
162 304 513 357 570 id_point
162 321 559 361 597 marker
163 332 517 386 578 id_point
163 321 553 366 606 marker
164 330 516 384 577 id_point
164 324 559 363 598 marker
165 330 514 384 572 id_point
165 324 557 364 600 marker
166 328 519 381 577 id_point
166 322 558 364 598 marker
167 330 517 382 577 id_point
168 329 516 382 576 id_point
168 321 554 365 605 marker
169 330 518 382 576 id_point
169 321 552 364 607 marker
170 329 515 383 575 id_point
170 324 556 366 600 marker
171 330 517 383 575 id_point
171 323 556 364 603 marker
172 329 513 383 568 id_point
173 330 516 384 571 id_point
174 329 516 382 571 id_point
175 331 516 384 571 id_point
176 380 521 436 582 id_point
176 388 556 424 597 marker
177 387 517 442 577 id_point
177 389 556 426 596 marker
178 389 518 444 578 id_point
178 388 557 428 597 marker
179 391 517 446 576 id_point
179 387 558 428 596 marker
180 389 517 445 576 id_point
180 387 557 432 600 marker
181 391 518 446 579 id_point
181 387 558 427 595 marker
182 388 518 442 580 id_point
182 390 556 426 594 marker
183 389 514 446 572 id_point
183 386 558 428 601 marker
184 387 557 427 598 marker
184 366 616 419 668 marker
185 388 556 426 599 marker
185 332 570 387 622 id_point
186 336 569 389 623 id_point
187 328 555 382 609 id_point
189 177 585 233 639 id_point
190 191 625 232 668 marker
191 174 584 227 642 id_point
191 192 627 232 669 marker
192 173 586 226 643 id_point
192 194 622 235 669 marker
193 170 589 224 644 id_point
193 194 628 233 670 marker
194 171 586 226 649 id_point
194 195 627 233 673 marker
195 174 587 229 651 id_point
195 193 627 236 673 marker
196 174 587 229 652 id_point
196 193 627 236 673 marker
197 178 591 230 650 id_point
197 195 627 236 672 marker
198 175 589 229 649 id_point
198 196 627 236 671 marker
199 173 588 229 651 id_point
199 194 627 235 672 marker
200 171 588 228 645 id_point
200 193 627 236 673 marker
201 172 587 230 641 id_point
202 178 586 235 642 id_point
203 178 586 235 643 id_point
204 181 585 236 641 id_point
205 234 581 287 637 id_point
205 260 626 301 669 marker
206 260 626 301 669 marker
207 259 624 299 668 marker
207 245 595 297 653 id_point
208 258 624 299 668 marker
208 243 595 298 652 id_point
209 259 624 299 668 marker
209 244 595 295 652 id_point
210 242 595 294 653 id_point
210 258 624 298 670 marker
211 261 628 298 671 marker
211 243 595 295 653 id_point
212 241 593 294 654 id_point
212 257 625 300 670 marker
213 241 594 297 656 id_point
213 262 629 299 672 marker
214 257 625 297 669 marker
214 242 595 297 654 id_point
215 259 628 300 669 marker
215 197 620 250 675 id_point
216 198 618 251 671 id_point
217 201 615 252 668 id_point
218 220 616 271 670 id_point
219 245 612 306 664 id_point
220 324 624 364 666 marker
220 264 614 316 668 id_point
221 312 625 368 679 id_point
222 313 621 366 672 id_point
223 312 622 366 673 id_point
224 310 620 365 671 id_point
225 310 620 365 673 id_point
226 309 621 363 673 id_point
227 319 629 373 685 id_point
228 315 631 371 688 id_point
229 317 633 371 686 id_point
230 341 631 395 685 id_point
231 341 630 395 684 id_point
232 346 631 400 685 id_point
233 438 649 493 703 id_point
233 387 623 425 664 marker
234 455 654 508 709 id_point
234 387 624 425 666 marker
235 450 657 507 714 id_point
235 388 624 424 665 marker
236 449 657 504 714 id_point
236 388 624 424 665 marker
237 450 657 504 714 id_point
237 387 624 424 665 marker
238 451 658 506 714 id_point
238 388 623 425 665 marker
239 387 624 425 665 marker
239 465 675 507 718 id_point
240 449 654 504 710 id_point
240 388 623 425 666 marker
241 441 651 500 712 id_point
241 388 626 430 664 marker
242 451 653 504 709 id_point
242 387 624 425 666 marker
243 455 658 496 704 id_point
246 266 612 320 666 id_point
247 262 619 314 674 id_point
248 286 592 321 630 marker
248 245 504 276 546 marker
249 185 268 241 343 id_point
249 285 591 322 628 marker
249 244 504 276 547 marker
250 186 274 239 328 id_point
250 283 591 321 628 marker
250 244 505 275 547 marker
250 326 500 371 545 id_point
251 187 252 241 326 id_point
251 285 593 322 631 marker
251 245 507 277 550 marker
251 328 501 375 549 id_point
252 214 246 270 304 id_point
252 288 592 325 633 marker
252 247 506 279 549 marker
252 330 502 378 548 id_point
253 214 247 271 305 id_point
253 287 595 325 634 marker
253 246 509 278 551 marker
253 328 503 377 550 id_point
254 206 306 256 361 id_point
254 286 593 323 631 marker
254 246 507 277 550 marker
254 328 503 376 549 id_point
