1 254 594 311 648 id_point
2 235 588 290 645 id_point
3 234 587 292 641 id_point
4 244 589 299 643 id_point
5 251 588 306 641 id_point
6 259 592 315 648 id_point
7 254 596 311 651 id_point
8 258 598 313 652 id_point
9 253 588 310 642 id_point
12 216 540 273 598 id_point
13 294 562 350 615 id_point
14 311 575 367 627 id_point
15 302 572 357 627 id_point
16 291 573 348 626 id_point
17 276 573 333 626 id_point
18 273 564 328 618 id_point
19 271 557 326 610 id_point
20 269 557 324 612 id_point
21 267 559 321 614 id_point
22 265 557 321 614 id_point
23 264 553 318 609 id_point
24 259 559 317 616 id_point
25 258 567 316 620 id_point
26 259 562 314 616 id_point
27 261 563 317 617 id_point
28 147 352 190 392 marker
29 147 351 190 392 marker
30 72 310 127 363 id_point
30 147 353 191 393 marker
31 147 353 189 393 marker
31 61 300 114 355 id_point
32 146 353 189 393 marker
32 57 299 111 353 id_point
33 146 353 188 392 marker
33 57 296 111 350 id_point
34 57 298 111 352 id_point
34 147 354 187 393 marker
35 58 299 111 354 id_point
35 146 354 188 395 marker
36 148 355 189 394 marker
36 59 301 113 357 id_point
37 59 305 114 357 id_point
38 61 307 118 359 id_point
39 67 307 121 360 id_point
40 158 305 214 359 id_point
41 159 302 215 357 id_point
41 216 353 259 393 marker
42 216 353 258 393 marker
42 134 303 191 359 id_point
43 216 353 259 393 marker
43 129 305 181 358 id_point
44 215 354 257 392 marker
44 125 303 179 357 id_point
45 122 303 177 358 id_point
45 215 353 258 392 marker
46 216 353 257 392 marker
46 124 300 178 354 id_point
47 216 352 257 391 marker
47 122 304 177 359 id_point
48 216 353 258 392 marker
48 123 301 176 356 id_point
49 122 303 176 357 id_point
49 216 353 258 391 marker
50 214 352 257 392 marker
50 122 301 176 356 id_point
51 120 304 176 358 id_point
52 121 307 178 359 id_point
53 124 307 179 360 id_point
54 195 304 251 359 id_point
55 283 352 326 392 marker
56 284 352 327 392 marker
56 193 297 247 351 id_point
57 284 352 327 393 marker
57 188 296 242 350 id_point
58 284 352 327 392 marker
58 189 297 244 352 id_point
59 284 352 326 392 marker
59 187 298 242 353 id_point
60 284 353 326 392 marker
60 187 297 241 351 id_point
61 284 352 327 393 marker
61 186 298 239 352 id_point
62 283 352 325 393 marker
62 187 297 241 351 id_point
63 284 352 327 393 marker
63 190 301 241 353 id_point
64 187 303 241 356 id_point
65 191 303 243 357 id_point
66 213 298 265 350 id_point
67 278 299 334 350 id_point
68 272 299 326 356 id_point
68 352 354 395 395 marker
69 353 354 395 395 marker
69 261 300 313 354 id_point
70 354 355 395 395 marker
70 258 301 312 352 id_point
71 353 355 395 394 marker
71 256 298 309 351 id_point
72 353 354 395 394 marker
72 258 297 310 349 id_point
73 353 355 395 394 marker
73 257 297 312 351 id_point
74 353 354 396 394 marker
74 257 298 312 352 id_point
75 352 353 395 394 marker
75 258 300 309 354 id_point
76 353 353 395 394 marker
76 253 301 307 356 id_point
77 352 353 395 393 marker
77 255 301 310 355 id_point
78 257 303 312 356 id_point
79 258 304 312 358 id_point
80 262 306 316 360 id_point
81 339 305 393 360 id_point
81 420 358 460 397 marker
82 333 305 386 359 id_point
82 420 358 460 397 marker
83 420 358 460 397 marker
83 332 303 386 359 id_point
84 420 358 460 397 marker
84 329 304 385 357 id_point
85 330 299 386 353 id_point
85 419 357 459 397 marker
86 328 300 384 357 id_point
86 419 357 458 397 marker
87 419 357 459 396 marker
87 327 300 382 357 id_point
88 419 357 459 396 marker
88 328 303 381 357 id_point
89 419 357 459 396 marker
89 235 312 287 365 id_point
90 287 287 341 342 id_point
90 420 356 459 396 marker
91 287 291 342 345 id_point
92 289 292 345 346 id_point
93 290 292 344 346 id_point
94 387 301 440 356 id_point
95 484 362 522 400 marker
95 386 300 439 355 id_point
96 484 361 522 400 marker
96 386 304 438 359 id_point
97 484 361 522 400 marker
97 352 303 396 349 id_point
98 484 361 522 399 marker
98 402 328 455 383 id_point
99 484 360 522 399 marker
100 484 361 523 399 marker
100 421 337 475 393 id_point
101 484 360 523 399 marker
102 485 360 522 400 marker
103 484 360 522 399 marker
103 356 300 400 344 id_point
105 470 371 525 425 id_point
108 545 366 580 405 marker
108 429 310 481 365 id_point
109 545 366 581 406 marker
110 545 366 579 404 marker
110 424 316 478 371 id_point
111 544 365 579 404 marker
111 433 318 486 374 id_point
112 544 366 579 404 marker
112 423 319 467 361 id_point
113 545 365 580 403 marker
113 410 313 463 368 id_point
114 543 367 582 404 marker
115 544 366 579 404 marker
115 419 315 472 369 id_point
116 545 366 580 403 marker
116 416 318 463 362 id_point
117 543 366 582 404 marker
119 418 318 458 360 id_point
122 148 412 191 455 marker
122 10 365 52 406 id_point
123 12 336 64 389 id_point
123 147 412 192 454 marker
124 14 333 70 385 id_point
124 146 412 191 455 marker
125 15 333 69 386 id_point
125 146 412 191 454 marker
126 14 341 70 392 id_point
126 147 412 192 454 marker
127 14 340 70 389 id_point
127 144 412 187 454 marker
128 7 334 66 391 id_point
128 136 410 179 452 marker
129 134 410 176 451 marker
129 5 329 59 383 id_point
130 134 410 177 452 marker
130 7 331 60 385 id_point
131 8 332 61 386 id_point
131 136 411 178 452 marker
132 9 335 63 387 id_point
133 25 352 66 391 id_point
134 113 373 168 428 id_point
135 122 356 175 410 id_point
136 213 412 256 453 marker
136 124 347 179 401 id_point
137 71 334 124 389 id_point
137 212 412 256 453 marker
138 71 335 124 389 id_point
138 212 411 257 453 marker
139 212 412 256 453 marker
139 66 335 119 391 id_point
140 67 332 121 387 id_point
140 213 411 257 453 marker
141 69 335 122 389 id_point
141 212 411 256 453 marker
142 70 337 124 393 id_point
142 213 411 257 453 marker
143 71 337 125 389 id_point
143 213 411 256 453 marker
144 214 410 258 452 marker
145 70 335 123 390 id_point
145 212 410 256 452 marker
146 70 335 123 393 id_point
146 213 410 257 452 marker
147 71 339 124 391 id_point
148 69 337 125 392 id_point
149 71 340 125 394 id_point
150 136 333 191 386 id_point
151 133 331 188 385 id_point
151 284 410 328 452 marker
152 129 334 183 388 id_point
152 284 410 329 453 marker
153 129 334 184 387 id_point
153 284 411 329 454 marker
154 125 332 180 385 id_point
154 284 411 328 454 marker
155 125 330 179 381 id_point
155 284 410 328 453 marker
156 123 333 176 385 id_point
156 284 411 329 453 marker
157 284 411 328 453 marker
157 122 331 177 385 id_point
158 124 331 177 385 id_point
158 284 411 328 453 marker
159 284 410 328 453 marker
159 125 330 179 382 id_point
160 125 330 179 382 id_point
160 283 411 327 453 marker
161 122 330 177 383 id_point
161 284 410 328 452 marker
162 123 330 177 382 id_point
162 283 411 327 453 marker
163 121 331 176 383 id_point
164 121 330 177 383 id_point
165 121 330 176 383 id_point
166 182 328 236 381 id_point
167 355 413 398 455 marker
167 184 328 238 382 id_point
168 354 413 398 455 marker
168 183 326 238 379 id_point
169 354 413 398 455 marker
169 178 325 234 379 id_point
170 354 413 398 456 marker
170 180 325 234 379 id_point
171 355 414 398 456 marker
171 177 326 231 377 id_point
172 354 412 398 455 marker
172 174 325 228 377 id_point
173 354 414 399 456 marker
173 174 324 228 378 id_point
174 354 413 398 455 marker
174 175 321 231 375 id_point
175 354 413 398 455 marker
175 177 324 232 379 id_point
176 354 413 398 456 marker
177 354 412 398 454 marker
177 177 327 232 379 id_point
179 153 538 210 593 id_point
180 155 541 213 594 id_point
182 422 416 464 457 marker
182 212 331 267 382 id_point
183 422 416 463 457 marker
183 301 378 355 433 id_point
184 422 416 463 457 marker
184 302 375 356 432 id_point
185 422 416 463 457 marker
185 305 374 358 429 id_point
186 422 415 463 457 marker
186 303 378 357 431 id_point
187 422 416 463 457 marker
187 303 379 357 433 id_point
188 422 415 463 457 marker
188 302 380 357 435 id_point
189 422 415 463 456 marker
189 302 380 358 436 id_point
190 421 415 463 456 marker
190 301 389 357 443 id_point
191 421 415 463 456 marker
191 302 388 356 442 id_point
192 303 389 358 444 id_point
193 303 391 357 445 id_point
194 302 390 357 445 id_point
196 488 420 527 461 marker
196 364 384 408 428 id_point
197 492 421 528 460 marker
197 442 410 495 464 id_point
198 491 420 528 461 marker
198 440 414 495 468 id_point
199 491 420 528 461 marker
199 438 420 488 478 id_point
200 486 419 526 461 marker
201 484 420 526 463 marker
202 459 415 518 473 id_point
202 473 419 523 469 marker
203 482 418 527 463 marker
203 457 417 513 473 id_point
204 458 412 511 469 id_point
204 477 414 526 461 marker
205 491 420 527 464 marker
205 452 417 501 470 id_point
206 455 423 502 468 id_point
207 451 420 506 475 id_point
208 454 423 513 481 id_point
209 547 425 583 464 marker
210 588 437 644 492 id_point
210 547 424 583 464 marker
211 548 426 584 465 marker
212 591 438 646 494 id_point
212 546 424 583 465 marker
213 593 439 647 497 id_point
213 547 425 583 464 marker
214 548 425 584 464 marker
215 594 436 648 492 id_point
215 547 425 584 464 marker
216 601 427 655 484 id_point
216 547 425 584 464 marker
217 603 434 656 490 id_point
217 548 426 584 464 marker
218 601 436 656 491 id_point
218 548 426 584 464 marker
219 598 433 653 488 id_point
220 544 409 599 467 id_point
221 533 405 576 448 id_point
222 139 479 183 523 marker
222 673 429 720 487 id_point
223 666 426 719 481 id_point
223 139 479 183 523 marker
224 139 479 183 522 marker
224 668 424 719 481 id_point
225 140 478 183 523 marker
226 140 478 183 523 marker
227 1 438 51 491 id_point
227 139 478 183 523 marker
228 2 437 55 491 id_point
228 139 479 184 524 marker
229 0 439 53 492 id_point
229 139 479 183 524 marker
230 1 439 52 491 id_point
230 139 480 183 523 marker
231 1 439 53 492 id_point
231 140 479 183 524 marker
232 1 439 53 491 id_point
232 142 478 183 525 marker
233 1 439 52 492 id_point
234 1 441 56 494 id_point
235 81 391 136 445 id_point
236 82 392 136 445 id_point
236 211 478 257 523 marker
237 56 381 112 436 id_point
237 211 478 256 522 marker
238 56 381 113 436 id_point
238 212 477 256 522 marker
239 58 382 113 437 id_point
239 211 477 255 521 marker
240 59 383 113 436 id_point
240 211 477 256 521 marker
241 60 384 115 438 id_point
241 212 478 257 522 marker
242 61 382 115 436 id_point
242 211 478 257 522 marker
243 59 384 115 437 id_point
243 211 478 256 522 marker
244 61 385 116 439 id_point
244 213 478 256 523 marker
245 212 477 256 522 marker
245 60 384 114 438 id_point
246 58 383 113 436 id_point
247 59 385 115 439 id_point
248 59 393 115 446 id_point
249 61 393 115 445 id_point
251 105 393 161 447 id_point
251 283 478 329 522 marker
252 113 387 167 440 id_point
252 284 477 330 523 marker
253 114 383 170 438 id_point
253 283 477 328 522 marker
254 114 383 169 437 id_point
254 283 478 329 523 marker
255 112 382 168 437 id_point
255 283 478 329 524 marker
256 112 384 167 437 id_point
256 282 479 327 524 marker
257 113 386 168 439 id_point
257 283 478 328 523 marker
258 113 386 168 438 id_point
258 282 479 328 523 marker
259 113 384 168 437 id_point
259 283 478 328 524 marker
260 112 383 168 437 id_point
260 282 478 329 523 marker
261 113 383 167 436 id_point
262 112 384 167 438 id_point
263 112 383 169 438 id_point
264 112 386 167 437 id_point
265 155 388 210 443 id_point
266 154 389 210 442 id_point
266 355 479 399 524 marker
267 167 385 221 438 id_point
267 353 480 399 524 marker
268 165 384 221 437 id_point
268 354 479 399 525 marker
269 165 383 220 436 id_point
269 354 479 399 524 marker
270 355 479 399 525 marker
270 164 383 220 436 id_point
271 164 382 219 434 id_point
271 355 479 398 525 marker
272 163 382 218 434 id_point
272 355 479 399 525 marker
273 163 381 218 434 id_point
273 355 479 399 525 marker
274 163 380 217 432 id_point
274 355 479 399 525 marker
275 162 380 219 434 id_point
275 354 479 399 524 marker
276 163 381 222 434 id_point
276 355 479 398 524 marker
277 164 380 220 435 id_point
278 165 380 222 435 id_point
279 170 381 226 435 id_point
281 227 565 283 620 id_point
281 422 481 466 524 marker
282 423 481 466 524 marker
282 235 560 292 613 id_point
283 234 559 291 611 id_point
283 424 481 466 524 marker
284 422 481 466 525 marker
285 424 481 466 524 marker
285 244 411 290 452 id_point
286 242 406 298 459 id_point
286 422 482 466 524 marker
287 423 482 466 525 marker
288 423 482 466 524 marker
289 238 408 293 462 id_point
289 423 481 466 524 marker
290 238 407 295 462 id_point
290 423 481 466 524 marker
293 298 466 355 520 id_point
294 304 468 360 523 id_point
295 491 484 529 527 marker
296 388 461 442 516 id_point
296 490 483 530 525 marker
297 381 468 438 522 id_point
297 490 483 529 526 marker
298 387 466 442 521 id_point
298 491 483 530 526 marker
299 490 483 529 526 marker
299 385 467 441 522 id_point
300 491 484 530 526 marker
300 390 468 443 524 id_point
301 490 483 529 526 marker
301 394 475 438 517 id_point
302 491 484 529 526 marker
303 491 484 530 526 marker
303 389 468 443 522 id_point
304 387 468 442 522 id_point
304 490 484 528 526 marker
305 388 468 445 524 id_point
306 388 469 444 524 id_point
307 390 471 444 526 id_point
308 426 473 480 528 id_point
309 431 473 484 527 id_point
309 551 487 589 529 marker
310 552 487 589 529 marker
310 475 471 530 526 id_point
311 476 472 531 525 id_point
311 552 487 589 530 marker
312 552 487 589 530 marker
312 477 472 531 526 id_point
313 552 488 589 530 marker
313 476 472 531 526 id_point
314 477 472 531 526 id_point
314 552 487 589 530 marker
315 479 471 534 525 id_point
315 552 487 590 529 marker
316 478 470 532 524 id_point
316 552 488 590 530 marker
317 477 471 531 526 id_point
317 552 487 589 529 marker
318 478 471 532 524 id_point
319 476 469 533 524 id_point
320 478 465 536 522 id_point
321 477 463 532 519 id_point
322 137 548 181 595 marker
323 136 549 181 595 marker
324 137 549 181 595 marker
325 137 549 181 595 marker
326 137 549 181 595 marker
327 137 549 182 595 marker
328 137 549 181 595 marker
329 137 548 180 595 marker
330 4 459 58 515 id_point
331 5 459 59 515 id_point
332 4 459 61 514 id_point
333 82 452 134 511 id_point
334 82 455 139 508 id_point
335 84 453 139 508 id_point
335 210 549 253 595 marker
336 210 549 254 594 marker
336 56 457 112 511 id_point
337 54 456 109 508 id_point
337 209 548 255 594 marker
338 51 454 106 507 id_point
338 210 548 254 594 marker
339 51 454 106 507 id_point
339 210 548 253 594 marker
340 51 453 104 505 id_point
340 210 548 255 595 marker
341 49 453 104 508 id_point
341 210 548 253 595 marker
342 50 452 105 506 id_point
342 210 548 253 595 marker
343 48 453 103 507 id_point
343 209 548 253 594 marker
344 49 453 104 505 id_point
344 209 548 254 594 marker
345 49 452 104 505 id_point
346 50 451 105 504 id_point
347 66 448 120 502 id_point
348 66 448 119 500 id_point
350 98 621 154 674 id_point
350 282 546 327 594 marker
351 93 612 149 667 id_point
351 282 547 328 593 marker
352 96 615 150 671 id_point
352 282 547 327 594 marker
353 96 616 151 670 id_point
353 282 545 327 594 marker
354 95 615 151 670 id_point
354 282 546 327 594 marker
355 123 521 178 576 id_point
355 282 547 328 593 marker
356 124 522 178 575 id_point
356 282 547 328 593 marker
357 121 498 174 554 id_point
357 282 547 327 594 marker
358 115 504 172 559 id_point
358 282 547 328 594 marker
359 118 502 170 556 id_point
359 282 546 328 593 marker
360 115 502 173 557 id_point
362 120 503 176 557 id_point
364 355 547 398 593 marker
365 169 495 238 558 id_point
365 354 548 399 593 marker
366 184 495 240 552 id_point
366 354 547 399 594 marker
367 184 496 239 552 id_point
367 355 547 400 593 marker
368 184 494 239 550 id_point
368 354 547 400 595 marker
369 182 493 237 548 id_point
369 354 546 399 594 marker
370 182 493 236 547 id_point
370 355 547 400 594 marker
371 172 494 227 549 id_point
371 355 546 400 594 marker
372 165 470 219 524 id_point
372 355 546 400 595 marker
373 209 554 262 606 id_point
373 354 547 399 593 marker
374 211 551 266 606 id_point
374 353 547 399 592 marker
375 211 554 266 609 id_point
376 212 555 268 607 id_point
377 213 555 270 607 id_point
378 274 550 330 603 id_point
378 423 547 467 592 marker
379 301 554 355 608 id_point
379 424 548 467 593 marker
380 297 554 352 609 id_point
380 423 548 469 592 marker
381 296 553 351 610 id_point
381 424 547 467 592 marker
382 295 556 351 608 id_point
382 424 547 467 593 marker
383 299 553 354 608 id_point
383 424 549 467 593 marker
384 298 555 352 610 id_point
384 423 549 468 593 marker
385 294 554 350 610 id_point
385 424 549 468 593 marker
386 290 546 345 599 id_point
386 423 547 467 592 marker
387 290 547 345 600 id_point
387 424 547 467 592 marker
388 291 546 347 599 id_point
389 289 547 346 600 id_point
390 290 547 347 601 id_point
391 290 547 347 599 id_point
392 492 551 532 594 marker
392 345 548 399 602 id_point
393 492 550 532 594 marker
393 371 546 426 603 id_point
394 492 550 532 594 marker
394 374 542 429 597 id_point
395 493 550 533 594 marker
395 372 544 427 600 id_point
396 492 550 532 593 marker
396 372 541 427 597 id_point
397 492 550 532 594 marker
397 370 542 424 597 id_point
398 493 549 532 594 marker
398 371 541 426 595 id_point
399 372 543 427 596 id_point
399 492 551 532 594 marker
400 493 550 532 594 marker
400 372 544 428 599 id_point
401 492 550 532 594 marker
401 371 546 426 599 id_point
403 357 508 416 563 id_point
404 360 510 417 568 id_point
406 556 552 591 594 marker
407 554 552 592 595 marker
407 472 495 526 551 id_point
408 470 499 525 556 id_point
408 554 552 593 595 marker
409 555 553 593 595 marker
409 469 524 514 566 id_point
410 554 553 592 595 marker
410 466 510 520 565 id_point
411 555 553 592 596 marker
411 466 511 520 566 id_point
412 556 553 592 595 marker
413 463 515 516 570 id_point
413 556 553 592 595 marker
414 556 553 592 596 marker
414 463 509 517 568 id_point
415 555 553 592 596 marker
415 462 499 518 555 id_point
416 458 501 514 557 id_point
417 458 506 514 560 id_point
420 136 619 181 665 marker
421 136 620 180 666 marker
422 1 844 45 897 id_point
422 136 621 180 666 marker
423 1 847 52 898 id_point
423 135 621 181 666 marker
424 6 847 58 899 id_point
424 136 621 181 667 marker
425 3 849 58 903 id_point
425 136 621 180 666 marker
426 7 845 62 897 id_point
426 136 621 181 666 marker
427 7 845 60 897 id_point
427 136 621 180 666 marker
428 6 843 60 898 id_point
428 136 622 180 668 marker
429 6 843 63 897 id_point
429 136 622 180 667 marker
430 135 623 180 667 marker
430 7 845 62 896 id_point
431 7 844 62 897 id_point
431 135 622 180 667 marker
432 8 844 64 897 id_point
433 6 841 62 894 id_point
434 10 839 63 892 id_point
436 209 621 255 665 marker
436 59 840 115 892 id_point
437 209 620 254 665 marker
437 57 843 114 898 id_point
438 208 621 254 666 marker
438 58 845 114 897 id_point
439 57 849 112 901 id_point
439 206 620 252 665 marker
440 205 621 250 666 marker
440 55 849 110 899 id_point
441 206 621 251 666 marker
442 205 620 251 666 marker
443 205 621 251 667 marker
443 54 660 109 712 id_point
444 205 622 252 667 marker
444 56 659 111 712 id_point
445 58 654 114 709 id_point
445 205 622 251 667 marker
446 57 656 112 708 id_point
446 206 621 251 666 marker
447 61 655 114 708 id_point
448 64 653 119 707 id_point
450 112 651 165 707 id_point
451 111 653 165 708 id_point
451 279 618 325 663 marker
452 141 670 197 724 id_point
452 280 618 326 663 marker
453 142 669 197 723 id_point
453 282 611 327 657 marker
454 137 665 194 718 id_point
454 281 611 326 656 marker
455 135 664 193 718 id_point
455 284 613 328 659 marker
456 141 666 196 720 id_point
456 287 614 332 659 marker
457 157 656 213 710 id_point
457 293 607 338 653 marker
458 164 650 221 703 id_point
458 297 607 341 653 marker
459 289 603 333 646 marker
459 165 649 220 702 id_point
460 276 594 321 639 marker
460 152 643 207 697 id_point
461 144 633 198 686 id_point
461 285 591 329 636 marker
462 153 633 207 689 id_point
462 287 592 331 636 marker
463 153 640 211 691 id_point
464 148 652 204 703 id_point
465 134 658 188 713 id_point
467 220 674 274 728 id_point
467 342 613 387 658 marker
468 345 623 392 667 marker
468 230 628 285 683 id_point
469 221 628 277 682 id_point
469 347 620 392 665 marker
470 227 621 280 674 id_point
470 350 616 395 662 marker
471 348 619 394 666 marker
471 223 620 278 676 id_point
472 347 623 394 666 marker
472 223 624 278 678 id_point
473 222 629 278 683 id_point
473 348 623 394 667 marker
474 347 623 393 667 marker
474 223 631 277 683 id_point
475 223 633 278 688 id_point
475 347 624 394 670 marker
476 224 634 278 689 id_point
476 347 625 393 670 marker
477 225 632 279 686 id_point
477 348 624 394 670 marker
478 224 629 281 683 id_point
479 223 629 280 683 id_point
481 236 632 292 686 id_point
482 416 624 458 669 marker
482 286 638 341 693 id_point
483 289 637 343 692 id_point
483 416 626 459 670 marker
484 415 624 457 668 marker
484 294 617 348 674 id_point
485 416 623 459 667 marker
485 292 618 345 673 id_point
486 415 624 458 668 marker
486 295 619 348 672 id_point
487 295 617 350 674 id_point
487 415 625 458 670 marker
488 294 615 350 671 id_point
488 415 624 457 669 marker
489 415 624 457 668 marker
489 293 615 347 670 id_point
490 415 626 458 670 marker
490 291 618 346 673 id_point
491 416 627 458 670 marker
491 291 619 346 675 id_point
492 290 621 346 673 id_point
493 292 617 346 673 id_point
494 290 620 346 674 id_point
495 351 621 407 674 id_point
496 483 625 523 668 marker
496 351 621 405 676 id_point
497 482 624 523 668 marker
497 374 619 430 674 id_point
498 483 625 522 669 marker
498 374 619 429 675 id_point
499 381 616 434 675 id_point
499 483 625 523 669 marker
500 484 624 523 668 marker
500 384 614 439 668 id_point
501 484 625 524 669 marker
501 384 613 439 669 id_point
502 484 626 524 669 marker
502 384 611 438 668 id_point
503 483 627 523 671 marker
503 383 610 437 666 id_point
504 485 626 525 671 marker
504 392 596 446 653 id_point
505 392 597 447 653 id_point
505 485 626 524 671 marker
506 393 598 446 653 id_point
507 391 601 445 655 id_point
508 452 596 508 650 id_point
509 454 595 509 652 id_point
509 547 625 585 668 marker
510 547 626 586 670 marker
510 489 594 541 647 id_point
511 488 590 545 644 id_point
511 546 626 586 669 marker
512 546 625 586 668 marker
512 485 589 542 642 id_point
513 547 625 584 667 marker
513 486 584 541 640 id_point
514 486 592 542 645 id_point
514 547 625 585 669 marker
515 545 626 583 670 marker
515 489 594 544 646 id_point
516 544 626 582 669 marker
516 494 579 551 635 id_point
517 492 581 549 638 id_point
517 545 625 583 669 marker
518 546 625 584 667 marker
518 492 585 548 642 id_point
519 490 586 546 641 id_point
520 493 582 550 639 id_point
521 492 588 547 641 id_point
522 581 576 635 631 id_point
523 578 579 635 636 id_point
523 124 703 170 747 marker
524 576 581 632 636 id_point
524 125 702 170 748 marker
525 124 704 171 748 marker
525 0 684 37 727 id_point
526 125 704 171 747 marker
527 126 704 171 748 marker
528 125 703 171 746 marker
529 125 703 170 747 marker
530 124 702 170 747 marker
531 124 703 170 747 marker
532 127 703 172 749 marker
536 84 730 140 783 id_point
537 200 702 246 749 marker
538 28 724 81 780 id_point
538 200 702 245 748 marker
539 21 722 76 777 id_point
539 199 703 245 748 marker
540 200 703 246 748 marker
541 14 730 68 784 id_point
541 199 703 245 748 marker
542 13 730 69 784 id_point
542 200 703 245 749 marker
543 13 728 68 782 id_point
543 199 703 245 748 marker
544 13 729 70 782 id_point
544 200 702 245 747 marker
545 17 726 74 779 id_point
545 200 701 245 747 marker
546 19 725 76 779 id_point
546 198 702 244 747 marker
547 20 728 76 782 id_point
548 18 730 73 784 id_point
549 19 728 75 782 id_point
550 99 724 155 777 id_point
551 107 721 162 776 id_point
551 273 701 319 747 marker
552 273 702 318 747 marker
552 102 730 159 784 id_point
553 102 728 157 780 id_point
553 273 702 318 747 marker
554 99 721 156 778 id_point
554 273 702 319 747 marker
555 99 728 157 782 id_point
555 269 703 317 748 marker
556 99 732 154 785 id_point
556 271 704 317 749 marker
557 103 734 156 788 id_point
557 270 703 317 748 marker
558 270 703 317 748 marker
558 102 729 158 781 id_point
559 102 726 157 778 id_point
559 270 702 317 748 marker
560 271 702 317 748 marker
560 106 725 161 778 id_point
561 104 722 160 777 id_point
562 103 727 159 780 id_point
563 102 727 157 778 id_point
564 166 732 221 785 id_point
565 177 728 246 787 id_point
565 345 701 391 746 marker
566 195 729 251 784 id_point
566 345 701 391 746 marker
567 195 729 250 785 id_point
567 346 701 391 746 marker
568 194 727 253 783 id_point
568 346 701 391 747 marker
569 345 703 392 747 marker
569 193 727 250 779 id_point
570 345 703 392 747 marker
570 192 724 247 778 id_point
571 192 728 248 781 id_point
571 346 702 392 746 marker
572 192 729 249 783 id_point
572 346 701 391 747 marker
573 346 701 391 746 marker
573 193 724 249 778 id_point
574 193 723 248 778 id_point
575 193 726 249 778 id_point
576 194 719 252 772 id_point
577 217 723 261 768 id_point
578 281 727 338 781 id_point
578 414 697 457 742 marker
579 286 720 344 776 id_point
579 415 698 458 742 marker
580 242 701 298 758 id_point
580 416 698 458 744 marker
581 240 694 296 753 id_point
581 415 698 458 744 marker
582 241 702 298 757 id_point
582 415 698 458 743 marker
583 240 706 297 759 id_point
583 415 698 458 743 marker
584 415 698 459 743 marker
584 239 705 297 758 id_point
585 416 697 458 743 marker
585 237 702 293 757 id_point
586 415 698 458 743 marker
586 230 687 287 742 id_point
587 231 686 287 738 id_point
587 415 698 459 743 marker
588 231 688 287 740 id_point
589 231 686 287 741 id_point
591 484 696 524 740 marker
591 362 679 421 735 id_point
592 485 696 525 741 marker
592 393 601 449 657 id_point
593 484 695 525 740 marker
594 485 696 525 740 marker
595 485 697 525 741 marker
596 485 697 525 741 marker
596 405 720 449 761 id_point
597 483 695 524 740 marker
598 484 696 524 741 marker
598 411 566 453 619 id_point
599 483 695 524 740 marker
602 425 524 470 568 id_point
604 549 695 584 737 marker
604 504 658 560 713 id_point
605 548 696 585 737 marker
605 502 660 558 716 id_point
606 547 694 583 737 marker
607 546 694 585 736 marker
607 658 410 698 462 id_point
608 546 694 585 736 marker
609 547 694 585 737 marker
610 524 624 579 676 id_point
610 547 694 584 738 marker
611 547 694 585 737 marker
612 547 694 585 737 marker
613 649 390 705 444 id_point
613 546 694 584 737 marker
614 547 693 585 737 marker
615 518 635 572 690 id_point
616 503 668 558 722 id_point
617 510 657 565 711 id_point
618 516 654 570 708 id_point
619 616 494 671 550 id_point
619 128 776 173 821 marker
620 128 776 172 823 marker
621 129 777 173 822 marker
622 129 777 173 821 marker
623 129 777 173 821 marker
624 129 776 173 820 marker
625 129 777 173 822 marker
626 129 777 173 821 marker
627 130 776 173 821 marker
628 129 776 173 821 marker
633 0 825 41 878 id_point
634 0 835 47 890 id_point
634 201 776 245 821 marker
635 0 837 47 892 id_point
635 202 776 245 822 marker
636 0 837 48 895 id_point
636 201 776 246 822 marker
637 0 837 48 893 id_point
637 201 776 245 822 marker
638 0 837 48 888 id_point
638 201 776 245 822 marker
639 1 837 50 889 id_point
639 201 776 245 822 marker
640 2 834 56 888 id_point
640 201 777 246 822 marker
641 7 832 61 886 id_point
641 201 776 245 822 marker
642 10 829 67 881 id_point
642 202 775 245 824 marker
643 10 827 66 880 id_point
644 11 827 67 881 id_point
645 44 814 100 868 id_point
646 273 776 318 821 marker
646 78 829 137 882 id_point
647 273 777 318 821 marker
647 83 832 139 886 id_point
648 273 776 319 821 marker
648 89 832 145 886 id_point
649 273 777 318 821 marker
649 90 829 146 883 id_point
650 90 828 146 881 id_point
650 273 777 318 821 marker
651 273 777 318 821 marker
651 90 827 146 881 id_point
652 273 776 318 821 marker
652 90 827 146 881 id_point
653 273 776 318 821 marker
653 87 830 141 883 id_point
654 274 777 318 821 marker
654 84 822 140 879 id_point
655 86 826 142 880 id_point
655 274 774 318 821 marker
656 89 825 145 877 id_point
658 123 828 180 884 id_point
659 155 835 211 887 id_point
659 346 772 390 817 marker
660 346 773 390 818 marker
661 347 772 390 818 marker
662 346 773 390 818 marker
663 181 836 242 891 id_point
663 347 774 390 818 marker
664 347 773 391 817 marker
665 346 773 390 819 marker
665 180 837 236 890 id_point
666 346 774 390 818 marker
666 179 840 234 893 id_point
667 178 839 235 890 id_point
667 347 774 390 819 marker
668 179 836 234 889 id_point
668 346 774 390 818 marker
672 224 991 279 1046 id_point
673 228 992 283 1046 id_point
673 416 769 458 813 marker
674 234 996 288 1050 id_point
674 415 770 458 813 marker
675 233 996 288 1052 id_point
675 415 770 457 813 marker
676 233 998 287 1052 id_point
676 416 770 458 813 marker
677 232 998 286 1053 id_point
677 417 769 458 813 marker
678 233 999 288 1052 id_point
678 417 770 458 813 marker
679 235 996 292 1054 id_point
679 417 770 458 814 marker
680 236 996 290 1051 id_point
680 417 770 458 813 marker
681 236 995 290 1050 id_point
681 417 770 458 814 marker
682 237 992 292 1047 id_point
682 416 770 458 813 marker
683 238 992 292 1046 id_point
683 416 769 458 813 marker
684 237 992 292 1046 id_point
685 236 992 291 1047 id_point
686 246 994 300 1046 id_point
687 252 992 308 1046 id_point
688 261 992 316 1047 id_point
688 484 765 523 808 marker
689 291 993 347 1050 id_point
689 484 765 523 807 marker
690 292 995 347 1049 id_point
690 484 764 523 806 marker
691 293 994 348 1048 id_point
691 484 766 522 809 marker
692 292 995 347 1052 id_point
692 484 766 522 809 marker
693 291 996 346 1050 id_point
693 484 766 522 808 marker
694 484 766 523 808 marker
694 291 996 347 1050 id_point
695 291 997 347 1051 id_point
695 484 766 523 809 marker
696 294 997 349 1052 id_point
696 484 766 523 810 marker
697 293 996 348 1053 id_point
697 484 765 523 809 marker
698 293 997 348 1051 id_point
698 483 765 523 809 marker
699 484 767 523 809 marker
699 293 995 349 1050 id_point
700 293 995 347 1050 id_point
701 297 995 353 1047 id_point
704 546 762 583 803 marker
704 484 792 529 834 id_point
705 546 762 583 802 marker
705 453 770 498 815 id_point
706 546 761 585 805 marker
706 485 781 546 838 id_point
707 547 762 583 803 marker
707 495 779 548 835 id_point
708 546 762 584 803 marker
708 497 782 549 837 id_point
709 546 761 584 803 marker
709 498 777 550 833 id_point
710 547 762 584 802 marker
711 546 764 583 805 marker
712 547 763 583 804 marker
712 594 1018 650 1076 id_point
713 546 763 583 804 marker
714 546 764 583 803 marker
718 253 820 311 876 id_point
719 256 830 313 885 id_point
720 258 831 311 884 id_point
726 49 295 137 414 id_point
727 49 294 136 419 id_point
728 47 297 139 414 id_point
729 46 292 137 417 id_point
731 48 299 130 424 id_point
732 50 291 134 421 id_point
734 45 295 132 417 id_point
