0 252 559 308 616 id_point
1 253 559 309 617 id_point
2 239 562 295 617 id_point
4 247 562 303 618 id_point
5 247 561 304 619 id_point
6 242 561 298 617 id_point
7 243 566 297 623 id_point
8 242 567 297 624 id_point
9 245 574 301 632 id_point
10 244 576 300 634 id_point
11 245 575 300 634 id_point
12 245 573 301 627 id_point
13 243 568 299 627 id_point
14 244 569 300 628 id_point
15 243 571 299 627 id_point
16 241 576 294 631 id_point
17 241 572 295 626 id_point
18 239 569 292 624 id_point
19 236 571 290 628 id_point
20 236 576 290 634 id_point
21 235 573 290 629 id_point
22 244 578 298 633 id_point
23 242 580 297 635 id_point
24 243 578 297 634 id_point
25 238 578 292 634 id_point
26 232 575 287 630 id_point
27 233 573 288 628 id_point
28 235 571 289 626 id_point
29 243 561 297 615 id_point
30 234 567 290 622 id_point
31 235 568 290 622 id_point
32 232 571 286 626 id_point
33 232 574 287 629 id_point
34 232 568 288 622 id_point
35 233 567 287 624 id_point
35 90 601 131 643 marker
36 237 568 291 622 id_point
36 91 602 132 644 marker
37 238 567 292 623 id_point
37 90 601 132 644 marker
38 17 565 73 622 id_point
38 91 602 130 644 marker
39 16 566 72 621 id_point
39 91 601 130 643 marker
40 20 570 75 625 id_point
40 91 602 129 643 marker
41 21 575 77 631 id_point
41 91 600 131 641 marker
42 21 575 78 633 id_point
42 92 602 130 642 marker
43 22 581 77 636 id_point
43 91 602 130 642 marker
44 21 581 77 636 id_point
44 92 602 130 642 marker
45 20 578 76 632 id_point
45 90 601 131 643 marker
46 22 580 74 632 id_point
47 48 575 102 629 id_point
48 52 577 106 633 id_point
49 55 581 108 636 id_point
50 54 581 109 637 id_point
50 191 601 233 642 marker
51 142 587 199 643 id_point
51 192 601 231 642 marker
52 136 584 193 639 id_point
52 191 601 231 642 marker
53 133 580 191 636 id_point
53 191 601 232 642 marker
54 132 581 189 637 id_point
54 192 600 231 643 marker
55 132 581 189 637 id_point
55 191 600 232 642 marker
56 132 582 189 637 id_point
56 192 601 231 642 marker
57 132 581 187 636 id_point
57 192 600 232 642 marker
58 132 581 189 637 id_point
58 191 601 231 642 marker
59 132 580 188 636 id_point
59 191 601 231 643 marker
60 133 584 187 640 id_point
61 136 584 191 640 id_point
62 148 581 201 636 id_point
63 144 584 199 637 id_point
64 217 573 272 626 id_point
64 295 599 336 643 marker
65 259 577 314 635 id_point
65 298 600 337 641 marker
66 254 575 310 630 id_point
66 300 602 337 640 marker
67 253 570 307 625 id_point
67 297 600 336 641 marker
68 251 569 307 624 id_point
68 296 600 336 641 marker
69 251 566 305 621 id_point
69 296 599 337 642 marker
70 251 565 305 621 id_point
70 295 599 336 642 marker
71 249 565 305 619 id_point
71 294 599 336 641 marker
72 249 563 305 619 id_point
72 294 599 337 642 marker
73 249 569 304 625 id_point
73 296 599 336 640 marker
74 252 568 306 624 id_point
75 266 572 313 619 id_point
77 93 706 132 748 marker
77 0 716 42 768 id_point
78 93 706 131 747 marker
78 12 715 67 767 id_point
79 18 716 74 768 id_point
79 93 706 133 749 marker
80 21 717 76 768 id_point
80 94 707 133 748 marker
81 22 718 77 769 id_point
81 92 707 134 749 marker
82 22 718 77 769 id_point
82 93 707 133 749 marker
83 20 716 75 769 id_point
83 94 707 133 749 marker
84 22 718 77 769 id_point
84 94 708 132 748 marker
85 20 716 76 767 id_point
85 93 707 133 748 marker
86 94 708 133 749 marker
86 24 718 78 769 id_point
87 94 707 133 748 marker
87 27 715 81 767 id_point
88 29 715 82 767 id_point
89 46 713 101 767 id_point
90 47 713 102 767 id_point
91 137 715 194 770 id_point
91 193 706 236 748 marker
92 139 718 196 773 id_point
92 193 707 234 748 marker
93 132 718 189 772 id_point
93 192 706 235 748 marker
94 132 715 187 768 id_point
94 192 705 234 747 marker
95 131 713 187 767 id_point
95 192 706 235 747 marker
96 132 715 187 769 id_point
96 193 706 235 747 marker
97 132 715 187 768 id_point
97 192 707 235 749 marker
98 131 714 187 768 id_point
98 191 706 234 748 marker
99 131 714 186 768 id_point
99 192 707 235 748 marker
100 132 715 189 768 id_point
100 192 707 234 747 marker
101 133 716 187 771 id_point
102 130 717 184 773 id_point
103 156 707 210 762 id_point
104 218 716 274 770 id_point
105 223 715 277 769 id_point
105 298 702 341 745 marker
106 256 710 313 769 id_point
106 300 701 341 746 marker
107 258 717 313 773 id_point
107 301 701 340 746 marker
108 257 716 312 773 id_point
108 300 701 340 746 marker
109 256 711 311 769 id_point
109 300 700 341 746 marker
110 252 712 310 769 id_point
110 300 701 339 744 marker
111 255 712 309 765 id_point
111 301 701 340 744 marker
112 252 707 309 765 id_point
112 302 701 339 744 marker
113 299 702 339 745 marker
113 252 707 308 761 id_point
114 254 708 309 764 id_point
114 301 701 339 745 marker
115 254 708 310 763 id_point
115 301 702 340 745 marker
116 251 710 307 766 id_point
117 257 707 313 764 id_point
118 257 714 312 769 id_point
119 0 824 50 878 id_point
120 0 831 43 886 id_point
120 99 807 138 846 marker
121 21 848 76 900 id_point
121 99 807 139 847 marker
122 26 852 81 904 id_point
122 99 806 139 847 marker
123 196 325 247 381 id_point
123 101 805 138 846 marker
124 196 326 248 382 id_point
124 100 805 138 845 marker
125 268 377 321 432 id_point
125 100 806 138 845 marker
126 267 377 322 435 id_point
126 100 806 139 845 marker
127 263 375 321 435 id_point
127 100 806 139 845 marker
128 197 325 249 381 id_point
128 101 805 138 845 marker
129 205 333 256 390 id_point
129 99 805 138 845 marker
130 203 332 257 391 id_point
130 100 806 138 845 marker
131 201 331 254 387 id_point
132 204 332 257 389 id_point
133 157 1216 210 1271 id_point
134 272 373 328 427 id_point
135 316 392 372 447 id_point
136 319 393 375 447 id_point
136 199 804 239 845 marker
137 333 396 390 454 id_point
137 200 804 239 846 marker
138 199 804 238 846 marker
138 328 394 383 450 id_point
139 329 394 381 451 id_point
139 200 803 240 845 marker
140 199 804 239 845 marker
140 307 368 360 426 id_point
141 199 804 240 845 marker
142 199 804 239 846 marker
142 305 366 359 425 id_point
143 199 804 240 846 marker
144 199 804 240 846 marker
144 304 367 357 426 id_point
145 199 804 239 846 marker
145 305 368 359 427 id_point
146 311 368 365 426 id_point
146 199 803 238 845 marker
148 265 1092 308 1134 id_point
149 380 387 432 444 id_point
150 428 406 464 453 id_point
151 301 802 342 844 marker
151 422 400 468 450 id_point
152 437 398 493 455 id_point
152 301 801 342 843 marker
153 436 399 490 456 id_point
153 301 801 342 843 marker
154 436 399 491 454 id_point
154 301 801 342 843 marker
155 438 396 492 453 id_point
155 301 801 342 843 marker
156 439 397 493 453 id_point
156 301 801 342 843 marker
157 442 397 497 453 id_point
157 301 801 342 843 marker
158 301 801 342 844 marker
158 437 402 489 448 id_point
159 298 803 341 844 marker
159 447 404 488 448 id_point
160 448 402 487 443 id_point
161 298 939 354 1000 id_point
162 298 940 354 1000 id_point
163 295 946 351 1005 id_point
164 102 945 157 1000 id_point
165 99 945 155 999 id_point
165 61 938 101 989 id_point
172 577 232 634 290 id_point
173 574 240 631 295 id_point
174 571 240 628 296 id_point
175 134 1064 177 1099 marker
176 464 270 527 325 id_point
177 402 317 459 375 id_point
181 260 524 317 577 id_point
182 260 524 317 578 id_point
183 263 527 317 579 id_point
184 265 524 320 577 id_point
185 247 555 300 610 id_point
185 134 1060 177 1098 marker
189 132 1061 176 1101 marker
193 290 542 346 595 id_point
195 258 497 314 549 id_point
197 258 496 313 548 id_point
199 0 599 43 645 id_point
201 125 247 165 291 id_point
203 86 204 130 252 id_point
211 132 1059 178 1097 marker
217 0 583 30 632 id_point
219 206 603 262 657 id_point
224 202 586 247 632 id_point
226 237 580 291 634 id_point
227 234 573 289 628 id_point
228 135 1092 183 1124 marker
230 134 1073 177 1108 marker
231 14 668 70 722 id_point
235 0 567 40 616 id_point
235 136 1062 177 1098 marker
236 0 642 42 696 id_point
237 0 640 41 695 id_point
238 0 614 35 669 id_point
239 95 597 150 651 id_point
239 134 1059 180 1096 marker
240 1 652 32 702 id_point
242 189 604 243 658 id_point
242 134 1060 180 1097 marker
243 2 719 57 771 id_point
244 0 763 34 816 id_point
