0 279 568 335 623 id_point
1 285 572 338 629 id_point
2 287 576 343 635 id_point
3 283 572 338 631 id_point
4 280 550 337 607 id_point
5 283 550 338 606 id_point
6 285 567 339 626 id_point
7 288 582 346 636 id_point
8 294 583 340 630 id_point
10 0 740 33 794 id_point
11 0 760 33 811 id_point
12 0 759 37 812 id_point
13 221 594 274 647 id_point
15 271 592 323 647 id_point
15 136 1061 184 1097 marker
16 283 582 338 640 id_point
17 265 585 320 642 id_point
18 270 575 327 634 id_point
21 261 597 317 654 id_point
22 254 597 310 653 id_point
23 215 594 259 637 id_point
25 240 557 296 614 id_point
26 264 580 321 637 id_point
27 258 580 313 636 id_point
29 261 573 317 629 id_point
30 264 575 320 632 id_point
31 255 573 312 630 id_point
32 250 576 305 632 id_point
33 252 569 307 625 id_point
34 248 576 303 631 id_point
35 247 573 303 628 id_point
36 248 576 302 631 id_point
37 246 577 304 634 id_point
38 252 572 307 628 id_point
39 252 580 308 637 id_point
40 253 582 308 639 id_point
41 251 580 307 637 id_point
42 250 578 307 635 id_point
43 250 582 305 636 id_point
44 250 582 305 638 id_point
45 250 582 306 639 id_point
46 251 578 309 633 id_point
47 250 575 306 632 id_point
48 251 575 307 631 id_point
49 251 575 307 632 id_point
51 80 573 134 628 id_point
52 73 573 131 647 id_point
53 59 580 115 639 id_point
54 58 579 114 638 id_point
55 58 581 114 640 id_point
56 57 579 113 637 id_point
57 57 581 115 640 id_point
58 62 581 116 639 id_point
59 59 581 114 642 id_point
60 59 581 114 641 id_point
61 59 581 114 640 id_point
62 61 582 115 638 id_point
63 90 593 144 648 id_point
64 94 592 149 648 id_point
65 113 587 164 643 id_point
66 145 587 199 643 id_point
67 143 590 197 645 id_point
68 144 594 196 647 id_point
69 143 593 196 646 id_point
70 143 589 197 645 id_point
71 143 589 197 645 id_point
72 144 588 198 645 id_point
73 144 594 197 647 id_point
74 144 598 195 652 id_point
75 143 594 199 649 id_point
76 147 589 202 645 id_point
77 159 588 214 645 id_point
78 167 593 221 648 id_point
79 209 588 262 644 id_point
80 204 592 259 647 id_point
81 202 585 258 646 id_point
82 201 585 257 641 id_point
83 201 583 255 640 id_point
84 195 584 253 643 id_point
85 200 589 255 646 id_point
86 201 590 256 646 id_point
87 202 591 256 647 id_point
88 204 595 257 648 id_point
89 200 593 255 648 id_point
90 225 586 280 639 id_point
91 228 586 282 642 id_point
92 244 587 300 643 id_point
92 292 603 325 644 marker
93 267 590 322 646 id_point
94 266 590 322 645 id_point
95 267 583 322 643 id_point
96 267 585 323 644 id_point
97 265 585 322 643 id_point
98 263 584 322 642 id_point
99 264 586 321 643 id_point
100 269 581 324 641 id_point
101 264 587 323 643 id_point
102 263 587 319 643 id_point
103 85 672 139 727 id_point
104 85 673 138 728 id_point
105 84 672 137 728 id_point
106 87 668 142 727 id_point
107 91 661 148 717 id_point
108 90 665 146 719 id_point
109 89 663 145 718 id_point
110 90 662 145 718 id_point
111 89 663 145 718 id_point
112 90 666 145 719 id_point
113 92 664 147 719 id_point
114 90 667 146 720 id_point
115 92 664 145 720 id_point
116 136 665 189 720 id_point
117 141 665 198 720 id_point
118 151 669 205 724 id_point
119 150 669 202 723 id_point
120 150 664 203 721 id_point
121 148 666 199 718 id_point
122 147 667 197 718 id_point
123 146 665 199 718 id_point
124 148 667 200 720 id_point
125 150 668 199 718 id_point
126 148 665 200 719 id_point
127 147 666 199 719 id_point
128 151 664 205 720 id_point
129 162 663 217 719 id_point
130 170 667 225 723 id_point
131 183 667 239 722 id_point
131 222 673 259 715 marker
132 197 665 256 721 id_point
133 202 661 258 716 id_point
134 199 660 256 717 id_point
135 199 659 256 716 id_point
136 202 662 259 715 id_point
137 201 663 258 718 id_point
138 198 661 258 715 id_point
139 199 660 256 715 id_point
140 196 657 255 712 id_point
140 206 665 255 716 marker
141 192 656 246 715 id_point
142 224 654 278 709 id_point
143 221 650 267 693 id_point
144 256 661 312 718 id_point
145 258 664 317 719 id_point
146 262 659 320 716 id_point
147 262 659 322 714 id_point
148 260 656 317 713 id_point
149 263 654 320 713 id_point
150 263 657 321 714 id_point
151 261 660 321 715 id_point
152 259 661 321 716 id_point
153 260 662 322 718 id_point
154 261 661 319 717 id_point
155 259 665 319 720 id_point
156 257 662 313 719 id_point
157 252 662 311 717 id_point
158 82 726 136 779 id_point
159 94 751 148 807 id_point
160 84 737 138 789 id_point
161 82 735 135 787 id_point
162 82 737 135 790 id_point
163 86 732 136 785 id_point
164 82 736 135 788 id_point
165 85 733 138 786 id_point
166 83 735 135 787 id_point
167 82 733 134 786 id_point
168 82 734 135 788 id_point
169 82 730 136 784 id_point
170 85 732 139 785 id_point
171 103 728 157 781 id_point
172 123 738 177 793 id_point
173 123 734 185 789 id_point
174 141 736 194 789 id_point
175 142 736 196 789 id_point
176 142 739 196 792 id_point
177 144 737 197 789 id_point
178 142 737 195 791 id_point
179 143 740 197 794 id_point
180 142 740 197 793 id_point
181 142 740 196 793 id_point
182 146 733 198 788 id_point
183 143 732 195 787 id_point
184 167 733 222 789 id_point
185 207 742 261 798 id_point
186 210 741 265 797 id_point
187 208 740 263 797 id_point
188 206 740 261 793 id_point
189 204 740 261 795 id_point
190 205 738 262 793 id_point
191 204 737 259 791 id_point
192 203 738 261 794 id_point
193 204 738 260 793 id_point
194 203 738 261 792 id_point
195 205 737 261 791 id_point
196 203 736 258 792 id_point
197 208 735 263 790 id_point
198 210 734 265 787 id_point
199 252 732 306 790 id_point
200 260 734 321 794 id_point
201 268 734 327 793 id_point
202 268 735 327 795 id_point
203 267 737 326 795 id_point
204 268 737 326 794 id_point
205 266 736 327 794 id_point
206 269 737 327 795 id_point
207 266 736 324 797 id_point
208 263 738 323 797 id_point
209 264 738 319 796 id_point
210 265 738 319 796 id_point
211 265 739 319 797 id_point
212 265 735 320 794 id_point
213 112 811 166 867 id_point
214 95 808 148 859 id_point
215 89 806 142 861 id_point
216 88 806 140 859 id_point
217 87 806 140 860 id_point
218 87 807 141 863 id_point
219 88 808 141 859 id_point
220 89 807 142 862 id_point
221 90 809 144 864 id_point
222 88 809 140 865 id_point
223 88 809 141 863 id_point
224 91 808 143 862 id_point
225 125 803 177 860 id_point
226 173 812 227 869 id_point
227 169 807 229 861 id_point
228 154 811 208 868 id_point
229 155 810 208 868 id_point
230 152 810 206 867 id_point
231 152 811 204 869 id_point
232 150 810 204 867 id_point
233 148 810 202 867 id_point
234 150 808 203 867 id_point
235 149 809 202 866 id_point
236 146 810 201 868 id_point
237 144 811 197 865 id_point
238 157 814 211 869 id_point
239 167 809 219 864 id_point
240 200 813 257 871 id_point
241 205 812 260 871 id_point
242 213 809 267 868 id_point
243 210 810 265 868 id_point
244 209 810 264 868 id_point
245 208 808 265 870 id_point
246 203 809 262 869 id_point
247 205 810 261 869 id_point
248 205 810 262 868 id_point
249 209 808 267 868 id_point
250 211 810 267 867 id_point
251 210 811 266 869 id_point
252 226 810 282 867 id_point
253 265 810 319 869 id_point
254 267 807 325 868 id_point
255 272 807 330 868 id_point
256 272 807 331 869 id_point
257 271 808 330 870 id_point
258 271 808 331 870 id_point
259 273 808 331 869 id_point
260 272 808 331 869 id_point
261 272 808 331 868 id_point
262 273 808 331 869 id_point
263 272 810 328 870 id_point
264 274 810 329 867 id_point
265 175 772 231 828 id_point
266 176 773 230 829 id_point
267 182 776 239 833 id_point
268 186 775 241 830 id_point
269 62 696 118 757 id_point
270 19 634 72 694 id_point
271 8 637 61 694 id_point
272 181 648 226 694 id_point
