0 321 566 376 622 id_point
1 322 564 378 621 id_point
2 322 564 377 620 id_point
3 261 610 317 666 id_point
4 230 616 286 672 id_point
5 230 593 287 649 id_point
6 226 588 287 646 id_point
7 233 590 280 638 id_point
8 225 590 285 647 id_point
10 234 593 282 639 id_point
11 227 587 284 644 id_point
12 229 591 285 647 id_point
13 226 593 283 649 id_point
14 229 595 285 650 id_point
15 230 593 287 648 id_point
16 232 593 288 648 id_point
17 233 592 291 646 id_point
18 235 594 291 649 id_point
19 235 596 292 652 id_point
20 234 597 290 654 id_point
21 232 599 290 655 id_point
22 230 599 287 655 id_point
23 231 598 288 654 id_point
23 240 422 282 461 marker
24 230 597 287 654 id_point
24 241 422 281 460 marker
25 240 420 280 458 marker
26 247 376 302 431 id_point
26 239 424 282 460 marker
27 247 373 301 428 id_point
27 238 423 281 459 marker
28 241 418 281 460 marker
28 202 361 263 418 id_point
29 205 358 259 409 id_point
29 240 420 282 460 marker
30 205 356 261 409 id_point
30 241 420 281 460 marker
31 205 357 262 410 id_point
31 241 420 282 460 marker
32 205 357 262 410 id_point
32 215 413 237 446 marker
33 204 358 262 412 id_point
34 205 358 262 412 id_point
35 206 359 263 412 id_point
35 214 413 237 449 marker
36 306 421 347 460 marker
36 268 358 321 412 id_point
37 305 420 347 459 marker
37 264 356 320 410 id_point
38 306 420 348 460 marker
38 265 355 320 409 id_point
39 305 419 347 459 marker
39 264 352 320 406 id_point
40 305 420 346 460 marker
40 262 354 320 409 id_point
41 305 420 346 460 marker
41 267 353 321 406 id_point
42 303 420 346 459 marker
42 269 352 323 407 id_point
43 305 420 347 460 marker
43 269 354 323 408 id_point
44 305 420 348 460 marker
44 270 354 324 408 id_point
45 269 354 323 409 id_point
46 268 355 321 411 id_point
47 268 358 323 409 id_point
49 370 421 410 458 marker
49 324 352 378 408 id_point
50 371 422 409 459 marker
50 327 353 381 408 id_point
51 370 422 409 458 marker
51 327 355 380 410 id_point
52 370 422 409 459 marker
52 326 354 379 409 id_point
53 371 422 409 459 marker
53 326 354 378 408 id_point
54 369 420 409 457 marker
54 325 351 379 407 id_point
55 370 423 409 459 marker
55 325 355 379 410 id_point
56 370 423 409 459 marker
56 326 352 380 408 id_point
57 370 422 409 459 marker
57 326 352 380 407 id_point
58 326 351 379 406 id_point
58 370 422 410 460 marker
59 325 351 379 406 id_point
60 326 353 379 408 id_point
61 327 354 380 408 id_point
62 433 424 470 461 marker
62 379 353 433 409 id_point
63 434 423 471 462 marker
63 382 354 435 409 id_point
64 432 424 469 460 marker
64 382 354 435 409 id_point
65 432 425 469 460 marker
65 382 355 435 410 id_point
66 433 424 469 460 marker
66 382 353 435 408 id_point
67 433 422 469 460 marker
67 380 353 434 408 id_point
68 381 353 433 408 id_point
68 433 422 470 460 marker
69 432 423 468 460 marker
69 380 354 434 408 id_point
70 432 424 469 460 marker
70 379 359 432 415 id_point
71 379 357 432 412 id_point
72 379 357 433 413 id_point
73 381 359 433 414 id_point
74 240 482 281 521 marker
74 381 358 433 413 id_point
75 238 480 280 523 marker
75 203 436 262 494 id_point
76 241 482 280 522 marker
76 202 435 256 484 id_point
77 242 483 280 523 marker
77 197 430 253 480 id_point
78 242 482 280 523 marker
78 195 430 252 479 id_point
79 242 482 280 523 marker
79 195 428 252 479 id_point
80 242 482 280 523 marker
80 195 430 251 481 id_point
81 241 482 280 523 marker
81 195 429 251 479 id_point
82 243 483 282 523 marker
82 198 431 254 483 id_point
83 200 434 254 486 id_point
83 242 484 283 524 marker
84 199 433 255 487 id_point
85 201 433 257 486 id_point
86 201 434 255 488 id_point
87 271 426 335 479 id_point
88 306 482 349 522 marker
88 275 431 331 484 id_point
89 307 484 350 523 marker
89 264 432 318 486 id_point
90 307 485 349 522 marker
90 264 432 318 487 id_point
91 308 485 349 524 marker
91 263 433 317 487 id_point
92 307 483 350 521 marker
92 262 432 315 486 id_point
93 307 484 350 523 marker
93 262 428 317 484 id_point
94 308 484 350 524 marker
94 263 430 318 487 id_point
95 307 485 350 523 marker
95 268 435 322 489 id_point
96 307 486 349 524 marker
96 269 435 322 491 id_point
97 307 484 349 523 marker
97 269 433 323 488 id_point
98 268 433 321 490 id_point
99 268 437 323 489 id_point
100 332 422 388 478 id_point
101 374 485 413 522 marker
101 337 424 391 478 id_point
102 334 430 388 484 id_point
102 373 485 412 523 marker
103 331 430 385 485 id_point
103 374 486 412 523 marker
104 331 427 386 482 id_point
104 373 485 412 523 marker
105 331 425 385 478 id_point
105 373 484 412 522 marker
106 329 426 383 479 id_point
106 373 485 412 522 marker
107 375 485 412 524 marker
107 329 428 384 482 id_point
108 329 429 384 483 id_point
108 374 485 412 523 marker
109 328 426 383 482 id_point
109 373 485 412 522 marker
110 374 485 412 523 marker
110 330 430 384 484 id_point
111 331 431 385 485 id_point
112 330 428 384 482 id_point
113 331 433 385 488 id_point
114 437 491 475 529 marker
114 336 434 403 493 id_point
115 438 489 475 527 marker
115 386 437 439 493 id_point
116 438 489 474 526 marker
116 396 434 449 489 id_point
117 438 488 475 526 marker
117 396 434 448 490 id_point
118 439 487 475 526 marker
118 396 434 447 491 id_point
119 438 488 475 526 marker
119 395 433 447 491 id_point
120 438 488 475 525 marker
120 395 432 448 491 id_point
121 438 488 475 526 marker
121 394 433 446 490 id_point
122 438 488 475 525 marker
122 394 433 446 490 id_point
123 437 489 474 525 marker
123 393 432 446 489 id_point
124 393 433 446 490 id_point
125 393 435 446 493 id_point
126 390 435 444 493 id_point
127 207 524 267 574 id_point
128 246 550 284 592 marker
128 206 523 262 577 id_point
129 244 550 282 591 marker
129 199 513 254 565 id_point
130 243 549 282 592 marker
130 199 512 254 562 id_point
131 244 549 282 592 marker
131 199 511 254 563 id_point
132 244 549 282 592 marker
132 200 510 255 562 id_point
133 243 551 282 593 marker
133 200 511 256 562 id_point
134 202 510 255 563 id_point
134 244 551 283 592 marker
135 244 551 282 592 marker
135 202 513 254 564 id_point
135 205 586 232 618 marker
136 245 551 282 591 marker
136 202 511 254 564 id_point
136 206 585 232 617 marker
137 202 512 258 565 id_point
138 203 513 263 566 id_point
139 213 512 271 567 id_point
140 283 507 339 564 id_point
141 280 508 334 564 id_point
141 305 547 351 592 marker
142 309 548 351 591 marker
142 267 508 321 562 id_point
143 309 549 350 592 marker
143 266 509 320 562 id_point
144 310 548 351 592 marker
144 266 507 320 562 id_point
145 310 549 351 592 marker
145 267 508 320 560 id_point
146 310 548 351 592 marker
146 268 507 321 561 id_point
147 311 548 351 592 marker
147 269 508 322 561 id_point
148 310 549 351 593 marker
148 269 508 322 562 id_point
149 311 549 351 593 marker
149 269 510 323 564 id_point
150 269 507 323 565 id_point
151 273 509 328 565 id_point
152 275 506 331 562 id_point
153 375 548 416 589 marker
153 306 507 361 557 id_point
154 328 507 385 563 id_point
154 376 547 416 590 marker
155 331 509 386 564 id_point
155 376 547 416 589 marker
156 332 506 387 561 id_point
156 376 547 416 589 marker
157 376 548 416 589 marker
157 333 503 387 559 id_point
158 333 506 386 560 id_point
158 376 548 416 589 marker
159 331 505 387 564 id_point
159 376 548 417 589 marker
160 332 505 388 561 id_point
160 376 548 416 590 marker
161 332 506 387 563 id_point
161 376 548 417 589 marker
162 333 507 387 560 id_point
162 377 549 417 590 marker
163 331 508 385 563 id_point
164 343 505 401 562 id_point
165 347 505 403 561 id_point
166 442 549 480 592 marker
166 415 512 468 572 id_point
167 411 511 467 569 id_point
167 440 547 477 590 marker
168 403 507 459 565 id_point
168 441 549 478 591 marker
169 405 507 462 564 id_point
169 441 548 479 591 marker
170 406 508 462 566 id_point
170 442 548 479 591 marker
171 444 550 479 590 marker
171 408 512 463 569 id_point
172 405 510 462 568 id_point
172 442 549 479 590 marker
173 406 508 462 565 id_point
173 442 549 479 591 marker
174 442 550 478 590 marker
174 406 509 461 565 id_point
175 425 494 479 550 id_point
175 440 549 480 591 marker
176 425 496 480 551 id_point
177 426 495 481 551 id_point
178 388 500 435 545 id_point
179 157 633 213 687 id_point
180 157 638 214 692 id_point
180 242 617 286 662 marker
181 150 611 205 665 id_point
181 242 617 286 661 marker
182 148 608 206 663 id_point
182 242 618 286 661 marker
183 148 609 203 664 id_point
183 241 620 285 663 marker
184 150 611 205 665 id_point
184 242 618 285 663 marker
185 151 612 205 666 id_point
185 243 618 285 663 marker
186 146 611 203 666 id_point
186 241 618 285 662 marker
187 146 609 200 665 id_point
187 241 618 285 662 marker
188 149 608 204 663 id_point
188 241 618 286 663 marker
189 152 606 206 661 id_point
190 150 608 207 661 id_point
191 153 608 208 662 id_point
192 207 613 263 667 id_point
193 309 614 354 660 marker
194 270 605 327 660 id_point
194 313 617 348 663 marker
195 310 616 352 661 marker
196 267 575 322 633 id_point
196 313 616 354 661 marker
197 309 615 352 661 marker
197 282 612 327 660 marker
198 310 618 350 660 marker
198 270 603 325 658 id_point
199 269 602 325 657 id_point
199 311 615 352 661 marker
200 313 616 350 662 marker
200 271 603 327 659 id_point
201 309 619 349 662 marker
201 272 605 329 660 id_point
202 269 602 324 658 id_point
203 267 605 322 656 id_point
205 291 606 346 663 id_point
207 365 675 420 731 id_point
207 378 615 418 658 marker
208 395 685 450 742 id_point
208 377 612 418 657 marker
209 389 678 445 734 id_point
209 377 613 419 657 marker
210 374 628 427 716 id_point
210 381 618 419 667 id_point
211 374 617 418 660 marker
212 349 619 408 673 id_point
212 377 617 416 661 marker
213 377 615 420 659 marker
214 347 611 403 670 id_point
214 380 616 417 659 marker
215 345 615 407 669 id_point
215 381 616 417 660 marker
216 376 617 415 660 marker
216 344 616 406 667 id_point
217 346 612 401 667 id_point
218 343 609 398 664 id_point
219 343 604 398 660 id_point
220 350 609 412 664 id_point
221 434 611 485 662 id_point
222 441 611 493 659 id_point
223 443 605 492 655 id_point
224 440 604 491 654 id_point
225 443 606 491 656 id_point
226 442 607 490 655 id_point
227 441 603 495 655 id_point
228 442 610 491 657 id_point
230 439 602 494 656 id_point
231 437 602 493 657 id_point
232 435 599 492 654 id_point
233 432 593 488 650 id_point
234 429 590 482 647 id_point
235 327 283 357 319 marker
235 412 560 471 619 id_point
236 327 286 357 318 marker
237 331 524 386 577 id_point
237 326 285 358 318 marker
237 397 541 443 592 marker
238 327 285 357 318 marker
238 395 538 444 591 marker
239 304 492 360 545 id_point
239 398 536 445 589 marker
239 328 283 359 316 marker
240 171 568 226 623 id_point
240 327 283 359 317 marker
241 116 677 168 733 id_point
241 328 285 359 318 marker
241 397 538 446 591 marker
242 161 566 216 624 id_point
242 327 281 358 316 marker
243 161 565 216 623 id_point
243 324 282 356 315 marker
243 392 534 443 589 marker
