0 246 606 300 663 id_point
1 244 605 300 661 id_point
2 246 603 302 661 id_point
3 246 599 303 657 id_point
4 248 603 303 658 id_point
5 248 600 305 655 id_point
6 250 606 306 663 id_point
7 248 605 305 661 id_point
8 247 604 304 661 id_point
9 247 600 302 654 id_point
10 250 603 306 658 id_point
11 249 605 304 661 id_point
12 248 605 305 661 id_point
13 247 604 305 659 id_point
14 247 603 303 657 id_point
15 246 606 300 662 id_point
16 246 605 301 659 id_point
17 246 604 300 659 id_point
18 245 604 301 661 id_point
19 247 605 301 659 id_point
20 246 604 302 661 id_point
21 246 607 302 663 id_point
22 246 608 301 662 id_point
23 247 607 303 663 id_point
24 247 608 303 663 id_point
25 247 607 303 662 id_point
26 247 608 303 664 id_point
27 247 607 303 662 id_point
28 247 610 303 666 id_point
28 77 423 115 462 marker
29 76 386 128 438 id_point
29 73 425 118 468 marker
30 69 366 121 418 id_point
30 74 420 115 464 marker
31 63 360 115 413 id_point
31 76 423 115 462 marker
32 60 359 113 413 id_point
32 75 423 115 462 marker
33 59 361 112 414 id_point
33 74 423 114 462 marker
34 76 424 114 463 marker
34 61 361 113 414 id_point
35 60 361 112 414 id_point
35 75 423 115 462 marker
36 60 365 113 415 id_point
36 73 423 114 462 marker
37 58 364 112 417 id_point
37 74 424 114 463 marker
38 59 365 113 418 id_point
39 61 366 113 420 id_point
40 63 368 114 420 id_point
41 66 368 117 421 id_point
42 111 358 164 413 id_point
42 272 417 313 456 marker
43 271 417 313 456 marker
43 212 357 256 402 id_point
44 241 356 304 418 id_point
44 268 412 312 457 marker
45 272 416 312 458 marker
45 254 354 307 413 id_point
46 271 416 312 457 marker
46 252 354 304 412 id_point
47 271 416 312 457 marker
47 251 352 305 408 id_point
48 271 416 312 457 marker
48 250 352 304 408 id_point
49 272 416 312 457 marker
49 250 350 304 406 id_point
50 272 416 312 457 marker
50 249 349 303 405 id_point
51 273 417 312 457 marker
51 249 349 302 405 id_point
52 272 417 312 458 marker
52 248 348 302 405 id_point
53 248 347 303 405 id_point
54 249 349 303 407 id_point
55 247 351 302 407 id_point
56 46 531 99 588 id_point
57 72 623 106 663 marker
57 37 606 92 655 id_point
58 71 621 105 662 marker
58 34 603 91 656 id_point
59 71 622 106 663 marker
59 35 602 91 654 id_point
60 71 622 107 663 marker
60 34 602 89 653 id_point
61 70 621 106 663 marker
61 35 602 90 654 id_point
62 72 621 107 664 marker
62 36 603 91 655 id_point
63 72 620 106 662 marker
63 36 602 92 654 id_point
64 68 614 107 656 marker
64 40 602 96 655 id_point
65 64 610 101 651 marker
65 40 596 95 646 id_point
66 70 611 106 653 marker
66 42 594 96 644 id_point
67 38 597 92 649 id_point
68 39 598 93 651 id_point
69 40 597 95 651 id_point
70 44 598 95 652 id_point
71 223 597 276 650 id_point
72 272 611 309 653 marker
72 234 598 288 648 id_point
73 271 610 311 652 marker
73 237 596 292 652 id_point
74 270 612 309 653 marker
74 240 599 296 652 id_point
75 264 611 308 654 marker
75 243 602 299 653 id_point
76 270 612 309 653 marker
76 235 596 294 651 id_point
77 237 597 293 650 id_point
77 273 610 309 653 marker
78 237 597 296 650 id_point
78 270 613 307 654 marker
79 238 596 295 653 id_point
79 270 611 308 652 marker
80 240 600 296 654 id_point
80 269 613 308 653 marker
81 272 612 308 653 marker
81 238 596 295 653 id_point
82 235 598 291 652 id_point
83 233 595 289 650 id_point
84 260 585 312 640 id_point
85 258 583 311 639 id_point
86 259 586 315 642 id_point
86 89 355 117 383 marker
86 122 559 162 603 marker
86 177 436 234 495 id_point
87 123 557 164 602 marker
88 135 466 189 521 id_point
88 88 355 115 383 marker
88 122 557 164 604 marker
88 186 437 240 495 id_point
