0 239 568 290 613 id_point
1 234 559 289 614 id_point
2 234 565 289 621 id_point
3 233 561 289 619 id_point
4 234 561 290 616 id_point
5 234 561 291 616 id_point
6 234 561 290 618 id_point
7 235 561 292 618 id_point
8 236 562 291 615 id_point
9 235 561 291 616 id_point
16 270 618 316 663 id_point
17 283 573 339 628 id_point
20 47 0 98 50 id_point
22 269 578 326 630 id_point
23 256 562 313 616 id_point
24 245 559 303 610 id_point
25 242 559 299 610 id_point
26 241 558 296 612 id_point
27 240 558 296 612 id_point
28 237 562 294 617 id_point
29 235 569 293 621 id_point
30 235 570 290 622 id_point
31 235 565 291 623 id_point
32 235 564 291 619 id_point
33 234 564 289 619 id_point
34 237 564 293 619 id_point
34 130 347 172 388 marker
35 237 564 294 619 id_point
35 128 346 172 388 marker
36 129 348 173 388 marker
36 53 314 107 367 id_point
37 37 316 90 368 id_point
37 129 348 172 389 marker
38 37 312 92 366 id_point
38 129 349 172 389 marker
39 130 348 172 389 marker
39 38 315 91 368 id_point
40 130 349 172 389 marker
40 38 318 92 371 id_point
41 129 349 172 389 marker
41 36 319 89 374 id_point
42 130 349 172 388 marker
42 35 320 89 373 id_point
43 130 348 172 388 marker
43 36 319 91 373 id_point
44 37 323 91 374 id_point
45 206 322 261 374 id_point
46 211 326 266 379 id_point
47 342 345 384 385 marker
47 212 327 267 381 id_point
48 251 315 303 367 id_point
48 343 346 385 386 marker
49 341 347 385 388 marker
49 250 309 304 360 id_point
50 341 347 385 387 marker
50 250 307 302 360 id_point
51 342 346 385 386 marker
52 341 347 386 387 marker
52 249 302 302 356 id_point
53 341 347 386 388 marker
53 251 298 304 353 id_point
54 342 347 386 388 marker
54 249 300 303 353 id_point
55 247 298 304 353 id_point
56 249 298 303 352 id_point
57 263 301 318 356 id_point
58 270 299 325 356 id_point
59 272 301 326 357 id_point
59 538 359 574 399 marker
60 463 305 515 360 id_point
60 538 359 575 398 marker
61 464 305 518 361 id_point
61 538 359 575 398 marker
62 465 305 516 360 id_point
62 537 360 574 398 marker
63 464 303 516 358 id_point
63 538 359 574 398 marker
64 461 303 514 358 id_point
64 537 359 574 398 marker
65 458 303 512 357 id_point
65 537 359 573 398 marker
66 460 303 514 357 id_point
66 537 359 573 398 marker
67 460 303 513 358 id_point
67 537 359 574 398 marker
68 538 359 574 398 marker
68 461 305 515 361 id_point
69 459 307 514 360 id_point
70 460 308 515 362 id_point
71 463 306 516 360 id_point
73 18 585 76 640 id_point
73 125 557 171 603 marker
74 14 568 68 624 id_point
74 125 557 171 603 marker
75 11 569 65 626 id_point
75 124 556 170 602 marker
76 11 572 65 628 id_point
76 126 557 172 603 marker
77 9 574 63 629 id_point
77 124 556 171 602 marker
78 11 576 65 631 id_point
78 124 556 170 602 marker
79 11 574 64 628 id_point
79 125 556 171 602 marker
80 12 575 64 630 id_point
80 125 556 171 603 marker
81 14 576 68 629 id_point
81 124 555 170 603 marker
82 17 577 71 634 id_point
83 171 572 227 625 id_point
84 176 567 231 623 id_point
85 176 566 232 620 id_point
85 353 550 399 597 marker
86 235 564 291 621 id_point
86 352 549 399 596 marker
87 238 566 294 622 id_point
87 352 548 398 596 marker
88 240 564 295 621 id_point
88 352 549 398 597 marker
89 239 562 294 616 id_point
89 352 548 398 596 marker
90 241 564 296 620 id_point
90 353 549 398 596 marker
91 239 564 295 620 id_point
91 352 548 398 596 marker
92 239 564 294 620 id_point
92 353 549 399 597 marker
93 239 563 295 620 id_point
93 352 548 398 596 marker
94 239 567 296 618 id_point
95 245 568 302 619 id_point
96 245 563 302 622 id_point
97 248 564 303 620 id_point
97 557 547 595 593 marker
98 436 562 491 618 id_point
98 557 548 595 592 marker
99 459 558 514 612 id_point
99 558 547 595 592 marker
100 463 553 517 608 id_point
100 558 548 595 594 marker
101 558 549 595 594 marker
101 464 555 518 612 id_point
102 465 559 518 614 id_point
102 558 549 596 593 marker
103 463 556 516 611 id_point
103 559 548 596 594 marker
104 558 548 596 593 marker
104 464 555 518 609 id_point
105 460 553 514 608 id_point
105 558 548 597 593 marker
106 462 553 517 609 id_point
107 465 555 522 610 id_point
108 470 554 525 609 id_point
109 49 844 116 902 id_point
110 49 849 105 901 id_point
111 20 837 75 888 id_point
111 136 782 182 826 marker
112 19 837 75 889 id_point
112 135 780 180 826 marker
113 23 835 77 889 id_point
113 135 782 181 826 marker
114 24 836 77 890 id_point
114 135 782 181 826 marker
115 24 836 79 890 id_point
115 135 782 182 826 marker
116 24 839 78 892 id_point
116 136 782 183 826 marker
117 27 836 79 889 id_point
117 136 782 182 826 marker
118 26 837 78 890 id_point
118 136 782 183 826 marker
119 26 835 79 888 id_point
119 137 782 182 827 marker
120 27 834 81 888 id_point
121 86 840 142 891 id_point
122 204 834 259 888 id_point
123 362 769 406 815 marker
123 240 846 297 900 id_point
124 242 839 298 892 id_point
124 362 769 406 815 marker
125 243 837 298 891 id_point
125 362 769 406 815 marker
126 241 838 295 892 id_point
126 362 770 406 815 marker
127 241 834 296 889 id_point
127 361 770 407 815 marker
128 240 835 295 889 id_point
128 361 770 406 815 marker
129 239 836 295 889 id_point
129 361 770 406 815 marker
130 239 833 295 888 id_point
130 361 770 405 815 marker
131 361 770 407 815 marker
131 243 835 298 889 id_point
132 243 835 298 889 id_point
133 243 834 301 888 id_point
134 245 832 303 887 id_point
135 445 811 502 865 id_point
136 454 808 509 864 id_point
136 566 752 602 795 marker
137 463 808 516 862 id_point
137 566 752 602 796 marker
138 460 808 515 862 id_point
138 566 752 602 794 marker
139 566 752 602 795 marker
139 459 810 514 865 id_point
140 460 811 515 864 id_point
140 567 751 602 795 marker
141 567 752 602 795 marker
141 457 810 511 864 id_point
142 566 751 602 795 marker
142 455 810 510 863 id_point
143 565 751 601 796 marker
144 566 752 601 796 marker
146 359 653 415 708 id_point
147 266 600 321 655 id_point
148 277 642 333 697 id_point
149 230 715 285 758 id_point
150 219 706 274 761 id_point
152 334 733 389 787 id_point
154 367 765 421 818 id_point
155 345 690 399 741 id_point
157 358 647 412 700 id_point
158 371 671 415 717 id_point
159 360 642 415 695 id_point
160 361 642 414 694 id_point
161 361 644 415 699 id_point
162 367 678 422 731 id_point
163 369 678 424 733 id_point
164 369 675 423 732 id_point
165 369 675 422 727 id_point
166 367 670 421 724 id_point
