2 214 616 274 675 id_point
4 214 625 271 682 id_point
5 215 617 273 673 id_point
6 215 619 272 677 id_point
7 211 619 269 677 id_point
8 212 623 268 681 id_point
9 218 619 275 675 id_point
10 219 611 275 671 id_point
11 220 610 278 669 id_point
12 220 616 276 672 id_point
14 219 614 277 671 id_point
15 219 616 277 672 id_point
16 216 613 274 670 id_point
17 215 617 273 673 id_point
18 216 616 274 674 id_point
19 218 617 275 672 id_point
20 217 617 274 673 id_point
21 216 617 273 675 id_point
22 218 619 273 675 id_point
24 217 617 274 672 id_point
25 214 614 271 673 id_point
26 215 617 272 674 id_point
27 214 615 271 674 id_point
28 213 618 270 674 id_point
29 210 617 268 674 id_point
29 65 612 106 656 marker
30 15 615 71 670 id_point
30 68 616 105 657 marker
31 14 616 70 672 id_point
31 68 615 105 656 marker
32 13 617 67 673 id_point
32 67 615 104 657 marker
33 15 616 72 671 id_point
33 67 615 105 657 marker
34 14 615 70 671 id_point
34 68 615 105 657 marker
35 56 619 100 661 marker
37 19 615 74 671 id_point
37 68 617 104 659 marker
39 18 612 71 668 id_point
40 36 620 89 673 id_point
41 41 618 94 673 id_point
42 209 613 256 657 id_point
43 212 601 267 658 id_point
43 160 614 200 654 marker
44 124 604 183 661 id_point
44 159 616 197 661 marker
45 124 600 183 658 id_point
45 166 617 199 658 marker
46 123 599 182 657 id_point
46 167 618 200 657 marker
47 122 598 180 656 id_point
47 168 615 201 655 marker
48 122 599 181 658 id_point
48 166 617 200 657 marker
49 123 599 184 657 id_point
49 168 615 203 656 marker
50 120 598 177 655 id_point
50 168 614 202 654 marker
51 124 599 183 657 id_point
51 168 618 201 657 marker
52 123 597 182 657 id_point
52 168 618 200 657 marker
53 124 600 180 658 id_point
54 188 593 246 649 id_point
55 188 593 246 649 id_point
56 189 596 246 653 id_point
57 226 590 280 647 id_point
57 266 611 307 654 marker
58 224 593 279 650 id_point
58 268 608 305 654 marker
59 223 590 278 649 id_point
59 265 607 306 654 marker
60 224 592 279 649 id_point
60 266 609 306 653 marker
61 221 591 277 647 id_point
61 268 610 306 652 marker
62 223 590 278 647 id_point
62 268 611 307 654 marker
63 228 585 284 644 id_point
63 270 612 308 652 marker
64 225 589 280 647 id_point
64 268 611 308 653 marker
65 224 587 280 645 id_point
65 268 614 304 654 marker
66 227 585 283 642 id_point
67 228 586 284 643 id_point
68 227 588 284 646 id_point
69 76 726 119 769 id_point
70 73 715 109 755 marker
70 27 661 78 713 id_point
71 30 717 87 767 id_point
71 75 716 110 756 marker
72 29 716 84 767 id_point
72 73 714 110 755 marker
73 29 718 84 768 id_point
73 74 714 109 755 marker
74 30 717 91 771 id_point
74 74 713 109 756 marker
75 31 718 92 768 id_point
75 73 712 109 756 marker
76 30 719 91 774 id_point
76 74 712 108 757 marker
77 29 718 89 772 id_point
77 73 714 109 756 marker
78 32 718 87 769 id_point
78 75 715 109 757 marker
79 32 716 90 770 id_point
80 39 714 96 768 id_point
81 127 720 183 776 id_point
82 127 721 184 777 id_point
82 168 715 206 755 marker
83 125 722 181 777 id_point
83 167 716 205 754 marker
84 122 718 178 776 id_point
84 172 716 206 756 marker
85 123 717 178 773 id_point
85 170 716 206 754 marker
86 125 721 181 778 id_point
86 170 716 206 755 marker
87 126 721 183 778 id_point
87 170 715 207 754 marker
88 125 720 180 777 id_point
88 168 713 205 752 marker
89 126 723 182 779 id_point
89 167 716 205 753 marker
90 126 722 182 778 id_point
90 168 715 204 753 marker
91 125 720 181 777 id_point
91 170 716 205 755 marker
92 126 723 180 778 id_point
93 133 721 189 776 id_point
94 141 720 195 774 id_point
95 202 711 258 769 id_point
96 208 706 264 763 id_point
96 267 713 306 753 marker
97 222 711 279 770 id_point
97 271 713 305 755 marker
98 224 711 280 769 id_point
98 272 712 305 757 marker
99 224 715 280 773 id_point
99 271 712 305 754 marker
100 224 715 280 772 id_point
100 272 713 304 756 marker
101 223 717 280 774 id_point
101 272 713 305 756 marker
102 223 710 280 768 id_point
102 271 712 306 755 marker
103 223 710 281 768 id_point
103 272 713 305 756 marker
104 222 709 280 768 id_point
104 272 712 305 757 marker
105 222 706 278 762 id_point
105 272 711 304 755 marker
106 223 706 279 765 id_point
107 222 706 279 763 id_point
108 222 706 279 765 id_point
109 51 832 109 887 id_point
110 77 810 115 851 marker
111 43 823 102 879 id_point
111 80 813 115 848 marker
112 40 825 103 883 id_point
112 80 813 116 848 marker
113 44 822 103 879 id_point
113 80 812 117 848 marker
114 42 820 104 879 id_point
114 82 812 117 847 marker
115 42 821 100 879 id_point
115 78 812 118 850 marker
116 77 810 115 853 marker
117 42 822 104 880 id_point
117 81 813 116 849 marker
118 41 819 103 878 id_point
118 81 813 116 849 marker
119 42 822 100 878 id_point
120 46 824 103 879 id_point
121 56 821 113 877 id_point
122 124 818 178 873 id_point
123 169 813 209 854 marker
123 113 814 155 858 id_point
124 131 819 188 876 id_point
124 172 813 209 849 marker
125 134 820 192 879 id_point
125 171 811 209 847 marker
126 131 819 188 876 id_point
126 171 812 209 848 marker
127 169 812 211 853 marker
128 169 813 210 853 marker
128 119 823 162 869 id_point
129 134 821 190 879 id_point
129 172 811 210 847 marker
130 133 824 190 882 id_point
130 173 812 210 850 marker
131 129 820 186 878 id_point
131 172 812 211 850 marker
132 137 829 191 876 id_point
133 190 816 248 873 id_point
134 192 817 248 874 id_point
135 218 826 274 881 id_point
135 271 810 308 851 marker
136 224 820 279 879 id_point
136 272 808 306 852 marker
137 225 822 282 880 id_point
137 272 809 307 850 marker
138 226 824 281 883 id_point
138 271 809 307 849 marker
139 224 826 282 882 id_point
139 271 809 308 850 marker
140 226 823 282 880 id_point
140 271 810 308 850 marker
141 224 820 279 881 id_point
141 271 809 307 850 marker
142 227 827 283 882 id_point
142 272 810 308 850 marker
143 227 825 284 879 id_point
143 272 810 309 850 marker
144 227 823 284 880 id_point
144 272 809 308 850 marker
145 227 825 282 881 id_point
146 227 827 283 884 id_point
147 225 821 283 878 id_point
148 231 824 287 880 id_point
149 226 823 282 879 id_point
149 165 908 198 943 marker
149 123 830 152 870 marker
150 226 822 279 875 id_point
150 164 910 196 942 marker
150 122 829 152 871 marker
151 66 659 120 716 id_point
151 165 909 197 942 marker
151 123 829 153 869 marker
152 66 660 121 715 id_point
152 165 910 200 941 marker
152 123 830 153 869 marker
153 47 626 100 679 id_point
153 165 910 199 943 marker
153 123 830 153 872 marker
154 165 911 198 942 marker
154 122 830 151 871 marker
155 163 911 195 941 marker
155 200 614 253 672 id_point
155 122 830 150 870 marker
156 164 910 196 942 marker
156 247 599 308 654 id_point
156 120 830 150 871 marker
157 251 602 308 658 id_point
157 164 910 197 942 marker
157 121 829 150 871 marker
158 249 604 307 657 id_point
158 164 908 197 942 marker
158 122 830 151 870 marker
159 59 646 114 701 id_point
159 164 911 197 943 marker
159 122 829 151 870 marker
160 52 644 105 697 id_point
160 164 911 195 943 marker
160 122 831 151 869 marker
