0 206 600 261 653 id_point
1 205 598 259 653 id_point
2 206 597 259 651 id_point
3 206 600 259 653 id_point
4 209 597 261 650 id_point
5 206 601 259 654 id_point
6 206 600 261 653 id_point
7 210 600 262 653 id_point
8 211 602 262 654 id_point
9 209 602 262 654 id_point
10 207 602 261 655 id_point
11 206 602 260 655 id_point
12 209 600 263 654 id_point
13 208 600 263 654 id_point
14 210 602 264 654 id_point
15 209 601 264 654 id_point
16 209 603 262 655 id_point
17 210 604 262 656 id_point
18 209 602 261 654 id_point
19 209 603 262 655 id_point
20 209 605 259 657 id_point
21 209 604 261 656 id_point
22 208 605 260 658 id_point
23 208 608 260 659 id_point
24 205 605 258 657 id_point
25 205 603 259 655 id_point
26 206 601 259 654 id_point
27 207 606 258 658 id_point
28 206 604 258 656 id_point
29 208 604 261 657 id_point
30 197 426 232 463 marker
30 209 601 262 655 id_point
31 198 425 232 461 marker
32 219 373 274 427 id_point
32 198 426 238 462 marker
33 219 369 274 423 id_point
33 198 426 237 463 marker
34 219 366 274 420 id_point
34 199 425 237 462 marker
35 219 365 273 418 id_point
35 196 426 239 462 marker
36 217 360 273 418 id_point
36 196 425 240 462 marker
37 215 361 272 418 id_point
37 197 425 241 462 marker
38 218 364 272 418 id_point
38 196 426 242 463 marker
39 217 364 271 419 id_point
39 196 426 242 463 marker
40 219 365 273 420 id_point
41 217 366 271 421 id_point
42 224 365 277 420 id_point
43 226 367 277 420 id_point
44 227 366 280 419 id_point
44 295 428 332 464 marker
45 309 368 362 421 id_point
45 297 428 334 465 marker
46 311 369 365 423 id_point
46 296 428 337 465 marker
47 311 367 366 420 id_point
47 297 426 335 465 marker
48 311 367 363 421 id_point
48 297 426 335 465 marker
49 312 367 364 420 id_point
49 295 427 336 465 marker
50 311 366 365 421 id_point
50 297 426 336 464 marker
51 312 366 365 420 id_point
51 296 427 335 466 marker
52 311 367 366 418 id_point
52 296 425 336 465 marker
53 312 368 365 422 id_point
53 297 426 336 465 marker
54 310 367 365 421 id_point
55 310 368 364 422 id_point
56 310 368 365 422 id_point
57 312 369 366 423 id_point
58 395 367 449 422 id_point
58 390 428 430 467 marker
59 399 370 453 425 id_point
59 392 429 431 467 marker
60 400 372 455 428 id_point
60 391 430 431 467 marker
61 391 429 430 467 marker
61 400 370 455 426 id_point
62 400 369 454 423 id_point
62 391 428 430 467 marker
63 400 368 453 423 id_point
63 390 428 429 467 marker
64 399 369 452 424 id_point
64 391 429 430 468 marker
65 400 370 454 425 id_point
65 390 429 431 467 marker
66 398 369 453 425 id_point
66 391 429 430 467 marker
67 398 369 452 425 id_point
67 391 429 431 467 marker
68 399 370 453 425 id_point
69 397 371 452 426 id_point
70 387 384 429 429 id_point
71 211 458 265 513 id_point
71 198 522 238 563 marker
72 207 484 261 540 id_point
72 197 527 238 568 marker
73 208 484 262 541 id_point
73 198 526 237 567 marker
74 205 484 260 539 id_point
74 201 527 239 571 marker
75 206 484 260 539 id_point
75 199 525 239 570 marker
76 206 484 261 542 id_point
76 199 525 238 569 marker
77 205 482 260 538 id_point
77 198 526 236 568 marker
78 205 484 260 538 id_point
78 199 526 239 570 marker
79 205 483 260 538 id_point
79 198 526 238 568 marker
80 205 483 261 539 id_point
80 200 525 238 572 marker
81 206 484 261 539 id_point
81 198 528 237 565 marker
82 208 483 261 537 id_point
83 208 484 262 536 id_point
84 209 487 262 539 id_point
85 211 487 265 540 id_point
86 294 484 349 538 id_point
86 297 525 340 563 marker
87 304 486 359 544 id_point
87 296 524 339 565 marker
88 304 484 360 542 id_point
88 299 527 338 568 marker
89 305 482 360 539 id_point
89 299 524 338 567 marker
90 305 484 360 541 id_point
90 299 524 340 567 marker
91 305 482 360 537 id_point
91 299 525 340 565 marker
92 304 482 358 538 id_point
92 297 526 338 566 marker
93 305 482 359 538 id_point
93 298 526 340 564 marker
94 305 479 361 537 id_point
94 299 525 338 565 marker
95 305 479 360 533 id_point
96 305 480 359 535 id_point
97 309 488 356 532 id_point
98 390 481 444 542 id_point
98 396 522 433 560 marker
99 396 482 451 541 id_point
99 396 525 436 565 marker
100 395 482 451 538 id_point
100 396 527 435 563 marker
101 396 484 452 544 id_point
101 396 523 435 561 marker
102 396 481 452 539 id_point
102 393 527 434 568 marker
103 397 478 452 537 id_point
103 395 526 432 562 marker
104 398 477 453 535 id_point
104 395 526 433 562 marker
105 396 482 453 539 id_point
105 394 526 433 567 marker
106 395 483 451 539 id_point
106 394 527 434 562 marker
107 396 483 449 539 id_point
108 395 482 448 539 id_point
109 269 543 323 599 id_point
110 195 598 251 651 id_point
111 193 601 246 660 id_point
112 200 604 254 659 id_point
113 204 606 258 660 id_point
114 204 606 259 660 id_point
115 203 609 258 662 id_point
116 203 609 259 661 id_point
117 205 606 260 660 id_point
118 204 609 259 662 id_point
119 204 608 259 660 id_point
120 203 610 258 662 id_point
121 206 609 258 662 id_point
122 213 611 265 662 id_point
123 227 607 278 660 id_point
124 279 602 333 654 id_point
125 298 606 357 661 id_point
126 302 606 357 662 id_point
127 302 605 356 662 id_point
128 303 607 358 661 id_point
129 304 605 359 660 id_point
130 304 608 358 662 id_point
131 303 605 359 661 id_point
132 303 605 359 661 id_point
133 303 606 358 662 id_point
134 304 606 356 659 id_point
135 305 606 357 660 id_point
136 305 606 356 660 id_point
137 384 605 439 661 id_point
138 386 605 439 661 id_point
139 396 604 447 662 id_point
140 398 602 449 661 id_point
141 396 603 451 660 id_point
142 397 604 451 660 id_point
143 398 604 450 660 id_point
144 397 602 451 660 id_point
145 398 604 451 661 id_point
146 396 604 452 660 id_point
147 396 603 452 659 id_point
148 397 603 451 657 id_point
149 395 597 449 652 id_point
150 267 547 322 601 id_point
151 268 545 319 598 id_point
152 265 542 321 597 id_point
152 298 583 333 620 marker
152 255 496 288 538 marker
152 338 491 383 541 id_point
153 296 584 330 621 marker
153 255 496 287 540 marker
153 336 494 384 542 id_point
153 252 575 300 617 id_point
153 358 355 387 420 id_point
154 207 442 266 502 id_point
154 298 583 333 622 marker
154 259 493 289 539 marker
155 233 268 287 323 id_point
155 298 583 334 622 marker
155 258 494 288 541 marker
156 248 228 302 284 id_point
156 298 584 334 620 marker
156 255 495 287 541 marker
157 296 583 332 619 marker
157 256 495 286 541 marker
157 214 237 254 279 id_point
157 356 356 384 420 id_point
