0 213 621 270 678 id_point
1 213 622 272 680 id_point
2 217 621 276 678 id_point
3 215 625 272 679 id_point
4 214 623 272 679 id_point
5 216 622 274 678 id_point
6 216 622 273 679 id_point
7 218 619 275 676 id_point
8 215 620 274 679 id_point
9 218 623 273 680 id_point
10 218 620 274 678 id_point
11 216 618 273 675 id_point
12 220 617 275 672 id_point
13 228 614 284 669 id_point
14 232 624 288 680 id_point
15 220 621 276 677 id_point
16 223 620 280 676 id_point
17 217 620 273 677 id_point
18 211 616 267 672 id_point
19 211 623 269 678 id_point
20 212 619 269 676 id_point
21 212 617 272 673 id_point
22 213 617 271 672 id_point
23 213 616 271 672 id_point
24 213 616 273 672 id_point
25 216 616 273 673 id_point
26 215 619 272 672 id_point
27 212 617 271 672 id_point
28 212 616 272 673 id_point
28 59 640 97 681 marker
29 59 640 97 681 marker
29 204 619 251 667 id_point
30 20 616 68 669 id_point
30 64 641 98 680 marker
31 62 643 97 681 marker
31 8 616 60 672 id_point
32 62 642 97 681 marker
32 5 616 57 671 id_point
33 62 643 97 681 marker
33 5 615 56 669 id_point
34 62 642 97 681 marker
34 8 617 57 671 id_point
35 62 642 97 680 marker
35 7 616 57 670 id_point
36 62 642 97 679 marker
36 8 615 60 671 id_point
37 63 643 98 681 marker
37 10 614 62 670 id_point
38 61 643 98 683 marker
38 7 614 61 671 id_point
39 8 614 64 668 id_point
40 33 615 88 668 id_point
41 34 618 90 671 id_point
42 38 617 92 671 id_point
43 123 622 182 677 id_point
43 158 644 196 680 marker
44 113 619 168 677 id_point
44 157 642 196 680 marker
45 156 642 196 680 marker
45 107 621 159 675 id_point
46 156 642 197 681 marker
46 104 622 157 677 id_point
47 156 642 196 681 marker
47 105 619 159 673 id_point
48 156 642 196 680 marker
48 104 619 157 673 id_point
49 155 642 195 681 marker
49 107 621 157 676 id_point
50 157 643 196 680 marker
50 107 620 160 677 id_point
51 106 618 159 674 id_point
51 156 642 196 680 marker
52 109 619 162 676 id_point
53 109 618 163 673 id_point
54 109 619 161 674 id_point
55 110 619 163 675 id_point
56 126 623 188 673 id_point
57 261 640 293 679 marker
57 213 623 268 677 id_point
58 261 640 294 678 marker
58 214 620 271 676 id_point
59 259 639 293 680 marker
59 210 618 266 675 id_point
60 211 618 269 672 id_point
60 260 641 295 678 marker
61 259 640 293 680 marker
61 210 617 267 674 id_point
62 259 640 293 681 marker
62 209 616 268 673 id_point
63 259 640 294 680 marker
63 210 619 266 674 id_point
64 259 640 295 678 marker
64 209 617 265 671 id_point
65 258 639 294 681 marker
65 206 617 264 673 id_point
66 211 617 268 674 id_point
67 211 615 269 672 id_point
68 210 616 269 673 id_point
69 210 618 266 672 id_point
70 10 728 64 781 id_point
71 8 738 63 788 id_point
71 67 741 101 780 marker
72 66 740 102 780 marker
72 10 743 62 796 id_point
73 7 742 61 795 id_point
73 66 741 103 780 marker
74 7 742 61 795 id_point
74 66 742 102 779 marker
75 66 741 102 780 marker
75 7 742 60 795 id_point
76 66 741 102 780 marker
76 7 743 61 795 id_point
77 67 741 102 780 marker
77 6 742 60 795 id_point
78 67 740 102 779 marker
78 7 742 62 794 id_point
79 67 740 103 780 marker
79 9 742 63 795 id_point
80 67 741 102 780 marker
80 11 745 65 798 id_point
81 11 743 66 798 id_point
82 12 743 65 797 id_point
83 12 745 67 797 id_point
84 88 746 141 797 id_point
85 91 744 146 795 id_point
85 162 742 200 780 marker
86 111 750 166 803 id_point
86 160 742 198 780 marker
87 111 750 166 804 id_point
87 160 741 199 780 marker
88 111 745 166 803 id_point
88 161 741 200 780 marker
89 111 746 165 800 id_point
89 161 742 200 780 marker
90 110 748 164 801 id_point
90 161 741 200 780 marker
91 109 749 165 803 id_point
91 160 742 199 780 marker
92 109 749 164 803 id_point
92 160 742 199 780 marker
93 110 747 165 801 id_point
93 160 742 199 780 marker
94 110 748 163 801 id_point
95 111 747 163 799 id_point
96 146 742 200 796 id_point
97 206 749 265 803 id_point
98 211 748 267 805 id_point
99 215 747 271 805 id_point
99 265 739 302 779 marker
100 219 747 273 803 id_point
100 266 738 302 778 marker
101 219 746 273 805 id_point
101 266 738 302 778 marker
102 220 747 274 805 id_point
102 266 737 302 778 marker
103 219 746 273 802 id_point
103 266 737 302 777 marker
104 219 747 273 803 id_point
104 267 737 303 777 marker
105 219 745 275 802 id_point
105 267 737 303 778 marker
106 218 744 274 802 id_point
106 267 738 302 779 marker
107 220 748 274 804 id_point
107 267 737 303 777 marker
108 219 746 275 804 id_point
109 218 746 275 803 id_point
110 209 786 264 845 id_point
112 19 858 75 913 id_point
112 76 836 113 872 marker
113 18 862 74 915 id_point
113 76 835 113 871 marker
114 21 864 75 918 id_point
114 76 836 112 872 marker
115 22 863 75 917 id_point
115 76 835 112 872 marker
116 21 864 75 917 id_point
116 76 834 111 872 marker
117 22 861 74 916 id_point
117 75 834 112 872 marker
118 23 864 74 917 id_point
118 76 833 113 872 marker
119 23 865 75 919 id_point
119 76 834 113 872 marker
120 24 862 77 918 id_point
120 77 834 112 872 marker
121 23 862 77 918 id_point
121 76 833 112 872 marker
122 23 861 77 917 id_point
124 43 863 101 919 id_point
125 46 865 102 920 id_point
126 168 837 208 874 marker
126 121 869 174 924 id_point
127 168 838 206 874 marker
127 121 868 174 922 id_point
128 120 871 174 927 id_point
128 168 838 206 874 marker
129 119 872 171 926 id_point
129 168 838 206 874 marker
130 168 838 206 874 marker
130 119 872 171 926 id_point
131 168 837 207 874 marker
131 121 871 173 926 id_point
132 119 868 173 923 id_point
132 167 837 205 874 marker
133 167 837 205 873 marker
133 120 868 173 923 id_point
134 167 837 206 873 marker
134 121 870 173 925 id_point
135 167 837 206 873 marker
135 120 871 174 925 id_point
136 119 870 171 923 id_point
137 120 871 172 924 id_point
138 124 872 175 926 id_point
139 134 879 186 932 id_point
140 267 834 306 871 marker
140 206 878 259 931 id_point
141 268 834 305 871 marker
141 219 882 271 933 id_point
142 267 834 304 871 marker
142 221 882 274 933 id_point
143 267 834 304 871 marker
143 221 881 273 933 id_point
144 267 835 305 871 marker
144 220 881 273 933 id_point
145 267 834 304 872 marker
145 221 880 275 933 id_point
146 267 834 305 872 marker
146 220 878 274 933 id_point
147 266 835 305 873 marker
147 221 883 275 936 id_point
148 266 834 303 871 marker
148 220 882 274 935 id_point
149 219 875 272 930 id_point
150 219 879 275 932 id_point
151 222 877 275 931 id_point
152 65 901 120 958 id_point
153 62 902 119 955 id_point
153 164 925 200 962 marker
153 122 849 152 891 marker
154 63 898 117 956 id_point
154 161 926 199 960 marker
154 119 850 151 889 marker
155 35 650 90 701 id_point
155 163 927 200 962 marker
155 120 849 151 891 marker
156 32 648 88 700 id_point
156 164 926 200 964 marker
156 120 850 150 893 marker
156 201 846 247 890 id_point
157 27 648 82 701 id_point
157 162 931 200 965 marker
157 120 852 150 896 marker
157 217 702 247 772 id_point
158 198 633 255 691 id_point
158 163 936 201 969 marker
158 120 856 150 900 marker
159 165 941 203 975 marker
159 205 638 260 692 id_point
159 121 862 152 907 marker
160 33 666 79 708 id_point
160 166 936 204 971 marker
160 123 858 154 902 marker
161 28 658 83 712 id_point
161 165 936 204 969 marker
161 123 857 153 901 marker
162 36 656 90 708 id_point
162 164 935 203 968 marker
162 121 855 151 901 marker
163 41 673 95 725 id_point
163 165 935 203 969 marker
163 122 857 153 900 marker
164 42 686 97 738 id_point
164 166 933 204 968 marker
164 123 854 154 900 marker
165 43 694 97 748 id_point
165 168 937 206 969 marker
165 123 856 157 902 marker
