0 276 569 332 628 id_point
0 158 561 195 597 marker
1 275 565 330 622 id_point
1 159 564 190 597 marker
2 278 572 334 628 id_point
2 158 560 192 596 marker
3 279 570 335 626 id_point
3 158 559 192 599 marker
4 277 570 333 628 id_point
4 159 562 196 598 marker
5 159 561 194 599 marker
6 273 568 329 627 id_point
6 159 563 192 599 marker
7 275 568 332 628 id_point
7 157 559 193 599 marker
8 277 570 332 628 id_point
8 160 562 194 599 marker
9 279 571 333 629 id_point
9 157 561 192 600 marker
10 280 568 334 624 id_point
10 159 564 193 598 marker
11 281 573 334 628 id_point
11 160 564 193 599 marker
12 250 572 308 626 id_point
12 159 563 191 599 marker
13 280 571 335 626 id_point
13 159 565 191 597 marker
14 276 570 331 625 id_point
14 158 564 192 597 marker
15 275 572 330 628 id_point
15 158 564 190 599 marker
16 282 570 337 625 id_point
16 160 561 197 600 marker
16 122 475 151 520 marker
17 280 570 335 624 id_point
18 245 566 302 624 id_point
20 231 572 272 616 id_point
24 219 543 262 589 id_point
26 229 518 285 575 id_point
27 230 518 285 574 id_point
32 222 586 269 631 id_point
34 227 562 284 618 id_point
37 224 554 280 610 id_point
38 224 554 280 610 id_point
39 241 544 297 599 id_point
40 239 549 296 604 id_point
41 239 549 296 604 id_point
42 214 558 257 602 id_point
43 235 550 292 605 id_point
44 210 553 265 607 id_point
45 227 552 283 609 id_point
46 237 552 294 608 id_point
47 237 553 293 607 id_point
48 234 555 290 611 id_point
49 221 559 277 614 id_point
50 221 557 277 612 id_point
51 220 560 276 614 id_point
52 212 537 267 592 id_point
53 231 574 286 630 id_point
54 230 573 286 630 id_point
56 211 555 266 608 id_point
57 212 591 258 637 id_point
60 9 333 64 388 id_point
61 10 333 64 388 id_point
62 9 333 63 388 id_point
63 8 334 63 388 id_point
64 9 334 63 389 id_point
65 11 334 63 388 id_point
67 7 322 61 377 id_point
70 79 409 116 449 marker
70 12 331 66 385 id_point
71 80 411 117 449 marker
72 107 341 161 399 id_point
72 79 409 124 448 marker
73 1 328 53 378 id_point
73 80 409 118 449 marker
74 80 410 118 449 marker
74 0 334 47 377 id_point
75 0 327 53 377 id_point
75 80 410 118 449 marker
76 80 411 118 448 marker
77 80 410 118 448 marker
78 80 409 119 448 marker
79 80 411 118 448 marker
80 4 323 57 378 id_point
81 4 326 58 378 id_point
83 41 347 97 400 id_point
84 84 354 126 398 id_point
85 175 406 214 444 marker
86 132 342 187 399 id_point
86 174 408 213 444 marker
87 126 340 181 395 id_point
87 174 407 214 444 marker
88 126 340 181 396 id_point
88 173 409 213 445 marker
89 121 338 176 394 id_point
89 169 407 209 446 marker
90 158 345 212 402 id_point
91 154 350 209 405 id_point
91 161 406 204 447 marker
92 157 340 212 395 id_point
92 166 410 206 447 marker
93 158 343 213 397 id_point
93 169 409 209 448 marker
94 158 342 213 397 id_point
94 169 410 210 449 marker
95 161 339 215 393 id_point
96 160 338 215 392 id_point
97 224 336 279 391 id_point
98 227 335 284 390 id_point
99 226 337 283 392 id_point
99 276 404 314 444 marker
100 260 333 317 389 id_point
100 273 403 315 442 marker
101 273 404 315 443 marker
102 275 403 314 443 marker
103 274 403 314 444 marker
103 229 336 275 381 id_point
104 262 330 318 386 id_point
104 271 401 313 443 marker
105 264 335 320 393 id_point
105 272 402 311 444 marker
106 263 338 318 396 id_point
106 273 401 314 443 marker
107 266 336 320 391 id_point
107 273 399 310 444 marker
108 263 333 318 390 id_point
108 271 399 313 443 marker
109 262 333 318 390 id_point
110 260 335 317 393 id_point
111 244 349 298 405 id_point
112 58 473 115 529 id_point
112 80 508 116 547 marker
113 59 452 109 508 id_point
113 79 501 119 544 marker
114 59 453 108 509 id_point
114 77 502 119 546 marker
115 58 451 108 506 id_point
115 77 502 118 544 marker
116 55 453 108 505 id_point
116 81 504 120 544 marker
117 57 454 107 508 id_point
117 79 503 119 545 marker
118 58 453 109 507 id_point
118 77 502 119 544 marker
119 58 452 110 508 id_point
119 78 503 118 545 marker
120 57 455 108 513 id_point
120 79 504 119 544 marker
121 60 452 112 509 id_point
121 78 502 117 545 marker
122 56 456 112 513 id_point
124 105 454 159 509 id_point
125 113 455 162 500 id_point
126 183 448 240 508 id_point
126 175 502 216 543 marker
127 159 454 215 512 id_point
127 171 502 215 544 marker
128 157 449 210 503 id_point
128 170 501 213 543 marker
129 157 447 212 505 id_point
129 172 501 215 543 marker
130 154 447 209 504 id_point
130 170 501 213 543 marker
131 157 450 212 508 id_point
131 173 501 215 543 marker
132 156 450 211 507 id_point
132 172 501 214 544 marker
133 157 449 213 505 id_point
133 173 502 215 543 marker
134 158 449 214 506 id_point
134 174 502 215 543 marker
135 159 449 214 507 id_point
135 174 501 215 543 marker
136 156 449 213 508 id_point
137 154 448 209 504 id_point
138 185 446 242 503 id_point
139 190 447 247 505 id_point
140 275 496 313 540 marker
140 231 446 288 504 id_point
141 257 444 314 498 id_point
141 273 496 313 541 marker
142 262 444 318 500 id_point
142 271 497 314 540 marker
143 262 444 318 500 id_point
143 272 498 313 539 marker
144 261 441 318 499 id_point
144 272 498 313 539 marker
145 261 443 318 500 id_point
145 273 496 313 541 marker
146 261 443 316 501 id_point
146 272 496 313 541 marker
147 261 441 317 498 id_point
147 273 496 313 542 marker
148 262 443 317 498 id_point
148 272 496 312 542 marker
149 260 441 316 497 id_point
149 272 496 313 543 marker
150 275 497 314 541 marker
151 259 442 314 502 id_point
152 261 444 316 503 id_point
153 41 527 100 578 id_point
155 76 597 116 643 marker
156 77 600 114 641 marker
156 32 596 69 639 marker
157 37 591 93 641 id_point
157 77 602 118 643 marker
158 38 594 93 643 id_point
158 80 603 119 644 marker
159 36 593 91 643 id_point
159 80 600 120 644 marker
160 45 594 104 644 id_point
160 72 601 113 645 marker
161 42 594 98 646 id_point
161 75 604 112 645 marker
162 44 593 104 644 id_point
163 43 589 101 642 id_point
164 42 585 96 639 id_point
166 171 559 226 614 id_point
167 171 564 225 618 id_point
168 163 568 217 623 id_point
169 150 573 204 632 id_point
169 172 600 213 642 marker
170 143 576 201 635 id_point
170 173 601 212 642 marker
171 141 576 197 633 id_point
171 171 600 214 644 marker
172 141 575 196 632 id_point
172 174 601 215 641 marker
173 140 573 197 630 id_point
173 175 601 214 643 marker
174 143 573 201 631 id_point
174 172 600 214 643 marker
175 145 573 202 632 id_point
175 172 599 214 643 marker
176 146 573 203 630 id_point
176 174 601 213 644 marker
177 146 578 205 636 id_point
177 170 599 212 642 marker
178 150 571 205 625 id_point
179 155 567 210 620 id_point
180 238 564 293 618 id_point
181 237 564 294 620 id_point
181 277 599 315 640 marker
182 250 569 308 629 id_point
183 255 567 310 627 id_point
184 251 567 308 626 id_point
185 250 570 309 629 id_point
186 254 568 310 627 id_point
187 252 565 307 621 id_point
187 274 603 315 640 marker
188 251 565 307 622 id_point
188 277 602 316 641 marker
189 255 570 311 630 id_point
190 257 567 312 623 id_point
191 255 565 312 619 id_point
192 262 568 317 624 id_point
193 261 566 316 622 id_point
194 260 566 315 621 id_point
195 156 560 193 599 marker
196 277 570 331 625 id_point
196 157 562 193 600 marker
197 276 571 330 626 id_point
197 158 562 194 599 marker
198 157 561 194 599 marker
199 156 562 195 600 marker
200 158 563 192 601 marker
201 158 563 193 599 marker
202 157 562 190 600 marker
203 245 561 301 616 id_point
203 160 564 193 598 marker
204 157 561 192 601 marker
204 107 168 149 212 id_point
205 95 127 150 182 id_point
205 159 563 193 600 marker
206 105 128 146 171 id_point
206 159 563 193 600 marker
207 159 565 192 598 marker
207 243 554 300 613 id_point
208 245 557 303 611 id_point
208 160 564 193 599 marker
209 256 560 312 615 id_point
209 160 564 192 599 marker
210 267 565 322 622 id_point
210 158 561 193 599 marker
211 272 564 327 619 id_point
211 158 563 192 600 marker
212 159 562 194 601 marker
212 285 557 331 605 id_point
212 124 475 153 521 marker
213 246 546 301 601 id_point
213 161 562 195 600 marker
214 246 546 299 600 id_point
214 160 561 195 598 marker
215 243 540 301 591 id_point
215 160 561 194 597 marker
215 123 473 152 518 marker
216 246 539 300 592 id_point
216 160 562 192 599 marker
217 160 562 193 597 marker
217 244 534 296 590 id_point
218 243 535 296 590 id_point
218 159 561 193 596 marker
218 123 474 151 517 marker
219 243 529 296 584 id_point
219 158 562 191 597 marker
220 239 532 298 586 id_point
220 161 558 195 595 marker
220 123 471 152 514 marker
221 244 525 300 580 id_point
221 158 559 190 592 marker
222 241 525 300 579 id_point
222 156 561 188 595 marker
222 119 471 147 514 marker
223 240 524 294 577 id_point
223 151 563 183 598 marker
224 238 526 293 582 id_point
224 148 558 182 594 marker
225 244 526 302 584 id_point
225 152 562 184 597 marker
225 115 473 144 514 marker
226 155 561 188 597 marker
226 118 472 148 518 marker
227 160 562 198 600 marker
227 129 473 158 517 marker
228 174 561 208 598 marker
229 174 567 210 603 marker
