0 38 688 95 741 id_point
1 34 693 91 746 id_point
3 222 620 280 676 id_point
4 223 623 278 681 id_point
5 222 629 277 684 id_point
6 222 632 275 686 id_point
7 218 633 272 690 id_point
8 49 696 104 751 id_point
9 28 698 84 755 id_point
10 73 678 116 721 id_point
11 209 623 267 676 id_point
12 211 626 268 683 id_point
13 213 629 268 684 id_point
14 214 630 270 685 id_point
15 215 625 275 682 id_point
16 217 628 273 684 id_point
17 217 628 272 685 id_point
18 215 630 271 685 id_point
19 214 630 269 686 id_point
20 213 631 267 684 id_point
21 213 631 270 686 id_point
22 213 629 268 682 id_point
23 215 632 270 687 id_point
24 213 630 269 685 id_point
25 212 629 269 682 id_point
26 214 631 269 686 id_point
27 211 626 266 681 id_point
28 213 628 267 682 id_point
29 212 628 266 684 id_point
29 64 644 103 686 marker
30 66 645 102 684 marker
30 11 624 65 680 id_point
31 67 648 101 685 marker
31 6 625 60 679 id_point
32 64 646 103 686 marker
32 0 610 30 660 id_point
33 64 645 103 686 marker
33 0 609 30 660 id_point
34 64 645 103 686 marker
34 0 611 31 661 id_point
35 65 645 103 686 marker
35 1 612 32 665 id_point
36 64 646 103 686 marker
36 0 612 33 665 id_point
37 64 646 103 686 marker
37 1 613 35 668 id_point
38 0 611 34 665 id_point
39 0 613 36 669 id_point
40 0 612 43 666 id_point
41 0 612 47 666 id_point
42 0 613 49 667 id_point
43 68 615 123 673 id_point
43 128 646 166 686 marker
44 56 615 110 668 id_point
44 128 646 167 686 marker
45 49 615 102 669 id_point
45 128 646 167 685 marker
46 48 615 102 667 id_point
46 128 646 167 685 marker
47 128 645 166 685 marker
47 45 615 99 669 id_point
48 128 645 167 685 marker
48 48 614 100 669 id_point
49 45 615 99 669 id_point
49 128 645 167 685 marker
50 128 645 167 685 marker
50 47 616 100 671 id_point
51 128 645 167 685 marker
51 45 615 99 669 id_point
52 128 645 166 685 marker
52 45 615 99 669 id_point
53 128 645 167 685 marker
53 47 615 100 670 id_point
54 45 616 99 671 id_point
55 58 615 111 669 id_point
56 60 616 113 672 id_point
57 61 614 114 670 id_point
58 193 644 234 685 marker
58 130 615 185 671 id_point
59 193 644 234 685 marker
59 129 614 183 669 id_point
60 193 643 233 684 marker
60 128 613 181 668 id_point
61 193 645 234 685 marker
61 126 613 180 668 id_point
62 193 644 234 685 marker
62 126 614 179 668 id_point
63 194 644 234 685 marker
63 127 614 181 668 id_point
64 194 644 235 685 marker
64 127 615 181 670 id_point
65 193 644 234 685 marker
65 126 614 179 668 id_point
66 194 644 234 684 marker
66 125 614 180 670 id_point
67 126 614 179 668 id_point
67 194 644 234 685 marker
68 125 616 179 671 id_point
69 125 615 178 670 id_point
70 126 615 180 671 id_point
71 261 643 301 682 marker
71 194 612 250 667 id_point
72 198 614 253 669 id_point
72 261 643 299 683 marker
73 261 643 302 682 marker
73 199 615 254 669 id_point
74 261 642 300 682 marker
74 196 611 251 667 id_point
75 262 643 300 683 marker
75 196 613 252 669 id_point
76 261 642 301 682 marker
76 197 613 252 668 id_point
77 262 643 301 683 marker
77 195 612 250 668 id_point
78 195 619 251 671 id_point
78 262 643 301 683 marker
79 262 643 300 684 marker
79 196 613 251 669 id_point
80 262 642 300 683 marker
80 197 613 252 669 id_point
81 195 613 249 668 id_point
82 175 623 230 679 id_point
83 176 622 230 676 id_point
84 67 713 104 753 marker
84 0 669 44 727 id_point
85 67 713 104 752 marker
85 0 687 45 744 id_point
86 0 688 46 745 id_point
86 68 713 105 751 marker
87 0 690 46 746 id_point
87 68 713 105 751 marker
88 0 693 48 746 id_point
88 68 713 105 752 marker
89 0 691 48 745 id_point
89 68 713 105 751 marker
90 0 694 47 747 id_point
90 68 713 105 752 marker
91 0 691 46 747 id_point
91 70 713 105 752 marker
92 0 692 46 747 id_point
92 68 714 105 751 marker
93 0 692 45 752 id_point
93 68 713 106 751 marker
94 0 693 39 747 id_point
95 0 696 51 751 id_point
96 3 693 57 748 id_point
97 38 699 95 754 id_point
98 44 699 100 754 id_point
98 131 713 169 752 marker
99 50 699 106 755 id_point
99 130 712 168 751 marker
100 52 699 107 754 id_point
100 130 712 169 753 marker
101 51 699 109 752 id_point
101 131 712 169 752 marker
102 55 698 108 754 id_point
102 130 712 169 752 marker
103 50 700 108 753 id_point
103 130 712 169 752 marker
104 53 698 108 754 id_point
104 130 711 169 751 marker
105 54 699 108 752 id_point
105 131 712 169 752 marker
106 53 701 112 752 id_point
106 131 712 169 751 marker
107 55 701 107 754 id_point
108 56 702 109 757 id_point
109 56 699 110 755 id_point
110 60 700 115 754 id_point
111 70 700 128 753 id_point
111 196 712 238 751 marker
112 129 704 183 758 id_point
112 197 712 237 751 marker
113 127 703 181 757 id_point
113 196 713 237 751 marker
114 125 703 178 757 id_point
114 197 712 237 751 marker
115 123 702 177 755 id_point
115 196 710 237 750 marker
116 123 702 177 756 id_point
116 197 713 237 751 marker
117 122 699 177 755 id_point
117 196 711 237 751 marker
118 123 699 178 754 id_point
118 196 712 237 751 marker
119 126 700 178 753 id_point
119 196 712 237 750 marker
120 124 698 177 753 id_point
120 197 710 238 750 marker
121 124 699 178 753 id_point
122 124 700 177 753 id_point
123 128 702 186 758 id_point
124 140 708 193 761 id_point
125 187 703 241 759 id_point
125 265 709 301 748 marker
126 200 704 255 760 id_point
126 264 708 301 749 marker
127 200 704 255 758 id_point
127 264 709 302 749 marker
128 200 707 255 761 id_point
128 263 709 300 749 marker
129 196 709 250 764 id_point
129 265 708 302 749 marker
130 195 707 248 762 id_point
130 263 709 301 749 marker
131 196 710 250 763 id_point
131 265 709 302 749 marker
132 195 706 250 760 id_point
132 265 708 302 748 marker
133 195 703 249 759 id_point
133 265 709 301 749 marker
134 194 705 249 760 id_point
134 263 709 300 749 marker
135 196 707 250 761 id_point
136 64 732 118 788 id_point
137 71 734 112 779 id_point
138 72 776 109 813 marker
138 1 779 31 833 id_point
139 72 775 109 813 marker
139 1 780 30 834 id_point
140 73 775 109 813 marker
140 0 780 34 834 id_point
141 73 776 110 814 marker
141 0 780 35 833 id_point
142 73 775 109 814 marker
142 0 780 37 833 id_point
143 72 776 109 814 marker
143 0 781 38 836 id_point
144 0 780 38 835 id_point
144 73 774 109 814 marker
145 73 775 109 814 marker
145 0 780 40 832 id_point
146 73 776 110 814 marker
146 0 781 43 835 id_point
147 0 778 44 831 id_point
147 73 775 110 814 marker
148 0 779 46 833 id_point
149 2 780 55 832 id_point
150 6 778 59 834 id_point
151 83 788 137 839 id_point
152 134 777 172 813 marker
152 86 789 137 840 id_point
153 60 786 115 839 id_point
153 134 775 171 814 marker
154 52 788 108 841 id_point
154 133 776 171 814 marker
155 51 788 107 842 id_point
155 134 776 171 815 marker
156 53 789 110 842 id_point
156 134 775 172 814 marker
157 58 788 114 842 id_point
157 133 775 172 814 marker
158 58 788 113 840 id_point
158 134 776 172 815 marker
159 57 787 112 840 id_point
159 134 776 171 814 marker
160 55 789 112 844 id_point
160 132 775 172 814 marker
161 55 789 112 846 id_point
161 134 775 172 814 marker
162 55 788 112 842 id_point
162 134 776 171 814 marker
163 55 788 111 842 id_point
164 58 784 115 840 id_point
165 68 787 121 841 id_point
166 94 793 151 845 id_point
167 198 775 237 814 marker
167 120 794 176 847 id_point
168 124 795 178 848 id_point
168 198 776 238 814 marker
169 125 793 180 846 id_point
169 199 775 238 813 marker
170 123 795 177 850 id_point
170 199 776 238 814 marker
171 123 800 177 855 id_point
171 199 774 238 814 marker
172 123 798 178 852 id_point
172 199 774 238 814 marker
173 124 797 178 850 id_point
173 199 775 238 813 marker
174 125 794 179 848 id_point
174 199 775 238 813 marker
175 198 775 238 813 marker
175 126 798 179 850 id_point
176 123 801 176 855 id_point
177 123 797 178 850 id_point
178 124 795 178 849 id_point
179 124 796 179 851 id_point
180 267 774 303 813 marker
180 186 791 240 848 id_point
181 267 774 303 813 marker
181 202 797 256 852 id_point
182 267 774 304 813 marker
182 204 797 258 853 id_point
183 268 773 304 813 marker
183 203 800 258 854 id_point
184 268 773 304 812 marker
184 203 798 258 852 id_point
185 267 773 303 812 marker
185 201 796 255 850 id_point
186 267 773 303 812 marker
186 200 799 256 855 id_point
187 267 773 304 811 marker
187 201 799 256 855 id_point
188 267 773 304 812 marker
188 201 796 256 852 id_point
189 266 772 305 812 marker
189 201 797 257 852 id_point
190 201 787 253 843 id_point
191 202 787 247 831 id_point
192 92 825 141 867 id_point
193 1 854 51 908 id_point
193 77 836 115 872 marker
194 0 855 48 909 id_point
194 78 836 115 873 marker
195 0 853 47 906 id_point
195 78 835 115 873 marker
196 0 853 47 907 id_point
196 78 837 116 872 marker
197 0 855 48 909 id_point
197 78 836 115 873 marker
198 0 858 49 911 id_point
198 77 836 114 873 marker
199 0 854 48 908 id_point
199 77 836 115 873 marker
200 0 855 49 908 id_point
200 77 836 115 873 marker
201 1 851 50 905 id_point
201 77 836 115 873 marker
202 1 852 50 905 id_point
202 78 836 114 873 marker
203 0 853 49 907 id_point
203 78 835 114 872 marker
204 1 852 50 905 id_point
205 1 851 50 905 id_point
206 14 851 72 907 id_point
207 21 852 75 907 id_point
208 39 861 97 920 id_point
208 139 837 176 875 marker
209 138 839 176 875 marker
209 67 863 122 917 id_point
210 62 862 116 918 id_point
210 137 838 176 876 marker
211 60 863 115 919 id_point
211 138 838 176 876 marker
212 60 862 116 918 id_point
212 137 838 176 876 marker
213 57 862 114 919 id_point
213 137 838 175 876 marker
214 60 865 115 921 id_point
214 137 839 176 876 marker
215 59 863 115 919 id_point
215 138 838 175 876 marker
216 61 861 116 918 id_point
216 138 838 176 875 marker
217 62 861 117 918 id_point
217 137 838 176 875 marker
218 61 860 114 920 id_point
219 59 861 115 918 id_point
220 60 861 115 919 id_point
221 62 859 116 918 id_point
222 158 864 214 919 id_point
222 204 836 243 875 marker
223 202 838 242 876 marker
223 139 877 193 929 id_point
224 203 837 241 875 marker
224 129 874 181 927 id_point
225 202 837 242 876 marker
225 131 877 185 929 id_point
226 201 836 242 877 marker
226 129 881 181 932 id_point
227 203 838 241 876 marker
227 130 875 181 926 id_point
228 202 837 242 876 marker
228 131 876 182 929 id_point
229 203 839 242 877 marker
229 128 879 180 935 id_point
230 202 837 241 876 marker
230 130 875 183 927 id_point
231 202 838 241 876 marker
231 130 877 184 930 id_point
232 129 878 183 930 id_point
233 129 875 181 929 id_point
234 128 875 181 929 id_point
235 159 878 213 931 id_point
236 268 837 305 874 marker
236 192 882 246 935 id_point
237 268 835 306 873 marker
237 203 872 258 926 id_point
238 268 835 306 873 marker
238 204 876 256 930 id_point
239 269 837 306 875 marker
239 203 877 257 931 id_point
240 268 836 305 874 marker
240 200 879 255 931 id_point
241 268 837 306 875 marker
241 202 876 255 930 id_point
242 268 837 305 875 marker
242 201 878 256 932 id_point
243 268 836 306 874 marker
243 202 873 256 928 id_point
244 270 836 308 875 marker
244 202 876 256 929 id_point
245 202 874 257 929 id_point
246 203 878 257 933 id_point
247 203 876 258 930 id_point
248 204 875 256 929 id_point
249 202 875 258 929 id_point
250 166 932 202 964 marker
250 203 872 257 928 id_point
250 123 851 152 892 marker
251 166 930 202 964 marker
251 121 851 153 894 marker
251 208 867 252 922 marker
252 107 698 161 756 id_point
252 165 929 203 965 marker
252 123 849 154 895 marker
253 166 929 202 964 marker
253 122 849 153 894 marker
254 19 686 74 738 id_point
254 165 928 203 965 marker
254 122 849 153 893 marker
254 201 849 247 891 id_point
254 222 700 250 768 id_point
255 166 929 203 964 marker
255 22 685 64 731 id_point
255 124 850 153 894 marker
256 10 645 65 703 id_point
256 166 929 203 964 marker
256 123 850 154 894 marker
257 17 664 71 716 id_point
257 166 930 204 965 marker
257 123 851 155 895 marker
257 222 700 252 769 id_point
257 203 850 248 893 id_point
258 22 677 77 730 id_point
258 170 931 207 966 marker
258 126 851 158 895 marker
259 178 930 216 966 marker
259 135 852 167 898 marker
260 40 712 96 765 id_point
260 180 931 217 965 marker
260 138 851 169 897 marker
260 238 703 267 771 id_point
260 219 847 266 895 id_point
261 9 584 67 638 id_point
261 183 926 219 961 marker
261 141 848 171 893 marker
261 221 844 267 888 id_point
262 288 700 345 758 id_point
262 183 927 219 961 marker
262 141 848 171 889 marker
262 221 844 268 887 id_point
263 375 702 431 758 id_point
263 179 921 215 958 marker
263 137 844 168 889 marker
263 214 843 262 885 id_point
264 260 586 315 642 id_point
264 178 926 215 960 marker
264 135 848 169 891 marker
265 69 689 122 747 id_point
265 178 928 216 964 marker
265 136 851 167 895 marker
266 42 688 97 742 id_point
266 179 930 216 965 marker
266 137 852 168 897 marker
266 237 704 267 773 id_point
266 217 851 262 895 id_point
267 38 732 95 786 id_point
267 178 928 216 964 marker
267 137 849 168 897 marker
268 249 595 303 650 id_point
268 179 930 216 964 marker
268 136 850 166 894 marker
269 179 929 216 964 marker
269 136 852 166 895 marker
269 253 604 302 647 id_point
269 217 850 261 895 id_point
