0 271 662 327 718 id_point
1 272 661 328 718 id_point
2 271 638 329 708 id_point
3 272 639 329 704 id_point
4 273 657 328 716 id_point
5 271 661 326 719 id_point
6 270 628 325 688 id_point
7 271 655 326 713 id_point
8 272 649 327 707 id_point
9 273 660 328 715 id_point
10 274 660 327 717 id_point
11 271 660 326 716 id_point
12 275 636 329 692 id_point
13 245 604 299 660 id_point
14 250 604 306 657 id_point
15 248 605 305 659 id_point
16 250 611 304 663 id_point
17 250 605 306 661 id_point
18 249 605 306 662 id_point
19 250 606 306 663 id_point
20 250 609 305 665 id_point
21 251 607 306 663 id_point
22 251 605 307 660 id_point
23 251 606 306 663 id_point
24 251 607 306 663 id_point
24 331 638 369 681 marker
25 251 606 306 662 id_point
25 333 638 369 681 marker
26 251 608 306 665 id_point
26 332 639 369 681 marker
27 252 609 306 665 id_point
27 333 639 370 682 marker
28 251 608 306 664 id_point
28 331 639 370 682 marker
29 252 610 307 664 id_point
29 333 639 369 681 marker
30 255 606 310 662 id_point
30 332 637 369 680 marker
31 256 607 311 662 id_point
31 331 638 370 681 marker
32 256 608 311 665 id_point
33 262 605 317 662 id_point
34 261 605 317 663 id_point
35 299 607 353 663 id_point
35 522 635 560 674 marker
36 417 602 472 660 id_point
36 523 635 561 674 marker
37 418 600 472 658 id_point
37 523 636 560 676 marker
38 523 635 560 675 marker
39 524 636 560 675 marker
39 445 605 502 661 id_point
40 444 605 501 662 id_point
40 523 636 560 676 marker
41 524 636 560 676 marker
41 444 605 500 661 id_point
42 417 599 471 656 id_point
42 523 636 561 676 marker
43 523 637 561 677 marker
43 423 601 475 648 id_point
44 415 601 470 658 id_point
44 524 637 561 676 marker
45 415 599 468 658 id_point
46 414 604 467 660 id_point
47 356 650 406 695 id_point
48 336 834 374 873 marker
48 259 704 314 760 id_point
49 336 833 373 873 marker
49 251 802 304 858 id_point
50 336 834 372 873 marker
50 233 803 287 859 id_point
51 337 834 373 873 marker
51 233 802 288 858 id_point
52 337 834 373 873 marker
52 233 802 288 858 id_point
53 337 833 374 873 marker
53 233 803 289 859 id_point
54 337 834 374 873 marker
54 235 806 290 864 id_point
55 338 834 373 873 marker
55 235 804 288 860 id_point
56 337 834 374 873 marker
56 233 806 286 862 id_point
57 338 834 374 873 marker
57 233 803 289 859 id_point
58 237 803 292 859 id_point
58 338 834 373 872 marker
59 237 803 292 858 id_point
60 270 797 325 855 id_point
61 275 794 333 853 id_point
62 351 793 405 848 id_point
63 525 823 562 862 marker
64 525 824 562 863 marker
64 403 795 459 851 id_point
65 525 824 562 862 marker
65 406 794 462 850 id_point
66 525 823 563 862 marker
66 410 794 466 851 id_point
67 524 824 562 862 marker
67 415 796 471 853 id_point
68 524 824 562 862 marker
68 414 794 471 852 id_point
69 524 824 562 862 marker
69 413 794 471 851 id_point
70 525 823 563 862 marker
70 413 795 469 851 id_point
71 524 824 563 862 marker
71 412 795 468 852 id_point
72 411 797 468 853 id_point
73 302 712 363 764 id_point
74 303 711 358 766 id_point
75 301 709 359 764 id_point
76 302 708 359 759 id_point
76 429 922 462 958 marker
76 394 846 422 889 marker
77 302 708 359 758 id_point
77 427 921 463 958 marker
77 393 846 423 892 marker
78 289 659 347 713 id_point
78 394 846 423 889 marker
78 427 921 463 958 marker
79 428 921 465 958 marker
79 393 846 423 890 marker
80 285 659 342 713 id_point
80 428 922 464 958 marker
80 394 846 423 890 marker
81 290 639 348 691 id_point
81 428 921 465 958 marker
81 394 846 423 891 marker
82 255 575 313 630 id_point
82 428 924 463 959 marker
82 393 847 423 893 marker
