0 152 617 208 675 id_point
1 232 278 290 337 id_point
3 153 621 211 678 id_point
4 155 617 212 673 id_point
5 154 615 211 673 id_point
6 157 614 213 673 id_point
7 157 615 214 672 id_point
8 156 612 213 669 id_point
9 137 336 194 390 id_point
10 19 193 60 236 id_point
17 124 583 182 628 id_point
17 120 581 233 658 id_point
17 185 602 234 664 id_point
18 191 603 247 656 id_point
19 167 607 224 660 id_point
21 151 604 207 658 id_point
22 151 605 206 661 id_point
23 150 606 206 662 id_point
24 153 612 209 667 id_point
25 163 603 217 658 id_point
26 162 602 217 656 id_point
27 162 602 216 656 id_point
28 155 602 212 658 id_point
29 154 608 209 664 id_point
30 153 608 209 663 id_point
31 150 605 206 661 id_point
32 150 605 206 660 id_point
33 153 608 210 666 id_point
34 152 611 208 665 id_point
35 152 604 208 660 id_point
36 153 611 208 665 id_point
37 151 611 207 665 id_point
38 152 609 208 665 id_point
39 154 610 209 665 id_point
40 153 616 209 671 id_point
40 35 425 73 464 marker
41 154 615 209 671 id_point
41 35 418 73 458 marker
42 154 612 209 667 id_point
42 35 419 73 459 marker
43 36 419 75 459 marker
44 35 421 73 459 marker
45 35 420 73 458 marker
46 35 420 72 458 marker
47 34 421 72 459 marker
48 35 420 73 458 marker
49 35 420 73 459 marker
51 1 371 34 420 id_point
52 45 368 98 422 id_point
53 44 367 97 422 id_point
53 228 410 270 450 marker
54 153 360 209 416 id_point
54 228 411 269 450 marker
55 162 356 219 411 id_point
55 228 411 270 451 marker
56 159 349 214 405 id_point
56 227 411 270 450 marker
57 157 350 212 406 id_point
57 229 410 270 450 marker
58 159 350 214 407 id_point
58 229 411 269 450 marker
59 157 355 214 409 id_point
59 228 411 270 450 marker
60 158 354 214 410 id_point
60 228 410 269 450 marker
61 157 354 213 409 id_point
61 228 410 269 450 marker
62 157 356 215 410 id_point
63 158 352 213 407 id_point
64 158 354 213 408 id_point
65 33 614 72 656 marker
65 156 357 213 412 id_point
66 33 613 72 656 marker
67 33 614 72 656 marker
68 34 614 71 655 marker
69 33 614 72 655 marker
70 33 614 72 655 marker
71 33 614 71 655 marker
72 33 614 72 656 marker
73 34 614 72 656 marker
74 33 613 72 656 marker
77 5 612 59 666 id_point
78 10 610 65 664 id_point
79 131 610 187 667 id_point
79 229 606 272 651 marker
80 154 610 211 665 id_point
80 230 605 272 650 marker
81 152 608 208 663 id_point
81 230 603 270 651 marker
82 229 603 272 650 marker
83 161 607 217 662 id_point
83 232 604 272 651 marker
84 231 606 273 651 marker
85 167 608 224 662 id_point
85 231 605 273 651 marker
86 163 607 219 662 id_point
86 231 606 273 652 marker
87 163 605 218 657 id_point
87 232 607 273 652 marker
88 166 604 223 660 id_point
88 231 606 273 651 marker
89 163 607 219 661 id_point
89 231 606 273 652 marker
90 164 607 220 662 id_point
91 154 608 211 663 id_point
92 155 607 211 662 id_point
93 159 605 215 661 id_point
94 158 605 214 658 id_point
95 159 602 215 654 id_point
97 144 588 199 642 id_point
98 150 590 206 645 id_point
99 197 617 251 669 id_point
102 198 569 254 624 id_point
103 201 568 258 621 id_point
104 214 547 267 601 id_point
105 213 600 268 651 id_point
109 306 863 363 921 id_point
110 291 831 345 892 id_point
111 287 937 342 993 id_point
112 285 941 340 997 id_point
114 172 555 226 609 id_point
115 185 588 238 641 id_point
116 186 588 240 640 id_point
117 185 589 238 643 id_point
118 185 594 240 645 id_point
119 196 600 251 652 id_point
121 177 604 231 658 id_point
122 186 601 241 653 id_point
123 190 605 242 653 id_point
124 189 600 243 651 id_point
125 188 601 241 653 id_point
126 190 600 244 651 id_point
127 190 616 246 669 id_point
128 192 604 246 653 id_point
129 194 604 247 654 id_point
130 192 603 246 653 id_point
131 193 595 249 649 id_point
