0 264 567 318 619 id_point
1 269 574 323 627 id_point
2 267 576 323 630 id_point
3 318 613 375 670 id_point
4 314 581 370 640 id_point
5 313 582 371 640 id_point
6 317 580 373 637 id_point
7 329 606 385 664 id_point
9 314 603 371 659 id_point
10 334 585 390 643 id_point
11 317 702 373 756 id_point
12 317 701 374 756 id_point
13 317 700 374 758 id_point
14 314 702 371 758 id_point
15 260 572 315 621 id_point
16 262 569 319 622 id_point
17 264 573 321 624 id_point
18 263 576 319 628 id_point
19 266 572 322 623 id_point
19 269 628 299 659 marker
20 267 573 323 625 id_point
20 273 623 302 660 marker
21 271 575 324 627 id_point
22 267 577 323 628 id_point
23 265 576 321 627 id_point
23 273 628 301 665 marker
24 268 577 322 630 id_point
25 266 579 320 630 id_point
25 273 628 300 665 marker
26 268 576 323 627 id_point
27 268 577 322 628 id_point
28 269 576 324 630 id_point
29 269 576 325 629 id_point
29 275 625 303 663 marker
30 271 577 323 630 id_point
31 268 578 323 629 id_point
31 314 605 353 646 marker
32 268 579 320 630 id_point
32 313 604 352 647 marker
33 269 577 322 629 id_point
33 314 605 352 647 marker
34 269 577 321 629 id_point
34 314 605 352 647 marker
35 272 578 326 627 id_point
35 313 603 353 647 marker
36 272 582 326 634 id_point
36 313 603 355 647 marker
37 271 579 325 632 id_point
37 314 604 353 647 marker
38 273 577 326 625 id_point
38 313 603 353 647 marker
39 273 578 328 628 id_point
39 315 604 353 648 marker
40 275 579 329 628 id_point
40 313 604 354 648 marker
41 273 576 328 627 id_point
41 314 604 353 648 marker
42 271 576 326 629 id_point
43 273 575 329 628 id_point
44 282 577 337 631 id_point
45 282 576 338 631 id_point
46 283 576 338 632 id_point
47 502 568 553 630 id_point
48 503 565 559 624 id_point
48 505 609 548 652 marker
49 505 565 560 623 id_point
49 504 610 549 650 marker
50 504 564 558 622 id_point
50 506 607 548 650 marker
51 501 567 555 624 id_point
51 509 606 550 649 marker
52 503 567 557 626 id_point
53 503 568 555 628 id_point
54 500 568 554 630 id_point
55 497 567 551 627 id_point
56 498 568 552 628 id_point
56 507 611 552 648 marker
57 499 566 554 623 id_point
58 503 564 558 620 id_point
59 505 564 559 621 id_point
60 262 776 320 829 id_point
61 317 807 357 849 marker
61 265 826 320 883 id_point
62 269 860 329 911 id_point
62 317 808 358 849 marker
63 271 857 327 911 id_point
63 316 808 357 848 marker
64 316 808 357 849 marker
64 267 847 320 902 id_point
65 317 807 357 849 marker
66 270 854 326 908 id_point
66 317 808 358 849 marker
67 269 852 324 905 id_point
67 317 808 358 849 marker
68 269 851 324 905 id_point
68 317 808 357 848 marker
69 272 854 326 907 id_point
69 317 809 358 849 marker
70 269 851 324 905 id_point
70 317 809 358 849 marker
71 270 852 324 905 id_point
72 272 851 328 904 id_point
73 296 846 355 902 id_point
74 335 851 391 907 id_point
75 506 828 562 885 id_point
76 506 824 560 884 id_point
77 501 833 556 890 id_point
77 512 795 548 832 marker
78 503 830 556 888 id_point
78 510 795 549 833 marker
79 489 820 543 881 id_point
79 512 795 551 835 marker
80 487 821 541 879 id_point
80 511 795 551 834 marker
81 488 820 542 880 id_point
81 510 794 551 835 marker
82 488 817 543 880 id_point
82 507 796 552 837 marker
83 488 817 542 879 id_point
83 507 796 550 835 marker
84 490 813 544 878 id_point
85 488 819 544 880 id_point
85 510 796 551 836 marker
86 489 821 545 879 id_point
87 489 821 544 879 id_point
88 490 820 546 879 id_point
89 489 820 545 879 id_point
90 327 586 383 643 id_point
90 457 1044 502 1085 marker
91 252 534 307 585 id_point
91 459 1048 501 1085 marker
92 321 637 379 691 id_point
92 459 1047 502 1085 marker
92 329 690 353 727 marker
93 313 669 368 723 id_point
93 459 1049 501 1085 marker
94 459 1049 500 1086 marker
