0 263 623 316 679 id_point
1 260 624 318 676 id_point
2 243 659 300 717 id_point
3 244 657 302 713 id_point
4 243 658 299 716 id_point
5 244 657 298 716 id_point
6 247 614 303 675 id_point
7 248 614 305 672 id_point
8 247 613 304 669 id_point
9 233 252 288 307 id_point
10 258 211 314 266 id_point
11 247 230 305 282 id_point
12 248 219 305 273 id_point
13 239 236 295 288 id_point
14 244 238 275 278 marker
15 238 224 295 277 id_point
19 242 700 302 756 id_point
26 222 674 275 730 id_point
27 220 674 276 732 id_point
28 220 674 276 732 id_point
29 219 674 275 732 id_point
30 219 674 275 731 id_point
32 222 672 277 728 id_point
33 223 676 277 732 id_point
34 221 678 277 736 id_point
35 219 679 275 736 id_point
37 222 683 277 740 id_point
39 224 688 278 745 id_point
40 224 691 277 752 id_point
41 221 692 277 749 id_point
42 221 687 277 745 id_point
43 219 673 274 731 id_point
44 222 677 277 735 id_point
45 221 678 276 733 id_point
47 219 671 274 728 id_point
48 219 671 274 728 id_point
50 215 688 271 744 id_point
51 210 710 265 767 id_point
52 219 712 273 768 id_point
53 224 704 278 760 id_point
54 230 687 285 744 id_point
55 242 399 300 448 id_point
56 241 399 300 449 id_point
57 249 253 308 307 id_point
58 273 163 326 220 id_point
61 224 657 279 714 id_point
62 231 647 285 702 id_point
63 235 624 292 681 id_point
64 234 623 293 680 id_point
65 234 625 291 682 id_point
66 236 629 293 684 id_point
67 236 629 293 684 id_point
68 234 626 292 683 id_point
69 238 627 295 684 id_point
70 239 614 294 669 id_point
71 238 614 295 668 id_point
72 240 612 297 667 id_point
73 238 614 293 670 id_point
74 238 619 294 670 id_point
75 236 616 294 673 id_point
76 235 618 291 671 id_point
77 238 618 294 672 id_point
78 234 619 288 674 id_point
79 233 617 288 675 id_point
80 238 620 295 676 id_point
81 237 619 295 676 id_point
82 236 618 294 676 id_point
83 234 620 290 675 id_point
84 239 622 296 676 id_point
85 237 620 295 678 id_point
86 236 619 295 676 id_point
87 235 621 294 677 id_point
88 235 619 292 677 id_point
89 236 619 294 675 id_point
90 237 619 295 677 id_point
91 232 616 287 675 id_point
91 300 417 341 458 marker
92 265 404 321 458 id_point
92 302 416 339 456 marker
93 254 414 314 469 id_point
93 303 416 342 457 marker
93 266 468 295 503 marker
94 254 415 311 470 id_point
94 304 416 342 457 marker
95 299 417 342 455 marker
96 255 415 311 467 id_point
96 304 417 342 456 marker
96 266 467 295 502 marker
97 303 417 341 457 marker
97 258 413 315 467 id_point
97 267 467 295 502 marker
98 253 415 309 467 id_point
98 303 417 342 457 marker
99 247 415 306 464 id_point
99 303 415 342 456 marker
100 303 417 342 456 marker
100 252 409 310 458 id_point
101 258 407 322 458 id_point
102 274 405 330 459 id_point
103 280 408 334 464 id_point
103 283 461 308 500 marker
104 292 414 345 467 id_point
104 397 418 437 457 marker
105 395 419 437 458 marker
105 342 413 397 466 id_point
106 356 411 410 463 id_point
106 404 419 436 460 marker
107 401 421 439 459 marker
107 350 408 404 463 id_point
108 402 421 438 459 marker
108 351 409 405 463 id_point
109 403 420 439 460 marker
109 351 409 405 464 id_point
110 403 465 457 523 id_point
110 397 419 437 456 marker
111 401 421 438 458 marker
111 348 410 404 464 id_point
112 403 420 439 459 marker
112 351 410 406 464 id_point
113 402 420 438 459 marker
113 350 410 405 464 id_point
114 351 410 406 466 id_point
115 358 408 412 464 id_point
116 359 412 412 466 id_point
118 491 424 529 461 marker
118 412 425 469 479 id_point
119 494 424 530 462 marker
119 443 415 498 472 id_point
120 493 424 531 462 marker
120 443 416 496 471 id_point
121 493 424 531 463 marker
121 442 415 496 471 id_point
122 494 424 531 463 marker
122 443 417 496 471 id_point
123 493 423 530 462 marker
123 443 416 497 470 id_point
124 494 424 531 463 marker
124 443 421 497 475 id_point
125 493 423 530 462 marker
125 440 424 496 480 id_point
126 439 425 492 480 id_point
127 439 428 493 484 id_point
128 439 432 493 489 id_point
129 248 536 307 592 id_point
130 305 512 341 553 marker
130 251 535 310 585 id_point
131 246 519 305 574 id_point
131 303 513 341 555 marker
132 303 513 342 553 marker
132 246 516 304 572 id_point
133 248 517 305 572 id_point
133 303 513 342 554 marker
134 299 511 342 552 marker
135 247 519 306 571 id_point
135 304 513 342 555 marker
136 304 513 342 554 marker
136 244 518 303 573 id_point
137 247 520 306 575 id_point
137 304 513 342 555 marker
138 303 513 342 554 marker
138 246 520 307 572 id_point
139 247 520 308 577 id_point
140 247 524 306 579 id_point
141 277 520 333 576 id_point
142 356 510 411 565 id_point
143 356 511 412 564 id_point
143 403 512 443 555 marker
144 401 512 442 554 marker
145 402 512 440 553 marker
145 350 521 408 576 id_point
146 349 520 407 574 id_point
146 401 512 440 554 marker
147 351 518 407 573 id_point
147 401 511 439 553 marker
148 401 512 439 554 marker
148 351 518 408 575 id_point
149 401 513 440 554 marker
149 353 518 410 574 id_point
150 401 512 440 554 marker
150 350 520 408 573 id_point
151 401 513 440 554 marker
151 352 517 411 576 id_point
152 402 512 440 554 marker
152 353 518 410 574 id_point
153 351 519 406 576 id_point
154 384 518 443 572 id_point
155 378 520 432 564 id_point
156 469 514 527 570 id_point
157 498 514 534 553 marker
157 445 518 505 577 id_point
158 498 514 533 554 marker
158 441 521 498 577 id_point
159 498 515 534 554 marker
159 441 523 498 578 id_point
160 498 514 534 554 marker
160 444 516 501 578 id_point
161 497 515 533 554 marker
161 443 522 500 577 id_point
162 497 514 533 554 marker
162 442 523 498 577 id_point
163 498 515 533 554 marker
163 443 520 501 578 id_point
164 498 514 534 554 marker
164 447 524 502 579 id_point
165 446 525 501 581 id_point
166 452 527 500 571 id_point
167 244 596 301 649 id_point
168 236 625 291 680 id_point
169 226 623 282 680 id_point
169 303 614 344 657 marker
170 235 621 291 677 id_point
170 302 615 345 658 marker
171 235 625 290 680 id_point
171 302 614 346 657 marker
172 233 622 290 677 id_point
172 302 614 345 658 marker
173 234 623 289 677 id_point
173 303 615 345 657 marker
174 233 624 289 680 id_point
174 302 613 344 657 marker
175 236 626 291 681 id_point
175 301 615 344 657 marker
176 235 627 293 682 id_point
176 301 614 343 656 marker
177 234 626 290 682 id_point
177 301 614 344 656 marker
178 233 627 289 682 id_point
178 301 613 344 656 marker
179 237 626 293 682 id_point
179 302 614 344 656 marker
180 236 629 292 685 id_point
181 247 626 301 680 id_point
183 369 620 423 674 id_point
184 403 614 444 657 marker
185 338 626 394 680 id_point
185 405 613 444 656 marker
186 404 613 444 656 marker
186 335 626 390 680 id_point
187 405 614 445 656 marker
187 335 625 391 680 id_point
188 405 613 444 655 marker
188 340 627 397 681 id_point
189 332 625 387 679 id_point
189 404 615 443 658 marker
190 330 625 384 679 id_point
190 403 614 443 656 marker
191 404 613 443 656 marker
191 334 626 390 681 id_point
192 334 626 390 681 id_point
192 403 612 443 656 marker
193 329 620 384 674 id_point
193 402 613 443 656 marker
194 332 623 386 677 id_point
195 332 623 381 674 id_point
196 419 614 474 668 id_point
197 427 624 482 678 id_point
198 432 627 488 681 id_point
198 501 611 540 653 marker
199 433 629 488 683 id_point
199 501 612 540 653 marker
200 433 628 488 683 id_point
200 500 611 539 652 marker
201 433 627 488 681 id_point
201 500 611 539 653 marker
202 432 627 489 681 id_point
202 501 610 539 654 marker
203 433 625 488 679 id_point
203 501 611 539 655 marker
204 433 628 489 681 id_point
204 501 612 539 653 marker
205 500 612 539 654 marker
205 434 627 489 682 id_point
206 429 626 485 682 id_point
206 499 611 539 652 marker
207 428 625 484 679 id_point
207 500 612 539 653 marker
208 430 625 484 679 id_point
209 433 624 487 679 id_point
210 432 623 486 677 id_point
211 254 627 313 679 id_point
212 262 615 318 668 id_point
213 258 608 315 661 id_point
217 329 623 383 675 id_point
218 331 621 385 675 id_point
219 248 667 305 720 id_point
220 231 701 285 757 id_point
221 233 708 289 766 id_point
222 230 707 285 764 id_point
223 234 701 289 758 id_point
224 233 701 288 758 id_point
225 232 705 288 760 id_point
226 233 706 287 761 id_point
227 228 704 286 758 id_point
229 284 255 332 314 id_point
231 240 271 295 324 id_point
233 241 560 301 614 id_point
234 239 559 295 614 id_point
235 239 558 297 614 id_point
238 264 623 307 673 id_point
239 254 625 312 680 id_point
240 238 624 294 682 id_point
241 249 628 306 682 id_point
242 270 625 324 681 id_point
243 280 645 334 697 id_point
244 271 647 326 700 id_point
245 282 631 327 678 id_point
246 275 627 333 683 id_point
247 279 644 334 697 id_point
248 250 631 302 687 id_point
249 247 627 300 675 id_point
250 245 626 301 682 id_point
251 255 646 312 701 id_point
252 250 660 305 717 id_point
253 245 664 302 718 id_point
254 247 669 289 712 id_point
