0 212 599 267 653 id_point
1 209 593 272 651 id_point
2 213 596 271 650 id_point
3 273 193 325 248 id_point
6 277 182 333 241 id_point
7 271 209 324 267 id_point
8 273 199 326 260 id_point
9 270 199 325 259 id_point
11 221 614 273 669 id_point
12 220 607 273 659 id_point
13 220 601 275 654 id_point
14 219 599 273 652 id_point
15 216 599 273 652 id_point
16 215 599 273 654 id_point
17 212 600 270 654 id_point
18 212 599 270 654 id_point
19 212 599 270 653 id_point
20 219 593 278 652 id_point
21 226 595 280 648 id_point
22 223 596 278 649 id_point
23 225 595 279 648 id_point
24 215 427 254 463 marker
24 220 598 275 651 id_point
25 241 367 295 421 id_point
25 216 426 258 464 marker
26 241 370 295 424 id_point
26 217 427 255 465 marker
27 242 369 296 422 id_point
27 215 427 256 463 marker
28 240 367 296 422 id_point
28 214 427 257 463 marker
29 241 366 295 420 id_point
29 216 426 256 464 marker
30 241 369 295 422 id_point
30 215 428 256 463 marker
31 240 369 295 423 id_point
31 216 427 256 464 marker
32 241 371 296 423 id_point
32 217 427 256 465 marker
33 243 370 296 424 id_point
34 237 372 292 426 id_point
35 237 373 292 428 id_point
36 328 365 381 422 id_point
36 311 426 352 462 marker
37 329 367 381 423 id_point
37 314 427 353 463 marker
38 329 365 381 421 id_point
38 314 428 351 464 marker
39 329 367 380 423 id_point
39 315 429 352 466 marker
40 329 363 380 419 id_point
40 314 428 351 465 marker
41 329 365 380 420 id_point
41 315 428 351 465 marker
42 329 364 380 420 id_point
42 316 429 353 466 marker
43 328 366 380 421 id_point
43 314 429 353 466 marker
43 169 370 201 405 marker
44 328 367 380 423 id_point
44 316 431 354 467 marker
45 328 370 380 423 id_point
46 327 372 380 425 id_point
47 328 372 380 425 id_point
48 400 363 452 416 id_point
48 409 437 444 472 marker
49 409 436 445 473 marker
49 415 374 471 430 id_point
50 410 436 446 473 marker
50 412 374 469 430 id_point
51 409 437 445 473 marker
51 413 367 466 424 id_point
52 409 435 445 470 marker
52 412 368 466 419 id_point
53 409 434 445 469 marker
53 411 365 465 417 id_point
54 409 435 444 470 marker
54 412 366 466 419 id_point
54 170 371 199 407 marker
55 409 435 444 470 marker
55 413 365 467 421 id_point
56 409 435 444 470 marker
56 411 366 464 422 id_point
57 410 434 445 470 marker
57 411 365 464 419 id_point
58 412 366 468 418 id_point
59 412 367 467 420 id_point
61 215 528 254 565 marker
61 244 522 305 576 id_point
62 224 481 280 535 id_point
62 217 528 259 567 marker
63 224 484 280 538 id_point
63 215 530 256 568 marker
64 225 486 280 540 id_point
64 218 529 257 573 marker
65 226 483 280 538 id_point
65 218 530 258 568 marker
66 225 486 280 540 id_point
66 218 528 258 568 marker
67 225 486 280 540 id_point
67 216 530 257 570 marker
68 226 486 281 540 id_point
68 217 529 258 572 marker
69 225 488 282 544 id_point
69 217 528 258 571 marker
70 228 489 282 542 id_point
71 229 488 283 541 id_point
72 229 488 284 541 id_point
73 315 529 356 570 marker
73 306 485 365 538 id_point
74 322 483 375 539 id_point
74 317 530 356 566 marker
74 170 371 200 408 marker
75 322 488 375 543 id_point
75 317 532 354 572 marker
76 323 483 376 539 id_point
76 316 530 354 571 marker
77 321 480 375 536 id_point
77 317 530 357 567 marker
78 320 481 374 538 id_point
78 317 532 358 569 marker
79 320 479 374 536 id_point
79 316 529 358 567 marker
80 319 482 373 536 id_point
80 316 530 355 567 marker
81 319 480 374 536 id_point
81 315 532 357 570 marker
82 320 479 373 533 id_point
83 320 481 374 535 id_point
84 319 481 372 534 id_point
86 394 480 448 537 id_point
86 413 529 450 566 marker
87 406 479 459 535 id_point
87 412 528 450 566 marker
88 408 481 463 536 id_point
88 414 530 449 569 marker
89 407 478 461 536 id_point
89 411 529 449 566 marker
90 409 478 461 531 id_point
90 412 523 449 563 marker
91 406 474 459 530 id_point
91 412 526 450 566 marker
91 170 371 199 410 marker
92 406 478 460 534 id_point
92 414 527 450 566 marker
93 408 482 460 534 id_point
93 412 529 450 568 marker
94 406 485 460 536 id_point
94 412 531 450 573 marker
95 404 480 460 534 id_point
96 406 478 460 530 id_point
97 205 557 261 611 id_point
98 214 570 269 626 id_point
99 221 578 274 633 id_point
99 221 627 263 674 marker
100 220 600 274 656 id_point
101 221 601 275 657 id_point
102 221 597 275 656 id_point
103 220 598 275 657 id_point
104 219 599 276 658 id_point
105 221 599 275 657 id_point
106 221 598 275 658 id_point
107 220 599 277 657 id_point
108 226 597 280 651 id_point
109 225 598 280 653 id_point
110 232 601 286 654 id_point
111 298 593 352 648 id_point
112 319 599 372 658 id_point
113 320 598 372 658 id_point
114 319 594 371 652 id_point
115 317 594 370 658 id_point
116 318 594 368 663 id_point
117 319 594 371 653 id_point
117 324 622 369 668 marker
118 318 595 371 654 id_point
119 318 595 370 653 id_point
119 324 622 366 669 marker
120 317 595 367 655 id_point
121 316 595 369 648 id_point
122 319 592 377 645 id_point
123 329 593 381 644 id_point
124 402 583 456 640 id_point
124 422 622 457 662 marker
125 404 588 457 647 id_point
125 417 615 456 663 marker
126 402 590 456 650 id_point
126 420 621 459 663 marker
127 401 587 455 647 id_point
127 420 621 458 662 marker
128 402 586 455 649 id_point
128 420 622 459 664 marker
129 402 589 455 651 id_point
129 419 623 457 663 marker
130 419 624 456 664 marker
130 459 621 513 677 id_point
131 419 623 457 663 marker
131 458 619 513 678 id_point
132 418 623 457 664 marker
132 459 615 514 674 id_point
133 419 622 457 662 marker
133 456 616 513 674 id_point
134 457 618 512 672 id_point
135 459 618 512 671 id_point
136 342 557 399 608 id_point
137 241 518 295 570 id_point
137 171 367 202 405 marker
138 243 516 296 569 id_point
138 337 569 380 614 marker
138 287 367 312 397 marker
138 393 457 442 518 id_point
139 252 493 308 546 id_point
139 336 570 379 616 marker
139 287 369 312 398 marker
140 337 570 380 615 marker
140 392 458 443 518 id_point
141 236 222 292 281 id_point
141 339 571 381 614 marker
141 390 458 444 516 id_point
141 286 460 326 517 marker
142 338 572 380 617 marker
142 289 370 315 398 marker
142 286 460 324 517 marker
142 391 455 445 519 id_point
143 228 181 284 237 id_point
143 338 571 380 615 marker
143 286 460 323 517 marker
143 390 458 440 516 id_point
144 224 242 277 298 id_point
144 338 571 380 615 marker
144 393 458 442 518 id_point
144 286 460 323 518 marker
145 339 570 380 615 marker
145 287 368 314 398 marker
145 287 459 324 517 marker
145 394 457 443 518 id_point
146 227 230 280 287 id_point
146 338 570 380 614 marker
146 388 458 442 515 id_point
146 286 460 325 517 marker
