0 246 592 303 651 id_point
1 247 594 304 652 id_point
2 248 596 306 655 id_point
3 249 579 307 640 id_point
4 253 581 307 638 id_point
5 257 592 314 650 id_point
6 254 603 311 659 id_point
7 253 595 310 653 id_point
8 253 592 309 650 id_point
9 253 585 310 649 id_point
10 252 579 308 641 id_point
11 249 570 305 627 id_point
12 251 564 306 621 id_point
13 251 559 307 615 id_point
14 251 564 306 619 id_point
15 251 564 306 621 id_point
16 254 575 308 632 id_point
17 256 566 312 621 id_point
18 254 563 308 620 id_point
19 254 597 309 653 id_point
20 267 555 323 612 id_point
21 265 556 320 610 id_point
22 261 571 313 627 id_point
23 254 577 308 635 id_point
24 249 587 303 645 id_point
24 84 633 123 674 marker
25 251 581 306 638 id_point
25 84 629 124 672 marker
26 48 577 104 632 id_point
26 85 627 121 669 marker
27 85 627 122 669 marker
27 30 575 84 629 id_point
28 19 574 74 630 id_point
28 85 629 124 669 marker
29 17 573 72 628 id_point
29 85 627 124 667 marker
30 14 571 72 625 id_point
30 85 627 123 667 marker
31 17 573 72 629 id_point
31 85 628 123 667 marker
32 19 574 73 628 id_point
32 85 627 124 667 marker
33 20 575 73 629 id_point
34 25 575 100 627 id_point
35 46 573 101 631 id_point
36 53 578 97 622 id_point
37 107 575 161 631 id_point
37 148 625 190 665 marker
38 94 573 149 632 id_point
38 149 626 191 666 marker
39 92 573 146 632 id_point
39 148 626 190 666 marker
40 91 573 145 632 id_point
40 149 627 190 667 marker
41 91 572 143 629 id_point
41 148 627 189 666 marker
42 140 625 180 666 marker
42 84 573 137 631 id_point
43 82 574 135 630 id_point
43 140 624 179 665 marker
44 141 625 180 665 marker
44 82 575 134 632 id_point
45 81 576 135 634 id_point
45 141 625 180 665 marker
46 79 574 134 631 id_point
46 141 625 181 666 marker
47 82 575 136 633 id_point
48 89 574 142 631 id_point
49 95 576 145 634 id_point
50 157 575 213 632 id_point
51 207 624 248 665 marker
51 160 577 218 633 id_point
52 207 624 249 664 marker
52 164 576 219 632 id_point
53 207 624 248 665 marker
53 160 573 216 631 id_point
54 207 624 249 665 marker
54 159 573 214 632 id_point
55 207 624 249 664 marker
55 158 574 215 633 id_point
56 213 624 253 665 marker
56 163 575 217 631 id_point
57 214 623 254 664 marker
57 167 574 221 629 id_point
58 212 624 253 664 marker
58 167 573 219 627 id_point
59 165 572 218 629 id_point
60 169 574 224 630 id_point
61 177 573 232 629 id_point
62 248 565 303 622 id_point
63 248 564 303 622 id_point
63 280 618 322 661 marker
64 245 564 301 622 id_point
64 280 618 323 661 marker
65 245 567 298 624 id_point
65 282 619 322 662 marker
66 283 621 324 663 marker
66 245 570 298 626 id_point
67 245 568 300 624 id_point
67 281 621 323 664 marker
68 275 620 315 663 marker
68 242 572 296 630 id_point
69 235 572 290 629 id_point
69 273 620 315 663 marker
70 275 619 315 663 marker
70 238 572 291 627 id_point
71 238 570 291 625 id_point
71 276 620 317 663 marker
72 236 571 291 628 id_point
73 236 569 290 627 id_point
74 237 572 292 629 id_point
76 83 692 120 733 marker
76 1 668 58 725 id_point
77 6 672 61 724 id_point
77 83 692 122 734 marker
78 13 669 69 722 id_point
78 83 692 121 733 marker
78 17 730 44 758 marker
79 11 675 67 726 id_point
79 81 693 120 734 marker
80 75 694 113 734 marker
80 9 675 64 727 id_point
80 12 729 40 764 marker
81 75 694 112 735 marker
81 10 678 65 729 id_point
82 75 695 113 735 marker
82 10 676 66 729 id_point
83 76 695 114 734 marker
83 10 676 65 728 id_point
84 77 695 114 734 marker
84 10 676 65 727 id_point
85 77 693 114 734 marker
85 10 675 65 728 id_point
86 11 673 66 727 id_point
87 11 672 69 725 id_point
88 12 670 71 724 id_point
89 64 678 115 731 id_point
90 80 681 135 733 id_point
90 141 693 183 734 marker
91 84 675 137 729 id_point
91 141 693 182 734 marker
92 83 673 136 726 id_point
92 142 692 183 733 marker
93 82 674 137 728 id_point
93 142 691 183 733 marker
94 80 674 136 728 id_point
94 142 692 183 733 marker
95 80 673 137 727 id_point
95 141 691 182 732 marker
96 84 674 137 728 id_point
96 142 692 183 734 marker
97 83 673 137 726 id_point
97 141 693 182 734 marker
98 84 674 138 727 id_point
98 143 692 183 734 marker
99 84 673 136 728 id_point
100 84 674 137 728 id_point
101 86 673 139 727 id_point
102 163 677 218 733 id_point
103 211 694 250 732 marker
103 168 677 222 729 id_point
104 210 693 251 733 marker
104 159 677 212 728 id_point
105 155 675 213 731 id_point
105 208 692 251 733 marker
106 211 693 252 733 marker
106 159 675 214 728 id_point
107 212 694 251 733 marker
107 162 674 216 727 id_point
108 209 691 251 733 marker
108 157 677 212 732 id_point
109 208 691 251 733 marker
109 154 677 210 732 id_point
110 209 692 251 733 marker
110 152 682 197 726 id_point
111 151 677 207 731 id_point
111 209 693 252 732 marker
112 210 693 250 732 marker
112 155 674 209 727 id_point
113 155 673 210 729 id_point
114 165 680 218 734 id_point
115 167 680 220 734 id_point
116 279 690 317 732 marker
116 230 681 285 735 id_point
117 280 691 317 733 marker
117 231 679 285 734 id_point
118 283 692 320 732 marker
118 235 679 291 735 id_point
119 283 691 318 732 marker
119 234 680 289 735 id_point
120 281 692 318 733 marker
120 230 680 285 735 id_point
121 281 691 318 733 marker
121 234 679 289 733 id_point
122 283 692 320 731 marker
122 238 676 293 730 id_point
123 281 692 318 733 marker
123 233 679 288 733 id_point
124 281 691 318 733 marker
124 233 678 290 733 id_point
125 234 677 291 732 id_point
126 230 677 286 734 id_point
127 135 712 188 766 id_point
128 0 771 52 825 id_point
129 83 759 121 799 marker
129 3 764 60 817 id_point
130 12 764 67 817 id_point
130 83 758 121 799 marker
131 13 763 69 815 id_point
131 84 758 122 799 marker
132 11 767 69 820 id_point
132 84 758 122 799 marker
133 11 767 67 817 id_point
133 84 758 121 799 marker
134 11 767 68 820 id_point
134 84 758 122 799 marker
135 11 766 68 819 id_point
135 84 758 122 799 marker
136 12 765 68 816 id_point
136 84 758 122 799 marker
137 13 764 69 815 id_point
137 83 758 121 800 marker
138 15 765 73 818 id_point
139 13 763 70 817 id_point
140 37 765 91 817 id_point
141 73 767 128 819 id_point
142 82 767 138 821 id_point
142 145 760 185 800 marker
143 83 767 140 822 id_point
143 146 759 185 800 marker
144 82 768 138 819 id_point
144 147 760 185 799 marker
145 146 760 185 799 marker
145 82 768 136 821 id_point
146 146 760 186 800 marker
146 82 767 137 820 id_point
147 146 760 185 800 marker
147 81 767 136 821 id_point
148 145 760 184 800 marker
148 82 767 137 821 id_point
149 80 767 135 820 id_point
149 147 760 185 799 marker
150 146 760 185 800 marker
150 81 771 136 824 id_point
151 80 770 135 823 id_point
151 146 760 185 800 marker
152 81 770 135 824 id_point
152 146 760 185 799 marker
153 83 766 136 819 id_point
154 85 767 139 820 id_point
155 86 765 141 818 id_point
156 110 775 167 830 id_point
157 213 759 250 799 marker
157 149 768 207 827 id_point
158 213 759 250 798 marker
158 154 768 211 824 id_point
159 213 760 250 799 marker
159 155 769 211 826 id_point
160 212 759 250 800 marker
160 156 767 212 824 id_point
161 213 761 250 800 marker
161 155 769 210 824 id_point
162 213 761 250 800 marker
162 155 771 210 826 id_point
163 213 760 250 800 marker
163 155 768 211 824 id_point
164 213 760 251 800 marker
164 161 772 216 829 id_point
165 214 759 251 800 marker
165 153 772 210 828 id_point
166 153 769 208 825 id_point
167 179 764 232 819 id_point
168 181 769 234 823 id_point
169 210 772 264 830 id_point
170 281 757 320 798 marker
170 219 769 274 831 id_point
171 235 770 291 827 id_point
171 282 758 319 799 marker
172 235 767 291 827 id_point
172 282 758 320 799 marker
173 282 757 320 798 marker
173 235 768 292 827 id_point
174 233 771 292 830 id_point
174 282 758 320 800 marker
175 236 769 293 828 id_point
175 283 757 319 799 marker
176 237 767 292 827 id_point
176 283 758 320 799 marker
177 235 767 292 827 id_point
177 283 758 321 798 marker
178 234 766 291 825 id_point
179 233 767 292 831 id_point
180 238 769 292 830 id_point
181 10 830 67 882 id_point
182 88 822 125 862 marker
182 5 860 60 912 id_point
183 12 848 69 899 id_point
183 88 822 125 862 marker
184 87 822 125 862 marker
184 13 849 71 902 id_point
185 87 822 125 863 marker
185 14 850 70 904 id_point
186 87 822 124 862 marker
186 12 850 69 904 id_point
187 87 822 124 862 marker
187 14 850 69 899 id_point
188 87 822 124 862 marker
188 16 850 72 904 id_point
189 88 822 125 863 marker
189 15 848 72 903 id_point
190 87 822 124 862 marker
190 14 849 72 901 id_point
191 16 849 72 901 id_point
192 30 848 85 902 id_point
193 39 851 93 905 id_point
194 75 854 130 907 id_point
195 149 825 188 863 marker
195 80 850 134 905 id_point
196 149 825 187 863 marker
196 88 856 142 908 id_point
197 148 825 187 864 marker
197 87 859 142 911 id_point
198 148 825 187 863 marker
198 86 857 140 910 id_point
199 148 825 187 863 marker
199 85 856 140 910 id_point
200 147 824 187 863 marker
200 84 857 139 910 id_point
201 148 825 187 863 marker
201 85 857 139 911 id_point
202 147 825 187 863 marker
202 84 858 139 911 id_point
203 149 824 189 864 marker
203 84 857 138 910 id_point
204 88 854 140 906 id_point
205 88 856 142 906 id_point
206 103 857 156 908 id_point
207 215 827 255 864 marker
207 142 863 198 918 id_point
208 216 826 255 863 marker
208 159 860 217 917 id_point
209 215 826 254 864 marker
209 159 860 216 918 id_point
210 215 826 254 864 marker
210 157 859 216 918 id_point
211 214 826 253 864 marker
211 158 861 216 919 id_point
212 215 825 254 864 marker
212 156 861 215 918 id_point
213 214 826 254 864 marker
213 157 862 214 918 id_point
214 214 828 252 863 marker
214 157 859 214 918 id_point
215 215 827 252 863 marker
215 158 859 216 917 id_point
216 157 863 213 917 id_point
217 161 859 215 913 id_point
218 170 859 224 915 id_point
219 217 867 273 923 id_point
220 280 823 322 863 marker
220 232 865 289 918 id_point
221 279 824 321 863 marker
221 238 864 295 921 id_point
222 279 824 321 863 marker
222 238 862 293 920 id_point
223 279 823 322 862 marker
223 240 865 296 919 id_point
224 280 823 321 863 marker
224 237 865 293 922 id_point
225 278 824 319 863 marker
225 237 865 294 921 id_point
226 280 823 321 863 marker
226 235 865 291 922 id_point
227 279 823 322 863 marker
227 234 866 292 923 id_point
228 279 824 320 863 marker
228 235 861 292 918 id_point
229 232 866 291 922 id_point
230 237 870 292 927 id_point
231 193 901 248 957 id_point
232 189 896 251 956 id_point
232 152 978 192 1016 marker
233 54 930 107 983 id_point
233 153 980 194 1014 marker
233 91 787 120 817 marker
233 96 883 133 931 marker
234 92 786 120 817 marker
234 153 978 196 1017 marker
234 97 887 132 934 marker
235 153 979 194 1016 marker
235 92 788 120 818 marker
236 149 976 191 1013 marker
236 89 786 116 815 marker
237 300 646 358 706 id_point
237 152 979 194 1017 marker
237 91 789 120 819 marker
237 195 885 244 931 id_point
238 286 596 340 656 id_point
238 151 977 193 1013 marker
238 91 787 120 816 marker
239 150 980 191 1017 marker
239 0 620 32 676 id_point
239 89 790 118 817 marker
239 95 884 130 936 marker
240 151 982 192 1018 marker
240 95 887 131 939 marker
