0 233 632 290 692 id_point
1 235 633 290 693 id_point
2 237 628 293 686 id_point
3 289 663 346 717 id_point
4 285 654 337 707 id_point
5 286 651 341 706 id_point
6 284 652 341 706 id_point
7 284 686 342 739 id_point
8 284 684 341 740 id_point
9 279 687 340 739 id_point
10 278 688 333 741 id_point
11 277 689 334 743 id_point
12 285 667 338 721 id_point
13 284 666 339 721 id_point
14 240 618 296 677 id_point
15 243 619 299 676 id_point
16 243 619 299 677 id_point
17 243 618 300 677 id_point
18 244 620 301 678 id_point
19 244 621 302 680 id_point
20 246 622 302 681 id_point
21 247 625 303 683 id_point
22 246 622 301 681 id_point
23 247 620 303 678 id_point
24 248 618 305 676 id_point
25 244 619 302 678 id_point
26 245 620 300 678 id_point
26 316 644 353 686 marker
27 244 618 300 676 id_point
27 316 646 353 687 marker
28 244 618 301 676 id_point
28 316 645 354 688 marker
29 244 619 300 676 id_point
29 316 645 353 686 marker
30 244 620 299 677 id_point
30 315 645 353 688 marker
31 245 622 300 679 id_point
31 317 645 353 687 marker
32 245 621 300 679 id_point
32 315 645 353 688 marker
33 244 620 300 678 id_point
33 315 646 354 689 marker
34 245 622 300 679 id_point
34 316 644 353 688 marker
35 245 623 302 681 id_point
35 316 644 353 687 marker
36 244 623 301 683 id_point
37 252 622 306 679 id_point
38 257 618 314 676 id_point
39 257 620 313 678 id_point
40 326 622 381 679 id_point
41 326 620 382 678 id_point
41 414 644 453 684 marker
42 414 644 453 684 marker
42 326 614 382 674 id_point
43 327 615 385 676 id_point
43 414 642 453 684 marker
44 415 643 453 683 marker
44 326 616 383 675 id_point
45 328 615 386 675 id_point
45 414 643 453 685 marker
46 329 617 386 676 id_point
46 414 643 453 685 marker
47 414 643 453 685 marker
47 331 621 385 678 id_point
48 414 644 453 685 marker
48 329 623 384 680 id_point
49 328 622 384 679 id_point
49 414 644 453 684 marker
50 329 625 382 680 id_point
51 327 625 382 683 id_point
52 333 622 390 677 id_point
53 335 623 391 679 id_point
54 394 618 451 678 id_point
55 400 618 455 675 id_point
55 507 642 546 682 marker
56 408 619 464 677 id_point
56 506 641 545 681 marker
57 406 616 461 673 id_point
57 506 641 546 681 marker
58 409 618 466 677 id_point
58 506 642 546 682 marker
59 406 616 462 674 id_point
59 506 642 546 682 marker
60 411 616 467 675 id_point
60 508 642 546 682 marker
61 409 617 465 676 id_point
61 506 641 546 681 marker
62 411 616 465 672 id_point
62 507 641 546 681 marker
63 411 617 466 675 id_point
63 507 642 547 681 marker
64 409 617 466 676 id_point
65 410 618 466 677 id_point
66 412 617 466 674 id_point
67 412 615 467 672 id_point
68 254 737 307 798 id_point
69 318 746 357 786 marker
69 249 730 302 789 id_point
70 320 745 356 785 marker
70 244 722 299 777 id_point
71 320 744 357 786 marker
71 243 724 295 778 id_point
72 320 744 357 786 marker
72 241 723 294 778 id_point
73 320 743 357 785 marker
73 238 721 292 777 id_point
74 320 744 357 785 marker
74 235 721 288 777 id_point
75 320 743 357 785 marker
75 240 722 293 777 id_point
76 319 744 356 785 marker
76 244 719 298 772 id_point
77 320 743 357 784 marker
77 242 723 295 776 id_point
78 243 719 297 776 id_point
78 321 744 358 787 marker
79 244 721 297 777 id_point
80 258 721 313 778 id_point
81 280 731 337 785 id_point
82 326 722 381 777 id_point
82 416 744 455 782 marker
83 327 721 380 775 id_point
83 416 745 455 783 marker
84 327 721 381 776 id_point
84 416 745 454 784 marker
85 327 721 383 772 id_point
85 417 745 455 784 marker
86 327 720 381 775 id_point
86 417 745 456 784 marker
87 328 718 383 773 id_point
87 416 745 455 783 marker
88 327 715 381 768 id_point
88 416 745 455 784 marker
89 327 715 381 768 id_point
89 416 744 455 783 marker
90 327 715 381 769 id_point
90 416 744 455 783 marker
91 416 744 454 783 marker
91 327 715 380 769 id_point
92 327 715 381 770 id_point
93 327 713 383 767 id_point
94 333 712 390 765 id_point
95 333 711 388 766 id_point
96 510 736 549 775 marker
96 387 715 436 770 id_point
97 511 737 550 775 marker
97 404 715 453 767 id_point
98 408 712 458 767 id_point
98 511 735 549 775 marker
99 404 712 460 770 id_point
99 511 736 551 776 marker
100 511 736 549 776 marker
100 407 716 458 771 id_point
101 511 737 549 776 marker
101 407 713 458 769 id_point
102 511 736 550 775 marker
102 408 710 459 765 id_point
103 511 736 550 775 marker
103 408 712 457 769 id_point
104 511 736 549 774 marker
104 408 708 458 764 id_point
105 510 736 549 776 marker
105 408 707 458 764 id_point
106 408 710 461 764 id_point
107 376 723 436 771 id_point
108 262 754 316 811 id_point
109 262 756 317 815 id_point
110 322 842 359 880 marker
110 255 787 310 843 id_point
111 320 841 360 882 marker
111 243 812 297 867 id_point
111 220 527 268 581 id_point
112 322 841 358 881 marker
112 245 812 298 867 id_point
113 321 841 360 882 marker
113 242 816 297 871 id_point
114 321 841 360 883 marker
114 243 813 296 868 id_point
115 320 842 359 883 marker
115 243 814 297 868 id_point
116 321 842 359 882 marker
116 243 814 297 869 id_point
117 321 842 359 882 marker
117 243 813 297 872 id_point
118 320 843 360 883 marker
118 244 812 299 868 id_point
119 321 842 360 882 marker
119 245 810 300 865 id_point
120 244 810 298 866 id_point
121 246 810 302 868 id_point
122 286 806 343 862 id_point
123 304 817 362 870 id_point
124 305 816 363 870 id_point
124 418 837 457 877 marker
125 417 838 456 876 marker
125 328 810 383 867 id_point
126 418 839 456 877 marker
126 329 811 382 865 id_point
127 327 811 381 868 id_point
127 418 838 456 877 marker
128 417 839 456 877 marker
128 327 813 381 868 id_point
129 417 839 456 877 marker
129 327 812 382 867 id_point
130 417 839 457 877 marker
130 328 810 383 866 id_point
131 417 840 456 877 marker
131 328 812 382 867 id_point
132 417 839 456 878 marker
132 326 810 380 866 id_point
133 326 811 380 866 id_point
133 419 839 457 879 marker
134 329 808 383 863 id_point
135 340 806 395 860 id_point
136 351 804 405 858 id_point
137 510 830 547 869 marker
137 390 803 445 860 id_point
138 510 830 547 868 marker
138 403 803 456 857 id_point
139 509 831 549 868 marker
139 407 801 461 858 id_point
140 510 830 547 869 marker
140 406 808 460 863 id_point
141 510 831 547 869 marker
141 406 809 459 864 id_point
142 509 830 549 868 marker
142 406 808 459 863 id_point
143 510 831 549 869 marker
143 408 805 460 859 id_point
144 510 831 549 870 marker
144 406 806 460 861 id_point
145 509 831 548 870 marker
145 406 805 459 859 id_point
146 510 831 547 870 marker
146 405 808 458 862 id_point
147 404 808 458 862 id_point
148 403 806 459 859 id_point
149 328 732 383 787 id_point
150 269 725 323 782 id_point
151 273 726 331 781 id_point
151 413 931 450 964 marker
151 379 856 409 898 marker
152 275 726 331 778 id_point
152 412 930 448 964 marker
152 379 852 409 898 marker
153 287 673 342 727 id_point
153 379 852 408 898 marker
153 413 929 447 962 marker
154 287 691 344 742 id_point
154 412 931 447 965 marker
154 378 854 408 898 marker
154 480 702 507 773 id_point
155 288 689 344 743 id_point
155 413 930 447 963 marker
155 379 853 409 899 marker
155 480 702 508 772 id_point
156 238 588 292 642 id_point
156 412 931 447 964 marker
156 378 853 408 898 marker
157 242 592 298 647 id_point
157 412 930 446 964 marker
157 376 852 406 900 marker
158 288 703 343 757 id_point
158 378 856 406 897 marker
158 410 931 444 965 marker
159 411 933 445 965 marker
159 377 855 407 899 marker
160 283 741 340 797 id_point
160 377 854 407 899 marker
160 412 931 446 965 marker
161 285 740 340 799 id_point
161 411 933 448 967 marker
161 377 856 406 900 marker
162 284 742 338 800 id_point
162 414 932 448 966 marker
162 379 855 408 900 marker
163 283 742 340 797 id_point
163 412 933 447 966 marker
163 378 855 408 901 marker
164 286 742 341 800 id_point
164 378 854 408 901 marker
164 412 932 447 966 marker
164 481 705 509 775 id_point
165 285 747 342 801 id_point
165 414 931 449 965 marker
165 379 855 409 900 marker
166 284 733 341 788 id_point
166 412 931 447 965 marker
166 379 854 408 899 marker
167 285 733 341 787 id_point
167 412 930 448 965 marker
167 379 854 409 899 marker
167 482 701 509 774 id_point
168 286 737 341 791 id_point
168 413 930 448 965 marker
168 378 854 408 900 marker
169 287 739 341 794 id_point
169 379 854 409 899 marker
169 413 930 448 966 marker
170 287 737 342 793 id_point
170 378 854 408 900 marker
170 412 930 446 964 marker
171 286 734 342 788 id_point
171 377 854 405 901 marker
171 413 930 445 966 marker
172 287 739 343 793 id_point
172 378 857 408 899 marker
172 412 932 447 967 marker
173 288 661 346 714 id_point
173 413 932 448 966 marker
173 378 854 407 901 marker
174 291 656 348 709 id_point
174 412 931 446 967 marker
174 377 854 407 901 marker
175 288 744 343 797 id_point
175 412 932 447 966 marker
175 378 857 407 901 marker
176 288 737 342 793 id_point
176 413 933 448 967 marker
176 378 855 408 901 marker
176 480 703 508 775 id_point
177 292 737 338 780 id_point
177 379 854 409 900 marker
177 413 931 449 965 marker
