0 386 578 422 615 marker
0 345 488 376 534 marker
1 315 235 373 294 id_point
1 386 575 422 609 marker
1 343 486 372 530 marker
2 290 225 344 282 id_point
2 385 577 422 616 marker
2 343 488 374 536 marker
3 293 211 347 266 id_point
3 384 581 419 619 marker
4 281 304 334 362 id_point
4 385 576 421 614 marker
4 344 487 374 533 marker
5 406 463 463 525 id_point
5 385 576 421 614 marker
6 383 578 420 616 marker
6 415 475 461 520 id_point
7 382 575 418 613 marker
7 417 402 466 448 id_point
8 313 283 369 342 id_point
8 384 577 421 617 marker
9 300 277 355 334 id_point
9 385 578 421 616 marker
9 342 488 371 536 marker
10 295 273 348 331 id_point
10 384 575 419 614 marker
10 342 487 372 536 marker
11 295 286 348 345 id_point
11 385 579 421 617 marker
11 343 489 372 538 marker
12 282 311 334 366 id_point
12 384 578 419 613 marker
13 282 307 336 363 id_point
13 385 577 421 613 marker
14 284 308 336 364 id_point
14 385 577 421 613 marker
14 345 488 374 534 marker
15 282 310 336 365 id_point
15 384 577 420 614 marker
15 342 488 373 536 marker
16 281 310 335 366 id_point
16 385 576 421 612 marker
16 343 488 373 534 marker
17 386 576 421 613 marker
18 291 606 345 660 id_point
18 385 577 421 612 marker
18 344 487 374 532 marker
19 298 603 350 657 id_point
19 386 577 422 610 marker
20 385 574 419 609 marker
20 298 606 353 657 id_point
20 342 485 372 532 marker
21 309 607 363 661 id_point
21 383 575 420 610 marker
22 311 605 365 657 id_point
22 384 576 419 611 marker
23 386 576 420 609 marker
23 313 600 366 655 id_point
23 344 489 375 530 marker
24 315 602 367 655 id_point
25 315 606 369 662 id_point
27 261 634 314 688 id_point
28 261 633 314 688 id_point
30 227 625 281 682 id_point
31 234 627 288 681 id_point
34 226 623 281 682 id_point
35 226 623 281 681 id_point
36 225 624 280 680 id_point
37 226 620 282 677 id_point
39 227 624 282 680 id_point
40 231 625 286 679 id_point
41 230 618 284 678 id_point
42 230 619 285 674 id_point
43 227 614 279 669 id_point
44 227 617 282 674 id_point
45 228 617 283 674 id_point
46 228 618 283 674 id_point
47 229 616 283 672 id_point
48 229 618 283 676 id_point
49 229 619 284 675 id_point
50 237 618 292 672 id_point
51 231 613 286 667 id_point
52 231 611 284 665 id_point
53 248 621 301 677 id_point
54 247 620 302 676 id_point
55 247 617 302 671 id_point
56 248 622 301 679 id_point
57 237 630 291 686 id_point
58 236 629 291 683 id_point
59 236 630 291 687 id_point
60 236 636 291 692 id_point
60 283 422 323 458 marker
61 283 422 322 459 marker
62 283 421 323 460 marker
63 285 422 322 460 marker
63 236 364 289 417 id_point
64 282 420 323 461 marker
65 257 368 314 426 id_point
65 283 421 322 461 marker
66 260 373 312 424 id_point
66 284 421 323 461 marker
67 257 367 314 424 id_point
67 281 419 323 461 marker
68 258 370 314 426 id_point
68 284 422 321 460 marker
69 260 373 312 426 id_point
69 284 422 323 462 marker
70 259 370 313 422 id_point
70 282 422 322 460 marker
71 255 378 311 427 id_point
71 284 423 321 462 marker
72 256 375 315 426 id_point
73 257 369 316 423 id_point
74 266 369 322 425 id_point
75 266 370 322 425 id_point
75 349 421 389 460 marker
76 271 376 326 433 id_point
76 349 421 389 461 marker
77 335 373 388 432 id_point
77 346 423 389 462 marker
78 335 369 388 427 id_point
78 346 424 389 462 marker
79 330 374 384 433 id_point
79 348 424 389 462 marker
80 332 374 384 432 id_point
80 348 424 390 462 marker
81 333 371 386 428 id_point
81 346 422 390 462 marker
82 333 374 385 432 id_point
82 347 424 389 461 marker
83 332 377 384 439 id_point
83 349 425 387 464 marker
84 330 377 383 438 id_point
84 349 425 387 464 marker
85 332 375 383 438 id_point
85 349 424 387 465 marker
86 328 374 382 430 id_point
87 325 378 382 435 id_point
88 331 380 385 437 id_point
89 376 384 432 438 id_point
89 413 423 452 460 marker
90 408 374 461 431 id_point
91 403 376 457 431 id_point
91 411 424 453 463 marker
92 404 374 458 428 id_point
92 411 424 453 463 marker
93 404 374 458 430 id_point
93 411 424 453 464 marker
94 402 373 457 428 id_point
94 411 423 454 463 marker
95 401 374 455 429 id_point
95 410 424 452 463 marker
96 401 376 454 433 id_point
96 411 425 453 465 marker
97 400 376 454 433 id_point
97 410 425 452 465 marker
98 400 375 454 432 id_point
98 409 424 453 463 marker
99 401 377 454 432 id_point
100 395 379 452 432 id_point
101 404 374 459 429 id_point
102 408 378 462 432 id_point
103 408 378 462 433 id_point
104 476 381 533 438 id_point
104 472 426 514 465 marker
105 478 379 533 439 id_point
105 472 426 515 465 marker
106 481 373 534 431 id_point
106 476 424 514 462 marker
107 476 423 513 461 marker
108 483 374 537 433 id_point
108 475 426 516 463 marker
109 476 423 513 461 marker
110 482 372 536 431 id_point
110 476 425 515 463 marker
111 478 422 515 461 marker
111 464 371 506 419 id_point
112 457 368 510 424 id_point
112 474 424 516 461 marker
113 454 369 509 425 id_point
113 476 423 516 461 marker
114 454 371 508 428 id_point
114 477 424 515 461 marker
115 456 375 512 429 id_point
116 459 373 513 429 id_point
118 262 479 329 531 id_point
119 260 472 320 528 id_point
120 261 455 323 512 id_point
120 292 486 327 526 marker
121 262 456 322 513 id_point
122 287 486 326 524 marker
122 276 456 317 507 id_point
123 261 453 323 512 id_point
123 290 486 329 528 marker
124 260 452 319 507 id_point
124 291 484 329 524 marker
125 287 485 325 525 marker
126 260 454 320 513 id_point
126 288 485 326 526 marker
127 261 455 323 514 id_point
128 289 483 326 525 marker
129 259 459 320 513 id_point
130 262 457 325 512 id_point
131 270 457 327 510 id_point
132 275 456 331 511 id_point
133 321 445 376 500 id_point
134 351 485 390 525 marker
134 325 446 380 503 id_point
135 350 486 390 526 marker
135 326 448 381 508 id_point
136 352 486 391 526 marker
136 330 446 385 503 id_point
137 329 446 383 504 id_point
137 351 486 391 527 marker
138 352 486 391 526 marker
138 328 446 383 503 id_point
139 351 485 391 526 marker
139 329 446 383 503 id_point
140 350 485 392 526 marker
140 330 447 384 503 id_point
141 353 486 393 525 marker
141 328 446 384 502 id_point
142 351 485 391 526 marker
142 330 446 383 502 id_point
143 352 486 392 526 marker
143 327 449 383 506 id_point
144 327 445 382 501 id_point
145 329 448 382 503 id_point
146 349 450 403 505 id_point
147 353 447 408 503 id_point
148 379 447 434 503 id_point
149 382 452 439 510 id_point
149 415 484 456 525 marker
150 382 452 438 510 id_point
150 417 486 456 525 marker
151 387 453 444 512 id_point
151 412 482 454 524 marker
152 386 451 442 507 id_point
152 416 485 457 525 marker
153 387 453 442 511 id_point
153 414 483 455 524 marker
154 418 486 458 525 marker
154 385 449 446 507 id_point
155 418 485 458 525 marker
155 385 449 442 508 id_point
156 386 450 445 508 id_point
156 418 485 458 525 marker
157 389 449 446 509 id_point
157 416 484 458 525 marker
158 389 449 446 507 id_point
158 418 485 458 526 marker
159 390 447 446 504 id_point
160 389 447 445 504 id_point
161 399 444 455 498 id_point
162 448 440 504 497 id_point
163 449 444 505 501 id_point
163 482 486 519 525 marker
164 451 446 508 503 id_point
164 483 486 521 525 marker
165 451 447 509 505 id_point
165 482 487 520 525 marker
166 481 486 520 524 marker
166 453 447 509 507 id_point
167 449 447 506 504 id_point
167 483 485 520 524 marker
168 481 485 517 525 marker
168 452 452 508 512 id_point
169 479 484 520 524 marker
169 448 450 505 510 id_point
170 447 450 503 508 id_point
170 482 486 518 524 marker
171 445 449 502 506 id_point
171 484 486 519 524 marker
172 448 449 502 506 id_point
172 483 486 520 524 marker
173 445 448 501 506 id_point
174 445 449 501 506 id_point
176 233 556 288 611 id_point
177 242 561 300 616 id_point
178 289 550 327 592 marker
179 288 551 326 591 marker
180 218 526 274 586 id_point
180 289 553 328 593 marker
181 217 529 273 588 id_point
181 289 553 328 593 marker
182 288 552 327 594 marker
182 215 530 274 589 id_point
183 287 553 328 594 marker
183 218 534 275 589 id_point
184 287 552 327 594 marker
184 213 533 272 589 id_point
185 287 551 327 594 marker
185 217 534 272 589 id_point
186 286 553 326 594 marker
186 217 514 271 573 id_point
187 216 511 271 566 id_point
187 287 552 324 593 marker
188 216 515 274 573 id_point
189 217 511 272 570 id_point
190 263 513 321 565 id_point
191 276 512 333 568 id_point
192 280 513 337 567 id_point
192 353 550 395 592 marker
193 280 512 337 566 id_point
193 354 550 394 592 marker
194 354 550 395 592 marker
194 284 511 340 566 id_point
195 284 509 340 564 id_point
195 354 550 395 592 marker
196 353 551 395 592 marker
196 282 510 341 566 id_point
197 281 511 339 567 id_point
197 353 550 395 592 marker
198 353 550 395 592 marker
198 281 511 338 567 id_point
199 353 550 395 592 marker
199 281 511 339 567 id_point
200 354 550 395 592 marker
200 282 511 340 566 id_point
201 283 513 340 568 id_point
202 281 514 337 568 id_point
203 292 510 347 565 id_point
204 293 515 349 568 id_point
205 328 511 382 567 id_point
206 330 513 384 567 id_point
206 419 548 461 591 marker
207 343 516 398 572 id_point
207 420 548 461 590 marker
208 343 513 398 568 id_point
208 420 548 461 591 marker
209 344 512 401 569 id_point
209 421 548 462 590 marker
210 344 512 400 568 id_point
210 421 548 461 590 marker
211 345 510 400 566 id_point
211 421 548 462 591 marker
212 353 509 408 564 id_point
212 421 549 461 590 marker
213 348 510 403 567 id_point
213 420 549 462 590 marker
214 344 512 399 566 id_point
214 421 550 461 591 marker
215 343 512 398 567 id_point
215 420 549 461 591 marker
216 343 514 398 570 id_point
217 364 510 419 565 id_point
218 362 510 417 566 id_point
219 414 525 459 569 id_point
220 382 517 439 572 id_point
220 484 549 521 590 marker
221 400 517 456 571 id_point
221 483 548 523 589 marker
222 402 517 457 571 id_point
222 484 549 522 590 marker
223 402 514 457 568 id_point
223 484 549 522 590 marker
224 404 515 459 570 id_point
224 484 549 523 590 marker
225 403 512 458 568 id_point
225 484 549 522 590 marker
226 404 513 460 569 id_point
226 485 549 522 590 marker
227 409 516 462 571 id_point
227 485 549 523 590 marker
228 422 518 478 573 id_point
228 484 550 523 590 marker
229 422 515 478 570 id_point
229 485 549 523 590 marker
230 421 518 477 574 id_point
231 421 520 477 574 id_point
233 205 604 260 657 id_point
234 206 604 260 657 id_point
234 289 618 330 663 marker
235 204 596 260 652 id_point
235 289 618 330 663 marker
236 204 588 259 642 id_point
236 289 618 329 664 marker
237 204 587 260 643 id_point
237 289 618 329 663 marker
238 204 587 260 643 id_point
238 289 618 329 663 marker
239 203 584 260 640 id_point
239 288 617 330 663 marker
240 202 585 258 640 id_point
240 289 619 329 663 marker
241 203 587 258 642 id_point
241 288 618 330 662 marker
242 203 587 258 643 id_point
242 288 618 329 663 marker
243 204 589 260 645 id_point
243 290 619 329 664 marker
244 205 584 260 641 id_point
244 289 617 331 663 marker
245 206 587 261 643 id_point
245 289 619 330 663 marker
246 208 589 262 645 id_point
247 208 581 270 646 id_point
248 213 582 272 639 id_point
249 250 588 314 643 id_point
250 271 580 327 636 id_point
250 356 616 398 659 marker
251 269 586 325 641 id_point
251 356 616 398 659 marker
252 266 587 323 643 id_point
252 356 616 397 660 marker
253 267 585 324 641 id_point
253 356 616 398 658 marker
254 265 586 322 643 id_point
254 356 617 397 660 marker
255 268 593 322 646 id_point
255 354 617 396 660 marker
256 267 589 322 645 id_point
256 354 617 396 660 marker
257 267 588 323 645 id_point
257 354 618 396 660 marker
258 267 587 323 643 id_point
258 355 617 396 659 marker
259 268 586 324 643 id_point
259 356 616 397 659 marker
260 268 585 324 641 id_point
261 268 586 324 641 id_point
262 274 578 329 637 id_point
263 280 582 336 639 id_point
264 421 614 462 658 marker
264 285 581 340 637 id_point
265 420 615 462 658 marker
266 421 615 462 658 marker
267 421 614 462 657 marker
267 324 580 377 636 id_point
268 421 614 463 658 marker
269 421 615 462 658 marker
270 345 583 399 638 id_point
270 422 615 461 658 marker
271 420 615 461 658 marker
272 421 615 462 657 marker
273 420 614 461 657 marker
273 320 578 374 632 id_point
274 420 614 461 657 marker
274 320 579 374 634 id_point
275 323 582 373 627 id_point
276 329 581 382 636 id_point
278 351 578 405 635 id_point
279 371 575 429 631 id_point
279 486 611 520 655 marker
280 373 576 428 631 id_point
280 485 612 521 655 marker
281 378 576 433 632 id_point
281 486 612 521 655 marker
282 486 612 521 655 marker
282 378 578 434 633 id_point
283 378 577 432 631 id_point
283 486 612 520 655 marker
284 371 580 426 635 id_point
284 485 612 520 656 marker
285 408 580 464 634 id_point
285 485 612 521 655 marker
286 484 611 520 656 marker
287 378 580 432 635 id_point
287 484 611 519 656 marker
288 413 580 468 636 id_point
288 484 612 520 656 marker
289 413 582 468 636 id_point
290 415 585 469 639 id_point
291 410 579 465 634 id_point
293 270 599 324 656 id_point
294 275 588 330 642 id_point
294 385 580 418 613 marker
295 383 581 420 614 marker
295 312 549 366 602 id_point
295 343 489 373 535 marker
296 240 272 294 325 id_point
296 384 580 419 616 marker
296 344 490 374 536 marker
297 242 260 295 316 id_point
297 384 579 420 615 marker
297 343 490 373 537 marker
298 241 262 294 316 id_point
298 385 581 420 616 marker
298 346 490 376 535 marker
299 386 579 423 617 marker
299 343 492 373 537 marker
300 263 552 322 608 id_point
300 385 582 421 616 marker
300 345 491 374 536 marker
301 385 582 420 616 marker
301 346 490 375 537 marker
302 385 582 421 617 marker
302 346 491 376 536 marker
303 387 581 421 616 marker
303 346 490 377 536 marker
304 386 580 422 618 marker
304 238 240 283 280 id_point
304 346 491 375 536 marker
