0 208 613 263 667 id_point
1 466 598 520 654 id_point
2 476 603 532 661 id_point
3 240 625 293 685 id_point
4 213 617 288 683 id_point
5 208 614 263 669 id_point
6 229 686 286 737 id_point
7 228 686 286 738 id_point
8 243 641 295 695 id_point
9 240 643 294 697 id_point
10 204 613 258 666 id_point
11 199 608 255 660 id_point
12 190 608 248 661 id_point
13 185 606 241 658 id_point
14 191 608 248 660 id_point
15 194 606 250 659 id_point
16 194 606 250 660 id_point
17 192 607 250 659 id_point
18 191 606 248 659 id_point
19 196 606 252 658 id_point
20 202 603 256 658 id_point
21 204 600 257 657 id_point
22 202 604 257 663 id_point
23 201 603 256 663 id_point
23 207 654 239 692 marker
24 201 604 255 656 id_point
24 238 659 275 700 marker
25 202 603 255 658 id_point
25 238 659 274 700 marker
26 199 604 253 657 id_point
26 239 659 275 699 marker
27 198 605 253 658 id_point
27 239 660 276 700 marker
28 196 606 252 658 id_point
28 239 659 275 700 marker
29 196 605 252 659 id_point
29 239 659 275 699 marker
30 198 605 253 657 id_point
30 240 660 274 700 marker
31 198 605 253 657 id_point
31 238 660 274 700 marker
32 198 605 254 657 id_point
32 238 661 274 700 marker
33 198 607 254 658 id_point
33 238 660 274 699 marker
34 197 604 254 656 id_point
35 233 597 287 652 id_point
36 233 597 287 653 id_point
37 236 598 289 652 id_point
38 432 654 470 693 marker
38 239 600 285 640 id_point
39 426 600 481 657 id_point
39 432 653 468 693 marker
40 437 596 493 654 id_point
40 433 654 469 693 marker
41 438 599 493 656 id_point
41 434 654 470 694 marker
42 439 596 492 652 id_point
42 434 655 471 693 marker
43 440 597 496 654 id_point
43 434 656 471 694 marker
44 438 597 491 652 id_point
44 434 655 470 695 marker
45 437 599 490 654 id_point
45 434 655 470 695 marker
46 437 598 490 654 id_point
46 435 655 471 695 marker
47 436 598 491 654 id_point
48 434 596 489 653 id_point
49 432 598 489 653 id_point
50 194 794 250 849 id_point
51 246 857 283 895 marker
51 202 796 247 839 id_point
52 208 887 270 941 id_point
52 249 858 283 895 marker
53 206 889 267 943 id_point
53 247 857 283 894 marker
54 208 887 267 941 id_point
54 248 857 283 895 marker
55 212 883 270 937 id_point
55 247 856 284 895 marker
56 214 882 272 938 id_point
56 247 856 285 897 marker
57 216 882 272 937 id_point
57 247 857 285 896 marker
58 215 881 272 938 id_point
58 247 856 285 896 marker
59 214 882 271 937 id_point
59 246 856 284 896 marker
60 215 882 272 938 id_point
61 215 885 272 941 id_point
62 242 889 301 942 id_point
63 244 888 301 940 id_point
64 404 868 458 922 id_point
65 445 881 498 937 id_point
65 436 845 475 881 marker
66 450 879 505 937 id_point
66 436 844 475 881 marker
67 452 884 507 942 id_point
67 437 844 475 881 marker
68 450 880 505 938 id_point
68 436 844 475 882 marker
69 450 879 504 936 id_point
69 436 844 474 881 marker
70 448 879 504 938 id_point
70 436 845 474 881 marker
71 448 879 504 938 id_point
71 436 845 475 881 marker
72 446 878 502 937 id_point
72 437 846 475 882 marker
73 445 879 503 937 id_point
73 437 846 475 882 marker
74 449 876 504 934 id_point
74 437 844 475 880 marker
75 447 876 504 936 id_point
77 237 739 292 794 id_point
79 214 594 268 649 id_point
79 344 944 381 976 marker
79 304 871 334 910 marker
79 302 792 327 818 marker
80 215 592 270 646 id_point
80 343 944 379 976 marker
80 303 867 334 910 marker
81 230 668 281 724 id_point
81 343 944 379 977 marker
81 303 867 334 910 marker
82 231 660 283 716 id_point
82 342 944 380 976 marker
82 304 868 332 911 marker
83 223 655 276 710 id_point
83 343 944 378 976 marker
83 303 867 334 910 marker
84 215 641 271 697 id_point
84 342 943 379 977 marker
84 303 867 334 910 marker
