0 552 587 607 645 id_point
1 506 590 560 647 id_point
2 561 582 616 639 id_point
3 559 586 613 641 id_point
4 501 592 555 648 id_point
5 220 597 273 651 id_point
7 136 264 192 321 id_point
8 123 276 179 334 id_point
10 258 609 312 663 id_point
11 251 601 309 655 id_point
13 245 594 298 649 id_point
14 248 599 304 651 id_point
15 249 601 303 654 id_point
16 249 598 305 652 id_point
17 249 598 304 651 id_point
18 247 596 302 651 id_point
19 248 596 302 650 id_point
20 248 599 306 652 id_point
21 248 596 303 652 id_point
22 247 593 303 649 id_point
23 71 417 106 455 marker
23 249 578 305 631 id_point
24 71 418 108 456 marker
25 71 418 112 455 marker
25 80 365 135 416 id_point
26 72 419 110 456 marker
26 82 359 137 412 id_point
27 81 361 134 414 id_point
27 72 420 110 456 marker
28 79 360 135 415 id_point
28 71 418 112 456 marker
29 72 419 110 456 marker
29 81 361 134 414 id_point
30 72 419 111 454 marker
30 80 360 135 415 id_point
31 82 363 135 416 id_point
31 72 419 111 456 marker
32 82 364 134 416 id_point
32 72 421 111 457 marker
33 82 365 136 418 id_point
34 87 366 139 417 id_point
35 97 363 152 414 id_point
36 264 413 301 451 marker
36 167 372 218 424 id_point
37 263 410 300 451 marker
37 262 357 317 414 id_point
38 258 353 314 409 id_point
38 264 410 300 451 marker
39 264 411 299 450 marker
39 257 353 311 408 id_point
40 256 354 309 407 id_point
40 263 411 300 452 marker
41 254 350 308 404 id_point
41 264 412 299 450 marker
42 254 350 308 405 id_point
42 264 412 299 451 marker
43 253 351 308 406 id_point
43 263 411 299 451 marker
44 255 354 309 406 id_point
44 263 410 299 450 marker
45 253 355 308 407 id_point
46 256 354 308 408 id_point
47 256 353 311 408 id_point
48 123 418 176 471 id_point
49 66 609 107 653 marker
49 76 462 121 505 id_point
50 59 578 114 636 id_point
51 55 590 110 647 id_point
52 53 589 108 648 id_point
53 53 589 108 648 id_point
54 54 591 108 649 id_point
55 55 591 108 648 id_point
56 53 590 108 648 id_point
57 55 589 110 648 id_point
58 57 592 110 645 id_point
59 54 592 108 646 id_point
60 73 588 125 641 id_point
61 74 588 127 641 id_point
62 265 608 301 651 marker
62 208 588 261 637 id_point
63 249 590 303 645 id_point
64 244 588 300 644 id_point
65 243 589 298 646 id_point
66 240 592 296 647 id_point
66 263 609 301 648 marker
67 240 592 297 649 id_point
67 261 609 300 651 marker
68 237 591 296 649 id_point
68 263 610 301 650 marker
69 241 592 296 648 id_point
69 263 612 305 651 marker
70 243 592 297 646 id_point
