0 210 600 261 653 id_point
1 211 603 260 654 id_point
2 211 602 260 653 id_point
3 211 604 260 655 id_point
4 214 602 263 655 id_point
5 214 603 262 654 id_point
6 213 604 261 654 id_point
7 214 605 262 656 id_point
8 216 605 263 659 id_point
9 213 606 262 656 id_point
10 212 605 261 656 id_point
11 211 606 260 656 id_point
12 216 606 264 656 id_point
13 215 606 264 654 id_point
14 216 606 264 656 id_point
15 216 604 265 654 id_point
16 214 607 263 656 id_point
17 214 608 263 658 id_point
18 214 606 262 656 id_point
19 213 606 262 655 id_point
20 212 607 260 659 id_point
21 213 606 261 657 id_point
22 213 606 261 659 id_point
23 210 608 259 660 id_point
24 208 606 257 657 id_point
25 211 605 260 657 id_point
26 211 603 260 654 id_point
27 211 605 260 656 id_point
28 211 602 260 654 id_point
29 211 605 262 657 id_point
30 199 427 236 463 marker
30 213 602 262 654 id_point
31 198 426 235 462 marker
32 195 425 236 464 marker
32 219 374 275 428 id_point
33 222 371 273 423 id_point
33 195 425 235 464 marker
34 222 369 273 421 id_point
34 196 424 237 464 marker
35 220 366 273 419 id_point
35 196 424 239 464 marker
36 219 363 273 417 id_point
36 197 426 237 464 marker
37 217 363 272 418 id_point
37 196 426 240 465 marker
38 197 426 241 464 marker
38 219 367 272 419 id_point
39 218 367 272 419 id_point
39 197 426 240 464 marker
40 220 367 272 419 id_point
41 219 369 271 421 id_point
42 225 367 277 420 id_point
43 227 367 278 419 id_point
44 295 428 334 464 marker
44 227 367 279 420 id_point
45 308 367 362 421 id_point
45 296 427 334 465 marker
46 295 427 336 465 marker
46 309 369 365 422 id_point
47 295 426 335 464 marker
47 310 365 364 420 id_point
48 295 427 335 464 marker
48 309 366 363 419 id_point
49 294 427 335 465 marker
49 312 365 365 419 id_point
50 295 426 336 464 marker
50 310 365 365 419 id_point
51 295 426 336 464 marker
51 312 366 365 419 id_point
52 296 425 336 464 marker
52 310 364 364 420 id_point
53 297 426 336 464 marker
53 310 366 364 420 id_point
54 310 366 364 421 id_point
55 309 366 363 421 id_point
56 309 368 364 420 id_point
57 311 369 366 422 id_point
58 391 429 428 468 marker
58 395 368 449 421 id_point
59 403 373 454 425 id_point
59 391 429 429 467 marker
60 390 430 429 468 marker
60 403 376 456 428 id_point
61 390 430 429 469 marker
61 402 372 453 424 id_point
62 390 429 428 468 marker
62 403 373 456 426 id_point
63 389 429 428 469 marker
63 403 372 455 424 id_point
64 391 429 429 469 marker
64 402 372 453 425 id_point
65 404 373 455 424 id_point
65 390 429 429 468 marker
66 391 430 429 468 marker
66 403 373 452 426 id_point
67 391 430 430 468 marker
67 399 372 454 425 id_point
68 401 375 455 427 id_point
69 401 376 454 428 id_point
70 383 385 429 428 id_point
71 200 522 238 564 marker
71 212 458 266 511 id_point
72 200 527 236 563 marker
72 208 484 261 538 id_point
73 200 526 237 564 marker
73 209 486 260 541 id_point
74 201 527 238 567 marker
74 206 483 259 537 id_point
75 201 527 237 565 marker
75 206 484 259 538 id_point
76 203 526 237 566 marker
76 207 485 261 543 id_point
77 199 526 237 565 marker
77 205 482 259 536 id_point
78 199 526 237 565 marker
78 205 483 260 537 id_point
79 201 526 239 566 marker
79 205 483 259 536 id_point
80 202 526 238 567 marker
80 207 484 260 538 id_point
81 201 526 239 563 marker
81 207 483 260 537 id_point
82 209 483 262 537 id_point
83 210 483 262 536 id_point
84 210 487 261 540 id_point
85 212 487 264 541 id_point
86 294 483 349 536 id_point
86 300 525 339 564 marker
87 303 487 357 543 id_point
87 295 524 337 562 marker
88 305 486 358 541 id_point
88 297 527 338 563 marker
89 304 484 358 537 id_point
89 296 525 339 564 marker
90 304 485 359 539 id_point
90 299 526 338 565 marker
91 303 483 358 535 id_point
91 297 526 339 565 marker
92 303 483 358 537 id_point
92 297 526 338 565 marker
93 303 483 357 536 id_point
93 298 526 338 564 marker
94 305 481 360 535 id_point
94 295 524 339 566 marker
95 305 480 361 532 id_point
96 305 481 360 535 id_point
97 310 489 356 534 id_point
98 392 483 445 540 id_point
98 398 523 432 559 marker
99 399 485 453 540 id_point
99 397 525 432 564 marker
100 398 486 454 537 id_point
100 398 526 432 563 marker
101 398 486 455 546 id_point
101 397 525 431 561 marker
102 399 485 453 538 id_point
102 397 526 432 565 marker
103 399 483 454 537 id_point
103 396 525 430 561 marker
104 400 481 454 535 id_point
104 396 526 431 561 marker
105 400 484 455 538 id_point
105 398 527 431 565 marker
106 398 486 452 538 id_point
106 396 528 430 561 marker
107 397 487 451 541 id_point
108 396 484 450 539 id_point
109 268 540 322 596 id_point
110 193 599 251 650 id_point
111 192 599 247 660 id_point
112 200 606 254 659 id_point
113 204 607 259 660 id_point
114 208 607 260 660 id_point
115 207 610 259 663 id_point
116 207 609 259 662 id_point
117 209 607 259 659 id_point
118 206 609 259 661 id_point
119 207 609 259 661 id_point
120 206 610 258 662 id_point
121 209 610 259 662 id_point
122 212 609 266 661 id_point
123 228 606 280 659 id_point
124 278 600 336 652 id_point
125 294 605 357 660 id_point
126 299 606 358 660 id_point
127 299 606 357 661 id_point
128 301 606 362 660 id_point
129 299 604 361 660 id_point
130 303 608 359 661 id_point
131 300 606 360 660 id_point
132 299 605 360 661 id_point
133 300 605 360 661 id_point
134 301 604 358 659 id_point
135 302 605 359 659 id_point
136 303 605 358 659 id_point
137 384 606 437 658 id_point
138 397 616 438 660 marker
139 399 616 445 662 marker
140 399 614 449 660 marker
140 394 605 449 662 id_point
141 397 604 450 657 id_point
141 401 615 446 660 marker
142 395 605 450 660 id_point
143 393 603 450 661 id_point
144 395 603 451 661 id_point
145 395 604 451 661 id_point
146 396 605 450 658 id_point
147 397 603 452 657 id_point
148 394 603 450 657 id_point
149 394 598 450 651 id_point
150 264 543 321 598 id_point
151 267 542 321 598 id_point
152 266 542 323 596 id_point
152 301 582 333 619 marker
152 339 495 385 540 id_point
152 356 364 390 422 id_point
153 340 496 385 539 id_point
153 246 572 300 617 id_point
153 298 583 333 619 marker
153 355 361 388 420 id_point
153 253 493 286 540 marker
154 206 445 266 506 id_point
154 252 491 288 539 marker
154 342 498 386 539 id_point
154 356 362 390 421 id_point
155 233 270 288 322 id_point
155 340 496 385 540 id_point
155 299 584 331 619 marker
156 248 231 302 281 id_point
156 299 584 332 619 marker
156 340 493 386 540 id_point
157 212 240 251 278 id_point
157 298 584 331 618 marker
157 341 497 384 539 id_point
157 354 361 386 419 id_point
157 253 493 285 540 marker
