0 260 576 317 630 id_point
1 275 530 331 585 id_point
2 266 572 321 629 id_point
3 264 579 319 634 id_point
4 264 579 318 633 id_point
5 266 573 321 629 id_point
6 263 573 319 628 id_point
7 264 570 320 624 id_point
8 265 570 320 626 id_point
11 92 39 146 93 id_point
12 82 58 134 109 id_point
13 64 69 118 123 id_point
14 57 73 111 125 id_point
15 44 97 97 149 id_point
17 231 561 287 614 id_point
18 263 574 319 627 id_point
19 257 573 313 628 id_point
20 254 570 310 623 id_point
21 253 570 311 622 id_point
22 252 571 307 622 id_point
23 251 566 307 623 id_point
24 251 567 307 623 id_point
25 249 566 305 620 id_point
26 249 567 305 623 id_point
27 251 566 305 618 id_point
28 249 567 307 618 id_point
29 251 567 307 623 id_point
30 251 568 307 624 id_point
31 251 569 306 623 id_point
32 251 567 307 619 id_point
33 250 568 306 620 id_point
34 174 336 216 375 marker
34 251 568 306 622 id_point
35 252 566 310 622 id_point
35 175 336 218 374 marker
36 175 336 216 375 marker
36 78 327 132 380 id_point
37 175 337 216 375 marker
37 69 322 124 376 id_point
38 174 337 215 375 marker
38 65 323 119 377 id_point
39 174 336 216 375 marker
39 65 325 118 379 id_point
40 175 336 216 375 marker
40 64 326 118 378 id_point
41 175 337 216 375 marker
41 65 323 120 378 id_point
42 174 337 216 376 marker
42 67 327 120 381 id_point
43 174 337 216 376 marker
43 68 328 122 381 id_point
44 69 330 123 383 id_point
45 70 334 123 386 id_point
46 77 335 130 387 id_point
47 79 333 135 387 id_point
48 383 337 424 376 marker
48 137 324 194 376 id_point
49 382 336 423 376 marker
49 275 319 329 371 id_point
50 382 338 423 377 marker
50 278 314 332 367 id_point
51 382 336 423 376 marker
51 279 313 333 368 id_point
52 382 337 423 377 marker
52 282 321 335 375 id_point
53 382 337 423 377 marker
53 281 320 335 374 id_point
54 381 336 423 376 marker
54 280 320 333 373 id_point
55 382 336 424 376 marker
55 281 321 335 375 id_point
56 382 337 423 376 marker
56 282 324 335 378 id_point
57 382 337 424 376 marker
57 282 325 334 377 id_point
58 282 327 336 382 id_point
59 284 327 338 382 id_point
60 321 328 376 382 id_point
61 422 328 476 382 id_point
62 571 352 605 391 marker
62 454 329 507 383 id_point
63 571 352 606 390 marker
63 478 332 531 387 id_point
64 571 351 606 390 marker
64 478 333 531 387 id_point
65 571 352 606 390 marker
65 480 331 532 386 id_point
66 570 352 605 390 marker
66 479 327 532 382 id_point
67 571 352 606 390 marker
67 480 328 533 383 id_point
68 571 352 606 390 marker
68 480 326 534 383 id_point
69 571 352 606 390 marker
69 477 330 530 385 id_point
70 570 352 606 390 marker
70 477 330 532 387 id_point
71 570 351 605 390 marker
71 477 333 529 389 id_point
72 570 351 605 390 marker
72 477 335 528 390 id_point
73 475 337 529 393 id_point
74 475 337 529 393 id_point
75 30 489 84 543 id_point
76 48 539 102 593 id_point
77 169 537 215 584 marker
77 52 542 102 594 id_point
78 170 537 215 582 marker
78 56 576 109 630 id_point
79 170 537 215 582 marker
79 54 572 108 626 id_point
80 56 569 111 624 id_point
80 170 537 216 583 marker
81 57 571 111 625 id_point
81 170 536 216 583 marker
82 170 537 216 583 marker
82 54 572 109 626 id_point
83 50 572 104 627 id_point
83 170 537 215 583 marker
84 51 574 104 626 id_point
84 170 537 216 583 marker
85 170 537 216 583 marker
85 51 576 105 628 id_point
86 171 537 216 583 marker
86 55 574 108 628 id_point
87 54 576 108 627 id_point
88 145 570 201 623 id_point
89 156 574 201 616 id_point
90 221 581 276 635 id_point
91 206 607 262 664 id_point
91 389 534 434 580 marker
92 254 601 310 655 id_point
92 390 535 434 580 marker
93 262 593 316 648 id_point
93 389 535 434 580 marker
94 260 591 317 645 id_point
94 389 535 434 580 marker
95 261 591 316 645 id_point
95 389 535 435 580 marker
96 260 589 317 644 id_point
96 390 534 434 581 marker
97 257 590 313 645 id_point
97 390 535 435 580 marker
98 258 590 314 645 id_point
98 389 535 434 581 marker
99 259 593 314 647 id_point
99 389 535 434 580 marker
100 254 584 311 638 id_point
100 390 535 435 580 marker
101 254 585 311 637 id_point
102 255 583 311 638 id_point
103 330 580 387 635 id_point
104 475 587 531 641 id_point
105 587 539 623 580 marker
105 514 592 569 649 id_point
106 519 590 573 644 id_point
106 587 539 623 580 marker
107 587 538 624 580 marker
107 503 575 557 630 id_point
108 588 538 624 580 marker
108 502 574 556 630 id_point
109 587 539 624 581 marker
109 501 574 556 629 id_point
110 497 576 551 631 id_point
110 588 539 624 580 marker
111 587 539 623 581 marker
111 498 578 552 633 id_point
112 498 578 552 633 id_point
112 587 539 623 581 marker
113 587 539 624 581 marker
113 494 578 548 632 id_point
114 495 577 547 633 id_point
114 587 539 623 581 marker
115 494 577 549 629 id_point
117 1 796 41 851 id_point
119 175 754 219 801 marker
120 10 840 67 893 id_point
120 175 756 219 800 marker
121 22 840 77 891 id_point
121 175 756 219 801 marker
122 23 836 77 888 id_point
122 175 756 219 801 marker
123 175 756 219 800 marker
123 24 839 78 893 id_point
124 22 837 76 891 id_point
124 175 756 219 801 marker
125 175 756 219 801 marker
125 25 837 80 891 id_point
126 29 832 82 886 id_point
126 175 756 220 802 marker
127 25 831 79 886 id_point
127 175 756 218 801 marker
128 26 832 80 886 id_point
128 175 755 219 801 marker
129 29 836 83 889 id_point
131 117 829 175 883 id_point
132 212 835 270 889 id_point
133 239 809 294 862 id_point
133 392 752 436 795 marker
134 283 838 342 895 id_point
134 392 751 436 796 marker
135 288 845 345 898 id_point
135 392 752 436 796 marker
136 286 842 343 896 id_point
136 392 752 436 796 marker
137 286 840 342 893 id_point
137 392 752 436 796 marker
138 392 752 437 796 marker
138 284 841 341 896 id_point
139 392 753 437 796 marker
139 286 841 341 898 id_point
140 393 753 438 796 marker
140 287 841 343 895 id_point
141 286 839 342 891 id_point
141 393 752 437 796 marker
142 289 837 345 891 id_point
143 290 835 346 890 id_point
144 390 826 445 880 id_point
145 476 770 533 824 id_point
146 590 741 626 781 marker
146 480 768 533 824 id_point
147 590 741 627 782 marker
147 477 769 532 825 id_point
148 590 741 626 781 marker
148 479 769 533 825 id_point
149 590 741 626 782 marker
149 478 769 532 825 id_point
150 589 740 626 781 marker
150 476 766 529 821 id_point
151 590 740 626 781 marker
151 476 769 528 824 id_point
152 589 741 625 781 marker
152 474 767 528 822 id_point
153 589 741 626 781 marker
153 473 767 527 822 id_point
154 589 740 626 781 marker
154 472 767 525 821 id_point
155 589 740 626 781 marker
155 473 765 526 819 id_point
156 472 764 527 818 id_point
157 474 760 532 816 id_point
158 469 678 525 733 id_point
159 392 613 447 668 id_point
160 396 575 451 630 id_point
162 344 524 397 599 id_point
163 343 532 396 586 id_point
164 398 566 451 620 id_point
165 352 563 407 618 id_point
166 351 562 405 616 id_point
167 262 391 316 445 id_point
168 3 112 60 162 id_point
