0 252 483 305 538 id_point
2 277 482 333 539 id_point
3 90 583 145 639 id_point
4 99 578 154 633 id_point
7 185 232 239 286 id_point
12 236 555 292 609 id_point
15 175 247 229 300 id_point
16 174 257 227 312 id_point
21 183 249 237 302 id_point
22 197 224 242 270 id_point
23 177 250 232 311 id_point
25 181 267 234 320 id_point
27 185 271 239 325 id_point
28 188 271 242 325 id_point
29 186 276 241 330 id_point
30 186 280 242 332 id_point
31 184 285 238 339 id_point
31 148 353 189 393 marker
32 97 305 154 359 id_point
32 148 353 191 394 marker
33 93 293 148 347 id_point
33 147 353 191 393 marker
34 90 290 145 343 id_point
34 147 352 191 393 marker
35 90 291 146 346 id_point
35 149 353 190 392 marker
36 91 289 147 344 id_point
36 148 352 190 392 marker
37 92 289 147 342 id_point
37 148 352 191 392 marker
38 91 290 145 345 id_point
38 147 353 192 393 marker
39 89 289 143 344 id_point
39 148 354 191 393 marker
40 89 288 144 343 id_point
40 147 353 190 393 marker
41 91 284 146 338 id_point
41 148 353 190 392 marker
42 93 282 147 337 id_point
43 93 282 148 335 id_point
44 126 279 181 333 id_point
45 129 280 184 335 id_point
46 249 352 292 392 marker
46 187 291 240 343 id_point
47 249 352 293 393 marker
47 186 292 240 346 id_point
48 187 295 241 348 id_point
48 249 352 293 392 marker
49 250 353 293 392 marker
49 184 292 237 347 id_point
50 249 353 293 393 marker
50 185 293 238 347 id_point
51 249 352 293 393 marker
51 185 293 238 347 id_point
52 250 352 293 393 marker
52 184 295 238 350 id_point
53 249 353 293 392 marker
53 181 298 236 348 id_point
54 181 297 236 351 id_point
54 250 352 293 391 marker
55 250 352 293 392 marker
55 180 296 234 351 id_point
56 251 351 293 391 marker
56 183 295 237 348 id_point
57 180 296 235 349 id_point
58 191 297 243 351 id_point
59 199 295 255 348 id_point
60 283 309 337 365 id_point
61 283 311 338 367 id_point
61 354 354 398 394 marker
62 280 311 335 366 id_point
62 354 355 398 395 marker
63 279 307 335 362 id_point
63 353 354 397 394 marker
64 356 354 399 393 marker
64 359 77 412 131 id_point
65 360 77 413 133 id_point
65 355 354 398 393 marker
66 360 77 413 134 id_point
66 355 353 398 393 marker
67 355 353 399 393 marker
67 233 409 287 463 id_point
68 355 353 398 392 marker
68 232 414 287 466 id_point
69 356 353 399 393 marker
69 232 412 286 464 id_point
70 355 353 399 393 marker
70 232 412 286 464 id_point
71 234 412 289 463 id_point
72 233 414 291 465 id_point
73 235 415 290 468 id_point
74 330 418 384 475 id_point
75 330 417 385 473 id_point
75 454 355 492 400 marker
76 455 358 493 397 marker
76 322 413 386 470 id_point
77 455 357 493 397 marker
77 319 416 374 469 id_point
78 454 358 492 398 marker
78 318 415 373 470 id_point
79 454 359 492 398 marker
80 454 359 493 398 marker
80 299 419 354 473 id_point
81 455 358 493 398 marker
81 298 418 354 470 id_point
82 454 358 493 398 marker
82 307 395 361 450 id_point
83 454 359 493 398 marker
83 310 397 365 454 id_point
84 455 358 493 397 marker
84 416 452 470 507 id_point
85 456 358 494 397 marker
85 411 454 467 516 id_point
87 422 455 477 509 id_point
88 429 450 483 506 id_point
89 402 409 456 464 id_point
90 546 367 582 404 marker
90 404 406 459 465 id_point
91 546 366 582 404 marker
91 665 472 707 516 id_point
92 545 367 581 404 marker
93 546 367 581 404 marker
94 546 367 581 405 marker
94 664 413 717 468 id_point
95 546 366 582 404 marker
96 546 367 581 405 marker
96 672 422 719 479 id_point
97 546 366 581 404 marker
97 422 387 477 441 id_point
98 546 367 581 404 marker
99 546 366 583 404 marker
100 547 367 582 405 marker
100 587 404 627 446 id_point
102 592 397 647 454 id_point
103 593 398 648 455 id_point
105 143 447 189 491 marker
106 142 447 188 491 marker
107 142 447 188 492 marker
108 142 446 188 491 marker
109 141 446 187 491 marker
110 142 446 188 491 marker
111 141 447 187 493 marker
112 8 440 62 494 id_point
112 141 447 188 492 marker
113 142 447 188 492 marker
116 29 424 82 478 id_point
117 0 595 36 638 id_point
118 11 610 67 662 id_point
118 249 445 295 489 marker
119 249 446 295 490 marker
119 1 608 49 663 id_point
120 1 604 41 659 id_point
120 250 445 295 489 marker
121 250 445 295 489 marker
121 3 603 36 648 id_point
122 250 446 294 489 marker
122 4 603 40 659 id_point
123 249 446 294 490 marker
123 3 612 39 664 id_point
124 248 446 293 491 marker
125 248 446 293 491 marker
126 248 445 294 489 marker
127 248 446 294 490 marker
127 1 609 33 660 id_point
129 1 611 37 666 id_point
130 2 613 39 675 id_point
131 55 655 97 709 id_point
132 358 446 402 492 marker
132 55 694 100 738 id_point
133 95 721 151 775 id_point
133 357 447 402 492 marker
134 358 447 401 492 marker
135 360 447 404 489 marker
136 200 515 256 569 id_point
136 359 446 403 491 marker
137 208 496 262 554 id_point
137 358 447 403 492 marker
138 210 484 265 538 id_point
138 358 447 402 491 marker
139 212 475 268 529 id_point
139 359 446 403 491 marker
140 215 474 270 528 id_point
140 359 447 402 492 marker
141 218 472 273 526 id_point
142 219 472 274 527 id_point
143 216 476 272 533 id_point
144 222 478 278 533 id_point
145 461 452 502 493 marker
145 333 480 389 535 id_point
146 461 452 503 493 marker
146 340 475 394 529 id_point
147 462 452 502 493 marker
147 335 477 390 530 id_point
148 333 476 389 533 id_point
148 461 452 503 493 marker
149 462 453 503 493 marker
149 338 476 393 531 id_point
150 339 475 393 530 id_point
150 461 452 503 493 marker
151 461 451 502 493 marker
151 340 476 395 531 id_point
152 461 452 503 493 marker
152 344 479 398 533 id_point
153 460 452 502 493 marker
153 339 476 394 531 id_point
154 339 474 393 528 id_point
154 460 452 502 493 marker
155 338 475 392 530 id_point
156 337 475 393 531 id_point
157 336 478 392 533 id_point
158 334 480 390 536 id_point
159 431 486 487 539 id_point
160 555 457 593 497 marker
160 440 485 494 539 id_point
161 452 483 508 539 id_point
161 555 457 592 498 marker
162 456 483 511 538 id_point
162 555 457 592 498 marker
163 459 481 514 536 id_point
163 555 457 592 499 marker
164 555 457 592 498 marker
164 457 481 513 536 id_point
165 555 458 592 498 marker
165 456 482 511 537 id_point
166 556 457 592 497 marker
166 453 482 508 538 id_point
167 556 457 592 497 marker
167 464 481 519 536 id_point
168 555 457 592 497 marker
168 461 483 515 537 id_point
169 461 487 517 541 id_point
170 460 488 515 543 id_point
171 457 496 513 549 id_point
172 459 498 514 554 id_point
173 1 559 50 612 id_point
173 140 557 187 602 marker
174 141 557 187 603 marker
175 141 557 187 603 marker
176 141 557 187 603 marker
177 141 555 187 602 marker
178 140 555 187 603 marker
179 141 556 187 603 marker
180 141 556 188 603 marker
181 141 555 185 603 marker
182 140 556 187 603 marker
184 2 611 37 663 id_point
185 1 612 40 668 id_point
186 88 629 144 681 id_point
187 90 627 146 682 id_point
187 251 554 295 601 marker
188 82 620 137 676 id_point
188 250 554 295 601 marker
189 75 614 133 667 id_point
189 251 555 295 601 marker
190 75 611 131 666 id_point
190 251 555 296 601 marker
191 75 611 130 666 id_point
191 251 554 296 601 marker
192 74 614 129 669 id_point
192 251 555 295 601 marker
193 74 617 130 670 id_point
193 251 554 295 601 marker
194 74 615 130 669 id_point
194 251 554 296 601 marker
195 71 616 127 670 id_point
195 251 555 295 601 marker
196 73 612 127 664 id_point
196 251 554 296 600 marker
197 72 609 127 665 id_point
197 251 554 296 600 marker
198 73 611 126 664 id_point
199 141 600 197 656 id_point
200 142 605 197 657 id_point
201 239 630 297 684 id_point
202 361 553 405 599 marker
203 213 620 270 676 id_point
203 362 553 406 599 marker
204 208 618 264 671 id_point
204 361 553 405 598 marker
205 207 617 264 672 id_point
205 361 553 405 599 marker
206 209 616 265 670 id_point
206 362 553 406 599 marker
207 209 618 265 673 id_point
207 361 554 406 599 marker
208 210 619 265 673 id_point
208 361 554 405 600 marker
209 209 619 266 673 id_point
209 361 553 406 600 marker
210 210 619 265 672 id_point
210 361 554 404 600 marker
211 211 618 267 672 id_point
213 246 612 302 666 id_point
214 187 414 243 468 id_point
215 466 552 507 597 marker
215 351 381 395 423 id_point
216 466 553 508 597 marker
217 465 553 507 597 marker
218 466 553 507 598 marker
218 381 368 424 412 id_point
219 466 554 507 597 marker
220 466 554 508 598 marker
220 347 535 402 591 id_point
221 467 554 509 598 marker
221 354 537 398 577 id_point
222 467 555 508 598 marker
222 348 535 403 590 id_point
223 466 554 508 598 marker
223 351 537 405 590 id_point
224 347 532 402 589 id_point
224 466 554 507 598 marker
225 347 531 400 587 id_point
226 347 530 401 585 id_point
227 344 532 400 588 id_point
229 564 556 601 597 marker
229 513 548 569 603 id_point
230 564 557 600 598 marker
230 510 549 568 603 id_point
231 561 557 600 598 marker
231 509 549 565 603 id_point
232 562 556 600 598 marker
232 508 548 563 603 id_point
233 563 557 601 598 marker
233 506 555 562 610 id_point
234 562 557 600 599 marker
234 486 579 540 634 id_point
235 563 557 600 599 marker
235 486 578 542 634 id_point
236 563 557 600 599 marker
236 476 571 531 628 id_point
237 563 557 600 599 marker
237 475 572 528 627 id_point
238 562 557 600 600 marker
238 473 573 528 628 id_point
239 474 573 529 628 id_point
240 472 574 526 629 id_point
241 470 576 525 631 id_point
242 473 573 527 628 id_point
243 142 668 189 715 marker
243 1 659 50 704 id_point
244 143 668 188 716 marker
245 141 665 188 715 marker
246 141 666 187 715 marker
247 141 667 188 715 marker
248 141 667 188 715 marker
249 142 668 188 716 marker
250 142 667 188 715 marker
254 61 742 115 797 id_point
255 252 666 297 712 marker
255 65 740 119 795 id_point
256 72 740 127 795 id_point
256 253 666 298 713 marker
257 72 739 127 793 id_point
257 252 666 297 712 marker
258 68 741 123 796 id_point
258 252 666 297 713 marker
259 71 743 124 797 id_point
259 251 666 297 713 marker
260 72 739 124 793 id_point
260 251 665 297 713 marker
261 72 740 127 793 id_point
261 252 666 297 713 marker
262 72 741 126 795 id_point
262 251 665 297 713 marker
263 72 740 125 794 id_point
263 252 665 298 713 marker
264 73 740 131 793 id_point
265 74 738 131 791 id_point
266 129 750 185 800 id_point
267 130 748 187 800 id_point
268 205 748 261 801 id_point
268 363 663 408 708 marker
269 204 747 260 802 id_point
269 363 663 408 708 marker
270 364 663 408 707 marker
271 364 662 408 706 marker
271 210 747 255 793 id_point
272 364 663 407 707 marker
273 363 663 408 707 marker
274 364 662 407 707 marker
275 364 663 407 707 marker
276 363 663 408 708 marker
276 218 723 273 783 id_point
277 212 746 258 793 id_point
281 469 660 512 704 marker
281 285 745 343 798 id_point
282 321 772 377 826 id_point
282 469 660 511 703 marker
283 319 772 374 827 id_point
283 469 661 511 705 marker
284 469 661 511 704 marker
285 470 660 512 704 marker
285 314 762 370 820 id_point
286 470 660 512 704 marker
286 315 763 373 817 id_point
287 469 660 511 703 marker
287 313 765 371 818 id_point
288 469 661 511 704 marker
288 315 761 370 814 id_point
289 468 659 510 703 marker
289 313 760 370 816 id_point
290 469 659 511 705 marker
291 312 755 371 809 id_point
292 323 752 379 807 id_point
293 272 689 328 742 id_point
294 353 681 409 737 id_point
295 566 656 603 700 marker
295 356 682 414 738 id_point
296 566 657 603 700 marker
296 357 682 414 738 id_point
297 566 656 603 700 marker
297 357 684 414 741 id_point
298 396 678 452 733 id_point
298 566 656 602 700 marker
299 393 675 448 730 id_point
299 566 656 603 700 marker
300 566 656 602 700 marker
300 397 677 454 732 id_point
301 566 657 603 700 marker
301 397 677 454 732 id_point
302 566 657 602 700 marker
302 392 679 449 732 id_point
303 566 656 602 700 marker
303 392 677 446 731 id_point
304 396 677 451 733 id_point
304 566 656 602 700 marker
305 444 691 499 747 id_point
305 566 657 603 700 marker
307 446 684 500 737 id_point
308 420 691 475 746 id_point
309 425 693 471 735 id_point
310 147 777 193 823 marker
310 424 684 470 739 id_point
311 147 777 193 824 marker
312 147 778 193 823 marker
313 147 778 193 823 marker
314 147 776 194 822 marker
315 146 777 192 822 marker
316 146 778 192 823 marker
317 146 777 193 823 marker
318 147 777 193 823 marker
322 255 775 300 821 marker
322 2 829 37 884 id_point
323 23 840 77 894 id_point
323 255 775 301 821 marker
324 98 814 154 867 id_point
324 255 776 301 821 marker
325 99 813 154 866 id_point
325 255 776 301 820 marker
326 98 816 155 867 id_point
326 255 776 301 821 marker
327 97 814 152 868 id_point
327 255 776 301 821 marker
328 97 815 152 869 id_point
328 255 775 301 821 marker
329 99 813 153 867 id_point
329 255 776 302 821 marker
330 255 775 301 820 marker
330 98 814 153 867 id_point
331 99 815 154 868 id_point
332 99 809 157 861 id_point
333 102 806 157 857 id_point
334 104 806 160 859 id_point
335 366 771 409 816 marker
335 202 817 257 872 id_point
336 213 811 271 864 id_point
336 367 771 410 815 marker
337 221 808 279 862 id_point
337 366 771 410 815 marker
338 223 808 279 863 id_point
338 367 771 409 815 marker
339 222 809 278 863 id_point
339 367 772 410 815 marker
340 221 807 278 861 id_point
340 366 771 409 815 marker
341 222 809 278 862 id_point
341 367 772 411 816 marker
342 223 808 279 861 id_point
342 367 771 409 815 marker
343 366 771 409 815 marker
343 223 807 279 860 id_point
344 221 807 278 861 id_point
345 220 804 275 858 id_point
346 254 816 310 868 id_point
347 307 818 362 871 id_point
347 470 760 510 808 marker
348 474 762 516 805 marker
348 343 804 396 858 id_point
349 475 762 518 806 marker
349 342 803 395 858 id_point
350 475 763 515 807 marker
350 343 804 397 858 id_point
351 474 765 517 807 marker
351 343 803 397 858 id_point
352 476 763 516 807 marker
352 345 800 405 857 id_point
353 476 763 516 807 marker
353 348 798 406 852 id_point
354 477 763 517 807 marker
354 351 803 406 856 id_point
355 475 763 517 807 marker
355 350 801 405 855 id_point
356 475 764 517 807 marker
356 348 800 403 854 id_point
357 346 799 403 852 id_point
358 346 798 403 852 id_point
359 347 795 402 851 id_point
361 440 792 494 847 id_point
361 569 755 605 797 marker
362 569 756 606 798 marker
362 462 794 516 849 id_point
363 569 756 605 798 marker
363 465 801 520 856 id_point
364 569 756 604 797 marker
364 468 801 524 855 id_point
365 569 757 606 798 marker
365 469 801 524 856 id_point
366 569 756 605 797 marker
366 436 824 492 882 id_point
367 568 756 607 798 marker
368 569 756 606 798 marker
369 570 754 606 798 marker
370 569 756 607 799 marker
373 513 763 569 815 id_point
379 360 380 406 425 id_point
380 260 596 315 656 id_point
381 178 419 232 471 id_point
381 69 294 156 409 id_point
382 1 248 30 287 id_point
384 0 156 51 207 id_point
