0 258 528 314 585 id_point
1 259 526 314 583 id_point
2 257 528 312 584 id_point
3 259 528 313 584 id_point
4 259 527 315 580 id_point
5 262 525 316 582 id_point
6 262 526 317 579 id_point
7 261 527 317 581 id_point
8 260 527 315 584 id_point
9 259 528 314 581 id_point
10 258 526 313 579 id_point
11 260 523 315 579 id_point
12 255 524 312 579 id_point
13 257 522 312 579 id_point
14 251 520 306 577 id_point
15 254 525 309 578 id_point
16 252 523 307 578 id_point
17 253 526 308 582 id_point
18 258 527 312 584 id_point
19 258 527 314 582 id_point
20 259 528 314 581 id_point
21 259 527 313 582 id_point
22 260 529 313 583 id_point
23 258 527 312 584 id_point
24 257 528 312 585 id_point
25 258 528 313 584 id_point
26 259 528 313 584 id_point
27 261 527 314 582 id_point
28 260 528 315 583 id_point
29 260 527 315 584 id_point
30 260 528 315 581 id_point
31 258 528 313 583 id_point
32 261 528 315 583 id_point
33 261 528 315 585 id_point
34 261 527 314 583 id_point
35 261 527 314 583 id_point
36 260 527 315 583 id_point
37 92 415 132 455 marker
37 259 527 313 583 id_point
38 93 415 132 454 marker
39 92 415 134 455 marker
40 92 415 131 454 marker
41 92 416 131 454 marker
42 143 352 199 408 id_point
42 91 414 134 454 marker
43 92 414 133 454 marker
44 141 358 194 412 id_point
44 91 414 133 453 marker
45 92 415 132 454 marker
45 94 311 136 355 id_point
46 92 415 132 454 marker
46 91 311 136 360 id_point
47 85 307 139 363 id_point
48 90 315 136 362 id_point
49 100 310 146 358 id_point
50 126 298 178 354 id_point
51 292 406 334 445 marker
51 126 294 179 349 id_point
52 274 320 330 376 id_point
52 291 407 334 446 marker
53 249 310 308 365 id_point
53 291 407 334 447 marker
54 292 406 334 447 marker
54 257 306 312 360 id_point
55 292 407 333 446 marker
55 253 304 310 359 id_point
56 292 407 334 446 marker
56 254 302 308 356 id_point
57 291 407 333 446 marker
57 253 302 307 357 id_point
58 291 407 332 447 marker
58 252 300 306 357 id_point
59 290 407 333 446 marker
59 254 300 308 357 id_point
60 290 408 332 447 marker
60 252 298 307 354 id_point
61 250 299 303 356 id_point
62 254 301 309 357 id_point
63 255 299 310 357 id_point
65 488 411 522 448 marker
65 292 275 332 327 id_point
66 488 410 523 449 marker
67 488 409 524 449 marker
68 488 410 522 448 marker
68 453 263 508 319 id_point
69 489 411 523 449 marker
69 454 260 508 319 id_point
70 488 410 522 447 marker
70 456 257 511 317 id_point
71 488 409 522 448 marker
71 461 254 513 314 id_point
72 488 410 523 449 marker
72 458 255 511 312 id_point
73 488 410 522 449 marker
73 454 256 508 311 id_point
74 488 410 523 449 marker
74 453 257 508 316 id_point
75 452 260 507 319 id_point
76 452 273 506 326 id_point
77 92 560 147 614 id_point
78 74 523 128 576 id_point
78 90 613 131 656 marker
79 91 614 131 655 marker
79 4 599 57 658 id_point
80 91 614 131 655 marker
80 1 594 56 651 id_point
81 91 613 131 655 marker
81 2 593 57 648 id_point
82 91 614 131 655 marker
82 3 594 58 650 id_point
83 91 613 131 655 marker
83 4 599 59 650 id_point
84 91 614 131 655 marker
84 5 597 58 655 id_point
85 90 614 131 655 marker
85 4 597 56 656 id_point
86 91 613 130 655 marker
86 5 598 55 654 id_point
87 1 600 55 656 id_point
88 9 605 51 648 id_point
89 45 587 100 639 id_point
90 47 588 102 643 id_point
91 297 605 338 649 marker
91 46 582 101 637 id_point
92 298 605 339 650 marker
92 191 577 246 631 id_point
93 297 605 339 649 marker
93 211 576 265 628 id_point
94 209 571 268 626 id_point
94 297 605 340 649 marker
95 230 594 284 650 id_point
95 298 606 341 649 marker
96 239 569 293 622 id_point
96 299 605 341 648 marker
97 238 571 294 625 id_point
97 298 605 341 648 marker
98 238 571 294 624 id_point
98 299 605 341 649 marker
99 239 571 295 625 id_point
99 298 605 341 649 marker
100 237 570 294 624 id_point
100 298 605 341 649 marker
101 236 569 292 623 id_point
101 298 605 340 648 marker
102 236 568 292 625 id_point
103 238 566 292 621 id_point
104 267 567 321 619 id_point
105 263 592 317 649 id_point
106 499 601 536 641 marker
106 274 597 316 639 id_point
107 497 602 534 642 marker
108 496 602 533 642 marker
108 422 556 475 611 id_point
109 495 600 532 639 marker
109 422 556 475 609 id_point
110 422 554 475 608 id_point
110 494 600 531 640 marker
111 434 558 490 615 id_point
111 491 596 530 636 marker
112 430 552 484 607 id_point
112 490 601 528 641 marker
113 492 601 529 642 marker
113 431 558 485 613 id_point
114 494 602 531 642 marker
114 433 558 487 613 id_point
115 498 603 534 643 marker
115 433 557 485 612 id_point
116 434 558 487 613 id_point
117 435 559 488 614 id_point
118 53 769 112 825 id_point
119 55 785 103 830 id_point
120 25 804 80 858 id_point
120 110 819 149 859 marker
121 107 817 147 856 marker
121 0 873 52 925 id_point
122 107 818 146 858 marker
122 0 880 44 925 id_point
123 107 817 147 856 marker
123 3 863 57 918 id_point
124 106 819 146 858 marker
125 106 819 147 859 marker
125 0 876 46 918 id_point
126 106 818 146 858 marker
126 1 875 48 915 id_point
127 106 819 145 859 marker
127 0 872 45 917 id_point
128 106 819 145 858 marker
128 1 874 46 914 id_point
129 105 820 145 860 marker
129 0 872 52 923 id_point
130 106 819 144 860 marker
130 7 868 45 911 id_point
131 8 877 58 914 id_point
134 121 883 175 937 id_point
135 216 872 272 928 id_point
135 308 813 351 854 marker
136 220 884 276 936 id_point
136 309 813 351 854 marker
137 218 886 277 939 id_point
137 308 814 352 855 marker
138 219 889 274 943 id_point
138 307 813 349 854 marker
139 215 887 272 943 id_point
139 308 814 351 854 marker
140 218 888 275 943 id_point
140 308 813 351 854 marker
141 216 883 273 938 id_point
141 308 812 351 854 marker
142 216 885 273 940 id_point
142 309 813 350 854 marker
143 215 886 272 941 id_point
143 308 813 351 854 marker
144 215 885 271 940 id_point
145 214 883 270 938 id_point
146 339 843 394 898 id_point
147 344 842 399 898 id_point
148 507 797 543 838 marker
149 507 799 545 838 marker
149 446 841 498 897 id_point
150 507 798 545 837 marker
150 450 840 504 897 id_point
151 508 798 545 837 marker
151 451 843 505 899 id_point
152 507 798 545 838 marker
152 448 842 503 897 id_point
153 507 798 546 837 marker
153 448 842 503 899 id_point
154 507 798 546 837 marker
154 446 842 501 900 id_point
155 507 798 545 837 marker
155 445 843 499 900 id_point
156 507 799 545 838 marker
156 447 842 505 902 id_point
157 507 799 546 838 marker
157 449 843 504 898 id_point
158 444 843 497 899 id_point
159 270 558 324 613 id_point
161 206 581 260 636 id_point
162 213 580 268 634 id_point
162 157 694 220 794 id_point
162 272 919 325 981 id_point
163 213 572 269 626 id_point
163 159 698 218 794 id_point
163 272 916 331 983 id_point
164 276 628 331 683 id_point
164 274 916 331 982 id_point
165 259 584 313 638 id_point
165 159 699 223 791 id_point
166 270 590 324 645 id_point
166 167 709 230 796 id_point
167 270 590 325 646 id_point
167 299 935 356 992 id_point
167 174 711 239 797 id_point
168 300 932 356 992 id_point
168 175 708 238 792 id_point
169 249 600 304 655 id_point
169 181 705 241 793 id_point
169 296 924 351 988 id_point
170 262 592 318 646 id_point
170 174 705 239 789 id_point
170 295 920 352 986 id_point
171 261 585 316 641 id_point
171 172 707 231 790 id_point
171 283 918 346 982 id_point
172 260 582 314 636 id_point
172 164 702 230 792 id_point
172 286 921 342 988 id_point
173 287 628 341 686 id_point
173 286 931 345 987 id_point
174 301 618 355 672 id_point
174 283 920 346 983 id_point
174 165 703 231 792 id_point
175 300 613 354 669 id_point
175 163 705 227 792 id_point
176 309 595 364 648 id_point
176 165 707 231 796 id_point
176 286 933 344 989 id_point
177 164 709 229 796 id_point
177 317 696 361 741 id_point
178 305 693 360 751 id_point
178 166 708 230 796 id_point
178 287 932 342 990 id_point
179 318 637 373 691 id_point
179 280 930 351 986 id_point
180 304 617 358 674 id_point
180 161 710 226 800 id_point
180 285 930 338 991 id_point
181 306 646 360 702 id_point
181 284 934 341 988 id_point
181 160 708 225 795 id_point
182 306 646 360 702 id_point
182 286 929 345 989 id_point
182 163 709 225 792 id_point
