0 257 566 311 623 id_point
1 257 567 311 624 id_point
2 256 568 313 623 id_point
3 258 567 312 623 id_point
4 258 567 312 623 id_point
5 258 568 312 627 id_point
6 257 567 311 623 id_point
7 256 568 310 623 id_point
8 258 574 312 628 id_point
9 257 568 314 624 id_point
10 257 570 312 625 id_point
11 253 569 308 623 id_point
12 254 567 310 620 id_point
13 254 568 309 619 id_point
14 255 567 308 621 id_point
15 254 566 308 618 id_point
16 253 569 307 623 id_point
17 252 569 306 623 id_point
18 252 570 306 624 id_point
19 253 568 307 622 id_point
20 254 572 308 626 id_point
21 252 573 306 625 id_point
22 254 570 309 622 id_point
23 254 568 309 623 id_point
24 256 566 310 621 id_point
25 256 568 310 622 id_point
26 256 569 309 622 id_point
27 255 572 309 627 id_point
28 116 418 158 459 marker
28 253 567 307 623 id_point
29 116 419 157 459 marker
29 254 569 308 624 id_point
30 117 419 158 458 marker
31 111 347 167 399 id_point
31 117 417 157 461 marker
32 108 345 165 401 id_point
32 116 418 158 459 marker
33 107 344 162 401 id_point
33 116 417 158 460 marker
34 108 344 160 398 id_point
34 116 417 157 460 marker
35 106 345 160 400 id_point
35 115 418 157 460 marker
36 105 348 160 402 id_point
36 115 416 157 459 marker
37 105 350 159 403 id_point
37 114 418 157 459 marker
38 104 349 159 403 id_point
39 106 349 162 404 id_point
40 108 351 163 405 id_point
41 110 350 164 404 id_point
42 215 416 255 455 marker
42 112 356 167 409 id_point
43 198 337 263 400 id_point
43 216 415 257 454 marker
44 214 417 256 457 marker
44 186 336 248 407 id_point
45 188 349 241 405 id_point
45 215 417 256 455 marker
46 186 348 240 404 id_point
46 216 416 258 455 marker
47 215 417 257 456 marker
47 185 346 241 401 id_point
48 186 348 240 402 id_point
48 215 417 257 456 marker
49 215 417 257 456 marker
49 186 348 240 402 id_point
50 186 347 240 402 id_point
50 215 417 256 457 marker
51 185 347 239 402 id_point
51 215 417 256 457 marker
52 184 347 241 399 id_point
53 185 348 240 403 id_point
54 186 349 241 403 id_point
55 188 350 242 404 id_point
56 242 343 295 396 id_point
56 315 415 358 453 marker
57 275 339 330 392 id_point
57 316 415 357 454 marker
58 281 340 336 395 id_point
58 317 415 358 455 marker
59 281 339 335 393 id_point
59 317 415 359 455 marker
60 281 338 336 391 id_point
60 317 415 358 455 marker
61 279 339 334 392 id_point
61 316 415 358 455 marker
62 279 338 334 392 id_point
62 317 415 358 455 marker
63 281 336 335 389 id_point
63 317 415 359 455 marker
64 279 335 334 389 id_point
64 317 414 359 455 marker
65 278 337 334 390 id_point
65 316 415 357 454 marker
66 278 337 334 391 id_point
66 316 415 357 455 marker
67 278 337 333 391 id_point
68 279 338 334 390 id_point
69 280 337 335 391 id_point
70 292 339 333 386 id_point
71 354 335 409 387 id_point
71 414 416 455 456 marker
72 366 343 421 401 id_point
72 414 416 455 455 marker
73 365 346 419 404 id_point
73 414 416 455 455 marker
74 365 344 420 401 id_point
74 414 416 455 454 marker
75 363 345 418 400 id_point
75 415 416 455 455 marker
76 366 343 420 399 id_point
76 414 416 455 455 marker
77 366 342 420 397 id_point
77 414 416 455 455 marker
78 368 343 422 400 id_point
78 414 416 454 455 marker
79 367 343 421 400 id_point
79 414 416 455 455 marker
80 366 343 421 398 id_point
80 415 416 455 455 marker
81 366 343 420 398 id_point
82 365 347 419 396 id_point
83 364 346 418 400 id_point
85 507 422 543 460 marker
85 434 352 487 407 id_point
86 443 351 496 406 id_point
86 508 422 544 460 marker
87 449 351 502 407 id_point
87 508 422 544 460 marker
88 452 354 506 407 id_point
88 509 422 544 460 marker
89 462 353 516 408 id_point
89 509 422 544 460 marker
90 464 354 520 409 id_point
90 509 422 544 460 marker
91 509 422 544 459 marker
91 466 357 521 412 id_point
92 466 355 521 414 id_point
92 509 422 545 460 marker
93 474 359 531 417 id_point
93 509 421 545 460 marker
94 474 360 529 416 id_point
94 509 421 545 460 marker
95 478 361 532 417 id_point
96 481 357 535 414 id_point
97 482 357 536 414 id_point
98 46 501 99 553 id_point
99 116 514 157 554 marker
99 50 467 101 520 id_point
100 116 516 156 555 marker
100 46 468 99 522 id_point
101 116 515 157 555 marker
101 48 468 100 522 id_point
102 116 515 158 555 marker
102 47 468 100 523 id_point
103 117 515 157 556 marker
103 47 468 101 522 id_point
104 117 516 158 556 marker
104 46 469 99 523 id_point
105 117 514 158 556 marker
105 47 470 98 522 id_point
106 117 514 158 555 marker
106 47 473 98 523 id_point
107 117 515 158 555 marker
107 48 476 99 528 id_point
108 46 477 97 528 id_point
109 47 481 99 532 id_point
110 47 482 99 533 id_point
111 49 480 101 533 id_point
112 165 480 219 531 id_point
113 217 513 258 554 marker
113 128 430 183 485 id_point
114 216 512 259 553 marker
115 217 512 258 553 marker
115 123 425 178 479 id_point
116 216 513 257 554 marker
116 123 424 178 477 id_point
117 123 423 178 477 id_point
117 216 513 257 553 marker
118 216 513 257 553 marker
118 122 423 176 476 id_point
119 216 513 257 553 marker
119 123 424 177 476 id_point
120 217 512 258 554 marker
120 124 426 178 479 id_point
121 217 514 258 553 marker
121 124 425 179 478 id_point
122 216 513 257 553 marker
122 125 426 180 482 id_point
123 125 426 179 479 id_point
124 124 427 180 480 id_point
125 127 426 180 479 id_point
126 133 428 179 474 id_point
127 170 644 225 697 id_point
128 180 643 237 697 id_point
128 320 511 361 553 marker
129 187 641 240 696 id_point
129 320 512 361 553 marker
130 319 511 360 553 marker
131 320 512 361 553 marker
132 320 511 361 553 marker
133 320 511 361 553 marker
134 320 511 361 553 marker
135 320 512 361 553 marker
136 319 513 360 553 marker
137 320 513 360 554 marker
138 319 514 360 553 marker
140 508 390 548 435 id_point
142 286 417 340 474 id_point
143 293 417 347 474 id_point
143 421 513 462 553 marker
144 384 466 437 520 id_point
144 422 511 461 553 marker
145 385 466 439 522 id_point
145 423 511 461 553 marker
146 380 468 434 523 id_point
146 422 511 461 553 marker
147 421 513 461 554 marker
147 356 468 399 513 id_point
148 382 467 436 522 id_point
148 423 511 462 553 marker
149 380 463 434 517 id_point
149 422 512 462 554 marker
150 380 467 434 523 id_point
150 423 512 462 553 marker
151 421 513 461 553 marker
151 390 463 432 511 id_point
152 421 512 461 553 marker
152 387 463 431 509 id_point
153 346 457 398 512 id_point
157 516 514 552 554 marker
157 358 418 401 464 id_point
158 516 514 553 554 marker
158 376 415 430 469 id_point
159 517 514 553 554 marker
159 454 447 497 493 id_point
160 517 514 553 554 marker
160 455 448 498 493 id_point
161 517 514 553 554 marker
161 454 451 495 497 id_point
162 518 514 553 555 marker
163 446 450 499 506 id_point
163 517 515 554 554 marker
164 447 450 499 505 id_point
164 517 515 554 554 marker
165 446 451 499 506 id_point
165 517 515 554 554 marker
166 518 514 554 554 marker
166 430 455 474 499 id_point
167 447 449 500 504 id_point
168 442 447 499 504 id_point
169 444 458 498 515 id_point
171 118 617 159 659 marker
171 53 578 109 634 id_point
172 37 575 97 636 id_point
172 118 617 159 660 marker
173 32 577 88 634 id_point
173 118 618 159 660 marker
174 33 578 84 634 id_point
174 117 618 159 661 marker
175 31 578 88 632 id_point
175 118 617 158 660 marker
176 118 619 159 660 marker
176 32 581 87 636 id_point
177 117 618 159 660 marker
177 34 585 85 635 id_point
178 118 618 159 659 marker
178 35 583 89 637 id_point
179 32 584 89 638 id_point
179 118 618 159 660 marker
180 36 586 91 640 id_point
180 118 617 159 660 marker
181 118 618 159 660 marker
181 35 587 90 641 id_point
182 37 590 93 642 id_point
183 36 592 92 645 id_point
184 38 590 93 643 id_point
185 41 591 96 643 id_point
186 101 587 156 641 id_point
187 219 617 262 657 marker
188 220 616 262 658 marker
188 132 583 188 637 id_point
189 220 617 262 658 marker
189 130 580 187 638 id_point
190 220 616 262 658 marker
190 129 580 185 636 id_point
191 221 616 262 658 marker
191 128 581 183 636 id_point
192 127 581 183 636 id_point
192 221 616 262 658 marker
193 220 616 262 659 marker
193 127 580 183 636 id_point
194 219 616 260 658 marker
194 126 583 183 637 id_point
195 218 616 259 657 marker
195 126 580 182 636 id_point
196 218 616 260 658 marker
196 126 579 183 634 id_point
197 125 579 180 632 id_point
198 123 578 179 634 id_point
199 112 611 168 665 id_point
200 113 613 170 665 id_point
201 122 613 182 668 id_point
202 322 613 363 655 marker
202 199 613 254 667 id_point
203 324 613 365 655 marker
203 241 618 296 672 id_point
204 324 613 365 656 marker
204 232 609 288 663 id_point
205 323 613 365 656 marker
205 232 606 286 661 id_point
206 324 612 365 656 marker
206 231 609 287 663 id_point
207 324 613 365 656 marker
207 232 607 288 659 id_point
208 324 612 365 655 marker
208 231 608 286 662 id_point
209 324 613 365 656 marker
209 232 607 288 662 id_point
210 325 613 365 656 marker
210 231 605 286 660 id_point
211 325 613 365 656 marker
211 231 605 286 661 id_point
212 232 606 287 658 id_point
213 233 608 288 662 id_point
214 233 605 289 660 id_point
215 261 607 315 662 id_point
216 425 613 466 654 marker
216 311 608 367 661 id_point
217 425 613 467 654 marker
217 345 601 399 657 id_point
218 347 600 401 656 id_point
218 425 613 466 654 marker
219 349 598 403 654 id_point
219 426 613 466 654 marker
220 349 598 404 655 id_point
220 425 613 467 654 marker
221 348 600 402 656 id_point
221 425 613 467 653 marker
222 349 597 403 652 id_point
222 425 613 467 654 marker
223 349 598 405 655 id_point
223 425 613 467 653 marker
224 348 597 402 653 id_point
224 425 613 467 654 marker
225 345 596 401 652 id_point
225 425 613 467 654 marker
226 345 595 398 650 id_point
227 345 596 401 652 id_point
228 348 599 403 652 id_point
229 351 595 407 649 id_point
231 523 611 559 651 marker
231 458 599 514 654 id_point
232 522 610 559 650 marker
232 471 599 526 655 id_point
233 523 611 559 652 marker
233 472 599 528 656 id_point
234 523 611 559 652 marker
234 473 600 527 656 id_point
235 523 611 560 652 marker
235 474 599 528 656 id_point
236 525 610 560 651 marker
236 476 598 529 653 id_point
237 511 617 564 677 id_point
238 512 619 566 678 id_point
239 511 616 565 677 id_point
240 513 618 567 675 id_point
241 509 620 563 677 id_point
242 508 618 564 677 id_point
245 121 720 162 760 marker
246 122 720 163 761 marker
247 121 720 162 760 marker
248 122 720 163 761 marker
249 121 720 163 761 marker
250 121 721 162 760 marker
251 122 720 163 760 marker
252 122 719 163 760 marker
253 122 719 163 761 marker
254 122 718 163 760 marker
257 5 735 62 788 id_point
258 69 736 130 789 id_point
259 222 718 264 760 marker
259 76 733 132 787 id_point
260 222 718 263 760 marker
260 79 746 136 802 id_point
261 222 719 263 760 marker
261 80 751 135 805 id_point
262 223 719 264 761 marker
262 85 749 140 804 id_point
263 223 718 265 761 marker
263 90 748 145 801 id_point
264 223 719 264 761 marker
264 89 746 145 799 id_point
265 222 719 265 762 marker
265 91 745 146 800 id_point
266 90 746 144 798 id_point
266 223 719 264 761 marker
267 223 719 265 760 marker
267 91 745 146 802 id_point
268 223 719 265 761 marker
268 92 746 148 800 id_point
269 92 745 148 798 id_point
270 93 745 147 798 id_point
271 123 739 179 794 id_point
272 154 746 210 799 id_point
273 327 717 368 757 marker
273 162 746 221 803 id_point
274 327 717 368 759 marker
274 223 755 279 810 id_point
275 327 716 367 759 marker
275 225 754 280 819 id_point
276 326 716 367 759 marker
276 223 758 277 813 id_point
277 326 715 367 758 marker
277 222 758 278 811 id_point
278 327 717 367 759 marker
278 223 757 278 813 id_point
279 328 716 367 759 marker
279 222 758 277 813 id_point
280 327 718 368 759 marker
280 221 758 278 813 id_point
281 328 718 369 759 marker
281 221 760 276 812 id_point
282 327 717 367 759 marker
282 219 759 277 813 id_point
283 226 754 280 809 id_point
284 225 754 284 810 id_point
285 242 751 297 807 id_point
286 309 760 365 818 id_point
287 428 715 469 755 marker
287 363 762 417 816 id_point
288 428 714 469 755 marker
288 368 760 423 813 id_point
289 428 714 469 754 marker
289 367 758 420 812 id_point
290 428 715 469 755 marker
290 365 759 421 811 id_point
291 428 715 469 756 marker
291 363 758 419 813 id_point
292 427 715 467 753 marker
292 416 958 462 1016 id_point
293 427 715 468 754 marker
294 428 715 468 754 marker
295 428 715 469 754 marker
295 431 1002 473 1044 id_point
296 435 1000 477 1047 id_point
301 525 710 562 751 marker
301 112 246 159 300 id_point
302 525 710 561 751 marker
303 524 710 561 750 marker
304 524 710 561 751 marker
304 683 1043 720 1104 marker
305 524 710 561 751 marker
305 682 1047 720 1106 id_point
306 524 709 561 750 marker
307 524 709 561 750 marker
307 565 788 611 846 id_point
308 524 709 560 750 marker
309 524 711 561 751 marker
309 567 794 620 855 id_point
310 561 788 616 846 id_point
310 524 709 562 750 marker
311 621 874 664 919 id_point
313 562 786 618 844 id_point
314 58 783 107 832 id_point
315 128 819 168 861 marker
315 0 835 54 887 id_point
316 129 818 167 857 marker
317 128 819 168 860 marker
318 128 818 167 858 marker
319 126 818 166 857 marker
320 126 820 166 860 marker
321 126 820 166 859 marker
322 125 820 165 860 marker
322 0 817 54 867 id_point
323 126 819 165 860 marker
323 0 813 54 866 id_point
324 1 810 56 864 id_point
324 126 820 165 860 marker
325 0 809 58 864 id_point
326 3 810 61 862 id_point
327 26 808 84 859 id_point
329 225 820 268 862 marker
329 139 859 194 917 id_point
330 137 863 193 917 id_point
330 225 819 268 862 marker
331 131 865 186 920 id_point
331 225 819 268 863 marker
332 131 861 186 916 id_point
332 225 819 267 861 marker
333 131 866 185 920 id_point
333 226 819 267 862 marker
334 131 861 186 917 id_point
334 225 819 269 863 marker
335 131 861 186 916 id_point
335 223 820 267 862 marker
336 132 863 186 917 id_point
336 224 820 268 863 marker
337 131 857 186 913 id_point
337 224 820 268 862 marker
339 133 866 188 920 id_point
340 133 863 189 919 id_point
341 136 862 190 917 id_point
342 231 868 289 921 id_point
343 327 818 368 859 marker
343 260 883 317 944 id_point
344 327 816 368 857 marker
344 260 896 314 950 id_point
345 326 817 368 858 marker
345 256 898 312 952 id_point
346 326 817 368 859 marker
346 259 908 319 958 id_point
347 326 816 367 858 marker
347 259 909 319 960 id_point
348 327 816 368 858 marker
348 256 905 313 958 id_point
349 327 816 368 858 marker
349 256 900 312 954 id_point
350 327 817 368 858 marker
350 258 899 314 955 id_point
351 327 816 368 857 marker
351 259 898 315 952 id_point
352 327 817 368 858 marker
352 258 897 314 952 id_point
353 259 898 316 953 id_point
354 259 895 313 949 id_point
355 260 895 316 949 id_point
356 366 923 419 979 id_point
357 426 811 466 853 marker
357 367 921 426 975 id_point
358 426 813 467 853 marker
358 399 922 455 978 id_point
359 427 812 467 852 marker
359 398 923 454 978 id_point
360 426 811 466 853 marker
360 399 926 453 983 id_point
361 427 812 467 853 marker
361 398 925 454 980 id_point
362 427 812 468 852 marker
363 427 813 467 853 marker
363 396 923 452 978 id_point
364 427 812 468 853 marker
364 399 922 456 978 id_point
365 427 812 467 853 marker
365 398 920 453 975 id_point
366 397 919 453 973 id_point
367 396 917 451 972 id_point
368 406 912 459 967 id_point
369 466 923 520 980 id_point
370 521 807 558 846 marker
370 512 916 565 972 id_point
371 521 806 558 846 marker
371 518 914 573 974 id_point
372 521 806 558 847 marker
372 519 916 575 974 id_point
373 521 807 558 846 marker
373 645 983 698 1041 id_point
374 522 806 559 846 marker
374 646 985 700 1043 id_point
375 521 807 558 847 marker
375 645 986 700 1043 id_point
376 522 806 559 847 marker
376 676 875 718 919 id_point
377 522 807 559 847 marker
377 533 907 588 965 id_point
378 522 807 558 847 marker
378 532 907 587 965 id_point
379 523 807 559 847 marker
379 536 915 579 961 id_point
380 531 905 587 964 id_point
381 529 908 585 964 id_point
382 527 902 582 967 id_point
383 536 911 579 957 id_point
384 532 905 585 959 id_point
385 260 604 305 649 id_point
386 288 580 341 639 id_point
387 296 590 339 635 id_point
390 286 595 346 653 id_point
391 254 601 309 656 id_point
392 263 594 324 649 id_point
393 286 556 334 626 id_point
394 348 482 394 530 id_point
396 270 587 326 642 id_point
397 471 762 508 807 marker
398 239 636 295 688 id_point
398 159 702 231 800 id_point
399 242 447 297 499 id_point
399 470 765 509 814 marker
401 282 625 336 679 id_point
402 283 627 336 681 id_point
403 300 586 355 639 id_point
404 297 578 353 634 id_point
405 317 633 371 688 id_point
408 255 565 303 617 id_point
409 202 445 256 501 id_point
409 179 498 224 548 id_point
410 245 546 301 601 id_point
411 110 614 163 668 id_point
412 134 580 178 626 id_point
413 198 323 244 372 id_point
413 471 767 507 813 marker
414 292 533 348 589 id_point
415 121 308 176 362 id_point
416 100 269 156 323 id_point
417 355 669 410 724 id_point
418 357 673 412 726 id_point
419 424 703 479 764 id_point
420 442 412 495 470 id_point
421 398 720 448 770 id_point
422 390 716 449 781 id_point
423 137 529 193 584 id_point
423 470 765 510 812 marker
424 96 341 153 401 id_point
425 95 342 152 399 id_point
426 162 503 216 554 id_point
427 67 375 121 434 id_point
428 65 348 121 406 id_point
430 217 618 273 671 id_point
431 340 597 395 653 id_point
432 343 599 397 651 id_point
433 342 596 398 650 id_point
434 344 593 398 649 id_point
435 280 595 343 652 id_point
436 267 594 324 650 id_point
437 264 596 319 652 id_point
438 265 597 319 650 id_point
439 262 592 318 648 id_point
440 262 589 316 644 id_point
441 263 591 317 647 id_point
442 265 594 321 649 id_point
444 268 599 326 654 id_point
446 110 190 163 244 id_point
447 102 160 157 216 id_point
448 110 134 164 187 id_point
449 111 134 163 189 id_point
450 88 208 142 264 id_point
451 222 596 278 649 id_point
452 261 592 318 648 id_point
453 264 595 328 655 id_point
454 269 599 328 657 id_point
455 269 600 325 657 id_point
456 267 598 324 654 id_point
457 267 598 322 654 id_point
458 262 597 320 653 id_point
459 267 595 322 651 id_point
460 275 598 331 655 id_point
461 278 598 333 653 id_point
462 280 592 334 647 id_point
463 280 594 334 649 id_point
464 281 597 335 654 id_point
465 276 598 331 656 id_point
466 273 609 331 663 id_point
467 272 609 329 663 id_point
468 273 609 328 663 id_point
469 508 314 563 370 id_point
470 507 315 562 374 id_point
472 504 320 558 377 id_point
473 511 319 565 375 id_point
474 513 317 568 377 id_point
476 502 321 558 381 id_point
477 506 322 560 378 id_point
478 506 315 560 373 id_point
