0 234 628 289 687 id_point
1 236 631 292 686 id_point
2 232 628 289 686 id_point
3 230 630 286 687 id_point
4 229 630 284 688 id_point
5 217 641 271 700 id_point
6 218 638 274 702 id_point
7 224 637 280 695 id_point
8 228 632 283 689 id_point
9 229 624 284 680 id_point
10 228 617 284 675 id_point
11 229 618 284 674 id_point
12 216 615 273 675 id_point
14 225 627 280 681 id_point
15 227 629 282 684 id_point
16 231 625 287 680 id_point
17 227 623 283 680 id_point
18 228 628 282 684 id_point
19 225 630 281 686 id_point
20 225 630 280 686 id_point
21 222 629 278 686 id_point
22 226 623 282 681 id_point
23 229 629 284 683 id_point
24 231 628 287 684 id_point
25 232 631 287 687 id_point
26 232 633 287 689 id_point
27 232 632 287 688 id_point
28 233 634 288 690 id_point
29 230 627 286 684 id_point
30 227 628 283 685 id_point
31 230 633 285 688 id_point
32 229 631 284 688 id_point
33 228 630 284 686 id_point
33 292 426 333 465 marker
34 228 629 284 686 id_point
34 291 427 333 466 marker
35 228 630 283 686 id_point
35 292 426 333 464 marker
36 292 426 332 465 marker
36 235 421 293 470 id_point
37 293 426 331 464 marker
37 240 412 295 464 id_point
38 292 426 331 465 marker
38 241 410 293 465 id_point
39 294 425 332 465 marker
39 238 410 294 460 id_point
40 294 426 332 464 marker
40 240 409 297 458 id_point
41 295 426 333 465 marker
41 239 408 296 457 id_point
42 294 426 332 464 marker
42 238 409 293 461 id_point
43 294 426 332 464 marker
43 240 409 295 458 id_point
44 239 407 296 460 id_point
45 253 408 310 461 id_point
46 254 410 311 462 id_point
47 483 431 520 469 marker
47 337 409 392 463 id_point
48 485 431 523 469 marker
48 432 413 487 470 id_point
49 483 432 522 469 marker
49 428 416 484 470 id_point
50 483 430 522 468 marker
50 421 421 476 476 id_point
51 484 431 521 468 marker
51 420 422 474 478 id_point
52 484 431 520 468 marker
52 421 423 477 477 id_point
53 483 430 521 467 marker
53 423 421 477 477 id_point
54 483 430 521 467 marker
54 418 421 473 477 id_point
55 483 431 521 469 marker
55 420 422 473 478 id_point
56 417 423 472 478 id_point
57 417 423 473 479 id_point
58 420 423 475 480 id_point
59 267 569 322 626 id_point
60 226 631 281 687 id_point
60 295 623 338 666 marker
61 232 638 288 692 id_point
61 293 625 336 664 marker
62 231 638 287 692 id_point
62 293 625 337 664 marker
63 232 634 287 688 id_point
63 295 624 337 666 marker
64 230 630 286 685 id_point
64 295 622 337 664 marker
65 229 629 285 683 id_point
65 295 624 337 664 marker
66 230 629 286 683 id_point
66 294 624 337 665 marker
67 229 631 284 686 id_point
67 293 624 335 665 marker
68 227 634 282 689 id_point
68 293 624 336 666 marker
69 226 633 283 689 id_point
69 294 624 337 665 marker
70 228 633 283 692 id_point
71 234 642 275 686 id_point
72 257 641 314 698 id_point
74 395 624 448 679 id_point
74 494 620 531 662 marker
75 419 626 475 683 id_point
75 494 620 531 661 marker
76 422 627 477 681 id_point
76 494 620 531 662 marker
77 420 627 475 681 id_point
77 493 621 531 662 marker
78 420 625 474 681 id_point
78 494 620 532 662 marker
79 494 621 531 663 marker
79 421 623 476 676 id_point
80 423 624 478 677 id_point
80 494 621 531 662 marker
81 423 623 477 677 id_point
81 494 620 531 662 marker
82 423 625 477 677 id_point
82 493 621 531 662 marker
83 422 624 478 676 id_point
83 494 621 531 662 marker
84 420 623 475 677 id_point
85 419 625 475 679 id_point
