0 255 565 309 622 id_point
1 248 575 305 632 id_point
2 242 573 298 629 id_point
3 250 560 308 619 id_point
4 249 558 306 617 id_point
5 246 568 303 627 id_point
6 250 564 306 621 id_point
7 253 560 308 618 id_point
8 253 561 308 617 id_point
9 253 567 307 623 id_point
17 222 591 276 645 id_point
18 252 579 309 636 id_point
19 244 576 298 633 id_point
20 243 570 297 627 id_point
21 241 571 295 627 id_point
23 235 572 290 628 id_point
24 242 578 298 635 id_point
25 243 579 298 634 id_point
26 244 579 297 635 id_point
27 242 581 297 637 id_point
28 241 587 295 643 id_point
29 244 585 300 640 id_point
30 247 582 301 636 id_point
31 248 582 303 636 id_point
32 249 575 303 631 id_point
33 250 573 305 630 id_point
33 89 601 129 643 marker
34 25 581 82 636 id_point
34 91 602 129 642 marker
35 27 578 84 632 id_point
35 92 602 129 641 marker
36 25 581 80 635 id_point
36 91 602 128 642 marker
37 26 582 82 637 id_point
37 89 603 129 643 marker
38 24 583 81 637 id_point
38 90 603 127 643 marker
39 25 582 82 637 id_point
39 90 602 127 642 marker
40 26 581 82 636 id_point
40 90 603 128 642 marker
41 24 585 80 639 id_point
41 91 603 128 643 marker
42 29 586 83 642 id_point
43 30 587 84 643 id_point
44 52 582 107 636 id_point
45 120 594 175 649 id_point
46 123 588 177 646 id_point
47 240 578 295 632 id_point
47 294 599 336 643 marker
48 244 579 300 633 id_point
48 295 599 334 643 marker
49 244 571 300 624 id_point
49 295 599 334 643 marker
50 244 571 300 625 id_point
50 296 599 334 642 marker
51 247 564 302 622 id_point
51 299 598 335 640 marker
52 244 566 299 623 id_point
52 295 598 335 642 marker
53 241 569 298 626 id_point
53 295 599 335 642 marker
54 241 570 297 624 id_point
54 295 599 335 642 marker
55 244 571 297 625 id_point
55 295 599 335 643 marker
56 243 573 297 629 id_point
57 247 571 301 628 id_point
58 249 575 303 630 id_point
59 54 676 107 730 id_point
60 101 807 138 845 marker
61 37 839 93 890 id_point
61 100 808 140 848 marker
62 33 841 91 893 id_point
62 100 808 139 848 marker
63 33 841 90 893 id_point
63 100 807 140 848 marker
64 34 839 90 892 id_point
64 100 807 140 848 marker
65 33 840 90 891 id_point
65 100 808 140 847 marker
66 34 840 92 892 id_point
66 100 808 140 848 marker
67 33 841 91 892 id_point
67 100 808 140 848 marker
68 34 841 90 894 id_point
68 100 807 140 847 marker
69 37 840 89 898 id_point
70 41 838 95 892 id_point
71 149 833 203 888 id_point
72 211 850 267 908 id_point
73 252 866 311 925 id_point
74 252 867 311 924 id_point
74 301 804 343 845 marker
75 257 849 313 905 id_point
75 300 805 343 846 marker
76 256 850 311 909 id_point
76 300 805 342 846 marker
77 256 851 312 909 id_point
77 300 805 342 846 marker
78 257 847 312 905 id_point
78 300 806 343 846 marker
79 255 852 310 909 id_point
79 300 805 343 846 marker
80 255 850 310 907 id_point
80 300 805 343 846 marker
81 255 853 311 909 id_point
81 301 805 343 845 marker
82 255 857 310 911 id_point
82 301 805 343 845 marker
83 253 849 309 907 id_point
84 252 848 310 906 id_point
85 254 847 310 905 id_point
86 198 780 253 838 id_point
87 210 785 266 838 id_point
88 211 681 263 738 id_point
90 101 628 148 675 id_point
91 245 563 296 619 id_point
92 275 595 328 652 id_point
92 130 1055 172 1090 marker
93 281 574 337 629 id_point
93 129 1056 172 1091 marker
94 285 572 341 627 id_point
95 297 577 352 632 id_point
96 299 579 353 636 id_point
97 298 584 353 638 id_point
98 298 585 353 638 id_point
