0 350 693 406 751 id_point
1 350 699 404 758 id_point
2 352 696 407 755 id_point
4 247 598 305 655 id_point
5 257 578 314 632 id_point
6 262 575 315 627 id_point
7 259 576 315 627 id_point
8 258 574 314 627 id_point
9 329 602 384 659 id_point
10 346 654 401 711 id_point
11 342 680 400 737 id_point
12 351 682 406 741 id_point
13 349 686 405 744 id_point
14 333 721 388 778 id_point
15 257 579 314 632 id_point
16 260 579 314 630 id_point
17 257 576 312 628 id_point
18 256 575 313 628 id_point
19 258 577 314 629 id_point
20 260 579 317 633 id_point
21 259 581 316 633 id_point
22 262 579 317 631 id_point
23 261 572 318 625 id_point
24 261 580 318 633 id_point
25 264 582 319 633 id_point
26 261 577 318 631 id_point
27 261 574 316 626 id_point
28 262 571 318 623 id_point
29 265 576 319 629 id_point
29 311 616 352 657 marker
30 263 577 313 629 id_point
30 311 616 352 657 marker
31 264 576 315 627 id_point
31 311 615 353 657 marker
32 261 580 314 632 id_point
32 311 617 353 658 marker
33 264 575 318 625 id_point
33 310 616 352 656 marker
34 262 574 316 624 id_point
34 310 616 353 657 marker
35 311 616 353 658 marker
35 262 573 318 632 id_point
36 263 579 315 631 id_point
36 311 616 352 657 marker
37 261 577 313 630 id_point
37 311 616 351 657 marker
38 310 615 351 656 marker
38 262 578 314 630 id_point
39 263 577 317 629 id_point
40 263 579 318 632 id_point
41 279 577 333 631 id_point
42 280 576 335 631 id_point
43 282 576 337 632 id_point
44 385 583 442 648 id_point
44 408 614 453 658 marker
45 387 582 443 645 id_point
45 413 615 452 657 marker
46 384 576 441 637 id_point
46 414 615 453 658 marker
47 381 576 439 634 id_point
47 413 614 454 658 marker
48 382 572 439 629 id_point
48 413 614 454 656 marker
49 381 573 438 631 id_point
49 412 614 453 658 marker
50 382 574 437 633 id_point
50 413 614 452 656 marker
51 383 574 441 633 id_point
51 412 615 452 657 marker
52 387 574 443 638 id_point
52 413 615 454 660 marker
53 383 570 440 628 id_point
53 410 611 453 656 marker
54 384 575 441 639 id_point
54 413 615 454 659 marker
55 384 575 439 630 id_point
56 398 576 453 631 id_point
57 403 578 455 626 id_point
58 484 568 537 627 id_point
58 507 610 548 654 marker
59 490 569 544 629 id_point
59 506 610 546 656 marker
60 493 570 545 633 id_point
60 505 608 547 659 marker
61 492 570 546 630 id_point
61 504 611 548 658 marker
62 493 571 545 638 id_point
63 492 564 547 622 id_point
63 504 612 545 655 marker
64 490 564 545 621 id_point
64 506 612 547 654 marker
65 492 573 541 635 id_point
65 508 610 547 657 marker
66 490 567 544 628 id_point
66 507 611 546 655 marker
67 489 569 542 630 id_point
67 506 611 545 657 marker
68 491 566 544 624 id_point
69 492 575 540 621 id_point
70 311 678 370 733 id_point
71 257 674 315 730 id_point
72 313 719 353 762 marker
72 257 678 313 731 id_point
73 313 719 352 760 marker
73 262 712 314 764 id_point
74 312 718 352 761 marker
74 263 717 315 766 id_point
75 312 718 352 761 marker
75 263 720 315 771 id_point
76 312 719 353 762 marker
76 264 719 317 772 id_point
77 312 719 352 762 marker
77 263 714 316 766 id_point
78 313 718 352 762 marker
78 265 714 322 766 id_point
79 314 718 352 762 marker
79 269 716 321 766 id_point
80 313 718 352 762 marker
80 267 713 321 763 id_point
81 314 719 354 761 marker
81 262 710 317 761 id_point
82 263 703 320 758 id_point
83 266 703 324 756 id_point
84 313 713 368 769 id_point
85 361 708 417 764 id_point
85 415 717 456 756 marker
86 383 712 441 768 id_point
86 404 716 450 760 marker
87 384 708 444 763 id_point
88 382 711 443 767 id_point
89 383 712 440 768 id_point
90 384 706 444 763 id_point
91 383 707 441 762 id_point
92 383 709 441 766 id_point
93 383 707 444 763 id_point
94 385 707 444 762 id_point
95 384 702 439 760 id_point
96 387 705 445 760 id_point
97 398 707 454 763 id_point
98 450 703 496 748 id_point
99 480 702 536 760 id_point
100 492 699 547 755 id_point
101 489 699 547 754 id_point
102 493 701 548 755 id_point
103 490 697 547 753 id_point
104 488 701 546 759 id_point
105 494 701 548 757 id_point
106 490 698 548 754 id_point
107 490 699 549 755 id_point
108 492 699 545 756 id_point
109 490 704 542 758 id_point
110 281 760 339 816 id_point
111 257 793 311 848 id_point
112 316 817 359 860 marker
112 269 808 315 848 id_point
113 319 818 359 858 marker
113 266 835 319 888 id_point
114 319 818 359 858 marker
114 269 833 323 889 id_point
115 320 818 358 858 marker
115 268 833 322 889 id_point
116 318 817 357 859 marker
116 270 794 322 849 id_point
117 317 817 357 860 marker
117 250 738 305 796 id_point
118 317 819 357 860 marker
118 253 785 309 838 id_point
119 317 818 357 861 marker
119 253 787 309 841 id_point
120 318 819 357 860 marker
120 255 790 310 844 id_point
121 253 789 310 842 id_point
122 276 769 335 825 id_point
123 280 767 338 823 id_point
124 343 776 398 830 id_point
125 418 814 458 851 marker
125 359 783 414 838 id_point
126 350 779 406 834 id_point
126 417 813 458 852 marker
127 348 781 404 833 id_point
127 417 813 458 852 marker
128 348 780 405 835 id_point
128 416 813 456 852 marker
129 346 782 401 836 id_point
129 416 813 459 852 marker
130 346 778 403 832 id_point
130 417 812 457 853 marker
131 346 783 402 837 id_point
131 416 813 457 851 marker
132 346 786 403 838 id_point
132 415 813 457 852 marker
133 346 783 402 838 id_point
133 418 813 456 853 marker
134 345 780 400 836 id_point
135 357 780 412 835 id_point
136 365 778 421 835 id_point
137 396 779 452 834 id_point
138 512 807 549 844 marker
138 423 776 477 831 id_point
139 440 768 495 823 id_point
139 511 806 550 844 marker
140 438 770 492 826 id_point
140 512 806 549 845 marker
141 434 776 490 834 id_point
141 512 806 550 843 marker
142 434 775 490 832 id_point
142 511 806 549 844 marker
143 434 775 489 830 id_point
143 511 806 549 843 marker
144 434 772 489 829 id_point
144 511 805 548 845 marker
145 510 806 548 844 marker
145 433 772 488 830 id_point
146 433 772 488 830 id_point
147 440 777 486 823 id_point
148 462 764 516 818 id_point
149 474 771 528 828 id_point
150 493 772 547 828 id_point
150 456 1050 502 1093 marker
151 493 774 548 825 id_point
151 457 1052 502 1092 marker
152 459 1051 503 1091 marker
153 308 650 363 703 id_point
153 457 1052 503 1091 marker
154 328 651 382 705 id_point
154 457 1052 500 1091 marker
155 330 659 383 711 id_point
155 455 1051 501 1092 marker
156 458 1055 501 1093 marker
157 457 1053 502 1092 marker
158 325 638 380 691 id_point
158 456 1053 502 1090 marker
159 330 646 384 700 id_point
159 454 1053 501 1093 marker
160 332 650 387 703 id_point
160 457 1054 501 1091 marker
161 333 650 388 704 id_point
161 454 1053 500 1093 marker
162 332 658 387 714 id_point
162 456 1055 501 1094 marker
163 316 780 371 834 id_point
163 454 1054 502 1093 marker
164 318 791 372 846 id_point
164 456 1055 500 1093 marker
165 317 790 372 845 id_point
165 455 1053 503 1091 marker
166 318 789 372 842 id_point
166 458 1054 503 1093 marker
167 321 714 375 768 id_point
167 453 1053 500 1095 marker
168 318 714 373 770 id_point
169 299 599 357 658 id_point
170 228 563 286 619 id_point
171 222 553 279 605 id_point
172 226 545 280 602 id_point
