0 195 606 248 660 id_point
1 193 613 248 678 id_point
2 192 624 248 679 id_point
3 194 625 248 680 id_point
4 191 624 246 680 id_point
5 192 604 246 658 id_point
6 190 612 243 665 id_point
7 185 621 236 677 id_point
9 162 620 216 674 id_point
10 182 604 237 655 id_point
11 182 601 237 654 id_point
12 182 600 236 653 id_point
14 0 209 38 268 id_point
15 0 209 29 264 id_point
16 0 189 34 255 id_point
20 184 613 238 668 id_point
21 179 600 234 654 id_point
22 178 601 233 655 id_point
23 158 613 214 668 id_point
24 154 618 211 674 id_point
25 152 620 209 678 id_point
27 148 614 204 668 id_point
28 155 616 211 671 id_point
29 167 613 222 667 id_point
30 172 613 227 668 id_point
31 167 620 223 674 id_point
32 167 611 223 665 id_point
33 166 613 221 667 id_point
34 167 613 222 667 id_point
35 166 617 222 672 id_point
36 166 617 221 672 id_point
37 164 617 219 672 id_point
38 163 617 219 672 id_point
39 163 616 217 670 id_point
40 160 614 215 668 id_point
41 165 615 221 670 id_point
42 162 615 218 669 id_point
43 162 619 220 674 id_point
44 162 614 216 668 id_point
45 162 604 216 658 id_point
46 163 610 218 664 id_point
47 165 611 220 666 id_point
48 163 613 219 668 id_point
49 163 616 219 670 id_point
50 165 616 221 671 id_point
51 164 616 220 671 id_point
52 164 612 220 667 id_point
53 165 612 222 668 id_point
54 163 612 219 667 id_point
55 164 613 220 669 id_point
56 164 614 219 670 id_point
57 163 613 220 668 id_point
58 164 615 220 670 id_point
59 163 613 219 668 id_point
60 162 615 217 669 id_point
61 162 612 218 667 id_point
61 41 422 80 462 marker
62 163 615 218 669 id_point
62 41 422 81 462 marker
63 43 423 81 462 marker
63 2 379 29 419 id_point
64 43 425 81 462 marker
64 0 378 51 432 id_point
65 43 424 81 463 marker
66 43 425 80 463 marker
66 1 372 34 422 id_point
67 43 425 81 462 marker
67 2 373 35 425 id_point
68 43 425 81 463 marker
68 1 373 34 423 id_point
69 43 425 81 463 marker
69 1 372 35 422 id_point
70 42 425 80 464 marker
70 1 373 34 424 id_point
71 1 373 32 422 id_point
72 0 373 36 425 id_point
73 0 373 38 424 id_point
75 52 383 106 438 id_point
75 136 419 175 458 marker
76 136 417 174 458 marker
77 137 418 176 457 marker
77 85 378 137 431 id_point
78 80 372 134 426 id_point
78 136 417 175 457 marker
79 78 370 133 427 id_point
79 134 417 174 458 marker
80 77 372 132 427 id_point
80 136 418 176 457 marker
81 79 373 133 426 id_point
81 136 418 176 458 marker
82 73 373 127 428 id_point
82 136 419 176 458 marker
83 74 372 130 427 id_point
83 136 418 175 458 marker
84 77 373 131 428 id_point
85 77 372 129 426 id_point
86 77 372 131 426 id_point
87 80 373 134 427 id_point
88 161 365 215 421 id_point
88 234 416 275 456 marker
89 178 366 235 422 id_point
89 234 417 276 457 marker
90 176 364 233 420 id_point
90 235 416 276 456 marker
91 171 362 228 419 id_point
91 234 417 276 456 marker
92 170 361 227 419 id_point
92 234 417 275 456 marker
93 171 357 229 415 id_point
93 234 416 274 455 marker
94 172 358 229 417 id_point
94 233 416 276 456 marker
95 172 359 229 417 id_point
95 233 416 275 456 marker
96 171 357 228 416 id_point
96 234 416 275 455 marker
97 170 357 227 415 id_point
97 234 417 275 456 marker
98 170 360 228 417 id_point
99 173 360 229 418 id_point
100 176 360 232 418 id_point
102 39 519 77 561 marker
103 39 519 77 561 marker
104 40 518 77 562 marker
105 40 518 78 561 marker
106 37 519 76 561 marker
107 38 519 76 560 marker
108 37 519 76 561 marker
109 37 519 75 561 marker
110 37 519 75 561 marker
111 37 519 75 561 marker
113 3 499 56 551 id_point
114 96 487 151 543 id_point
115 98 491 153 546 id_point
115 137 518 174 558 marker
116 69 490 127 544 id_point
116 133 513 172 559 marker
117 65 485 121 541 id_point
117 133 514 170 558 marker
118 134 513 171 558 marker
118 62 487 118 542 id_point
119 64 486 119 543 id_point
119 133 513 171 558 marker
120 63 487 120 542 id_point
120 133 515 171 559 marker
121 65 488 119 543 id_point
121 132 515 171 559 marker
122 65 490 120 544 id_point
122 133 513 171 558 marker
123 65 490 120 544 id_point
123 133 515 172 559 marker
124 66 488 123 542 id_point
124 133 514 173 558 marker
125 70 490 125 545 id_point
126 85 489 140 544 id_point
127 87 487 162 547 id_point
128 112 485 169 541 id_point
128 237 513 277 556 marker
129 176 483 233 538 id_point
129 237 515 278 556 marker
130 172 480 228 535 id_point
130 237 515 278 557 marker
131 165 481 221 535 id_point
131 235 516 278 556 marker
132 163 481 219 535 id_point
132 237 514 278 557 marker
133 166 483 222 537 id_point
133 237 515 277 557 marker
134 166 484 221 539 id_point
134 237 514 277 557 marker
135 168 484 223 538 id_point
135 237 514 277 557 marker
136 166 488 222 542 id_point
136 236 514 277 557 marker
137 166 482 224 543 id_point
138 169 491 215 536 id_point
139 20 576 75 629 id_point
141 37 622 77 663 marker
142 37 621 78 664 marker
143 37 620 76 663 marker
144 38 621 76 664 marker
145 38 621 76 664 marker
146 38 621 77 664 marker
147 37 621 76 664 marker
148 36 621 77 664 marker
149 37 621 76 664 marker
152 0 620 36 674 id_point
153 0 618 39 673 id_point
154 50 626 105 680 id_point
154 134 618 174 661 marker
155 134 617 175 661 marker
155 63 621 118 675 id_point
156 133 618 175 661 marker
156 62 622 118 675 id_point
157 135 619 176 662 marker
157 62 620 116 674 id_point
158 135 617 176 661 marker
158 60 620 116 673 id_point
159 135 618 175 661 marker
159 63 623 117 676 id_point
160 135 618 175 661 marker
160 63 622 116 675 id_point
161 134 619 176 662 marker
161 59 623 115 675 id_point
162 60 624 114 676 id_point
162 135 618 176 662 marker
163 60 624 114 677 id_point
164 86 617 139 672 id_point
165 90 616 146 670 id_point
166 167 620 225 673 id_point
166 236 615 277 660 marker
167 168 617 224 670 id_point
167 235 614 276 659 marker
168 167 616 223 669 id_point
168 236 615 277 660 marker
169 165 616 220 670 id_point
169 236 616 276 660 marker
170 165 615 220 670 id_point
170 236 616 278 659 marker
171 164 615 219 669 id_point
171 236 616 278 659 marker
172 166 616 221 669 id_point
172 237 616 277 659 marker
173 166 615 221 670 id_point
173 236 616 278 659 marker
174 164 614 219 668 id_point
174 236 616 277 659 marker
175 164 615 219 671 id_point
175 237 616 277 659 marker
176 162 613 218 667 id_point
177 164 614 220 668 id_point
178 194 610 249 664 id_point
179 198 611 252 664 id_point
180 197 610 251 662 id_point
181 198 610 253 663 id_point
182 194 623 247 675 id_point
183 201 620 257 672 id_point
184 204 612 259 667 id_point
185 203 614 256 667 id_point
186 203 615 256 668 id_point
187 204 618 249 662 id_point
188 145 595 199 647 id_point
189 133 627 188 680 id_point
190 28 556 88 612 id_point
191 25 556 81 612 id_point
192 50 621 105 673 id_point
193 54 622 108 675 id_point
194 55 621 109 673 id_point
