1 129 614 184 674 id_point
2 129 615 185 676 id_point
3 132 616 190 674 id_point
4 204 599 258 655 id_point
5 203 599 256 656 id_point
6 207 615 262 672 id_point
7 209 616 264 670 id_point
8 208 614 264 667 id_point
9 209 615 264 668 id_point
10 209 616 264 667 id_point
11 208 616 262 669 id_point
12 130 605 185 658 id_point
13 120 609 175 664 id_point
14 116 614 169 668 id_point
15 113 607 169 663 id_point
16 113 605 170 668 id_point
17 113 612 168 669 id_point
18 175 622 232 676 id_point
20 173 620 230 675 id_point
21 171 619 227 676 id_point
22 170 616 226 673 id_point
23 171 615 226 670 id_point
24 170 617 226 673 id_point
25 166 615 223 673 id_point
26 166 615 223 673 id_point
27 166 615 222 669 id_point
28 172 615 228 672 id_point
29 176 622 233 677 id_point
30 174 617 231 673 id_point
31 173 616 229 671 id_point
32 172 614 227 668 id_point
33 174 615 231 671 id_point
34 175 616 230 672 id_point
35 173 616 229 672 id_point
36 174 619 232 674 id_point
37 174 619 233 676 id_point
38 169 622 224 677 id_point
39 169 620 226 677 id_point
40 168 620 225 676 id_point
41 169 620 226 674 id_point
42 170 619 226 674 id_point
43 170 618 228 672 id_point
44 171 619 227 673 id_point
45 169 621 225 675 id_point
46 172 618 227 673 id_point
47 171 620 227 673 id_point
48 171 622 226 676 id_point
48 48 426 86 466 marker
49 171 621 227 676 id_point
49 48 426 86 466 marker
50 49 428 87 465 marker
50 2 382 54 435 id_point
51 47 426 85 465 marker
52 46 426 85 465 marker
52 1 378 34 421 id_point
53 46 427 85 465 marker
53 0 371 38 426 id_point
54 46 427 85 466 marker
54 3 371 38 433 id_point
55 46 427 85 466 marker
55 0 380 39 436 id_point
56 47 427 85 466 marker
56 1 379 39 436 id_point
57 47 427 86 466 marker
57 1 382 38 440 id_point
58 1 385 40 442 id_point
59 0 389 43 444 id_point
60 4 381 60 436 id_point
61 80 372 134 427 id_point
62 56 376 113 431 id_point
62 111 424 151 462 marker
63 52 378 107 433 id_point
63 111 426 150 463 marker
64 50 376 104 431 id_point
64 111 425 150 463 marker
65 45 377 99 431 id_point
65 111 425 150 464 marker
66 51 371 106 425 id_point
66 110 424 150 462 marker
67 54 381 107 434 id_point
67 111 425 150 463 marker
68 54 381 111 435 id_point
68 110 424 150 462 marker
69 55 381 107 436 id_point
69 110 425 149 463 marker
70 53 383 111 439 id_point
70 110 424 149 462 marker
71 64 381 117 436 id_point
72 56 375 110 428 id_point
74 66 376 120 429 id_point
75 124 372 178 426 id_point
75 176 422 216 461 marker
76 122 372 177 427 id_point
76 176 422 216 461 marker
77 115 370 170 426 id_point
77 175 422 217 461 marker
78 113 369 168 424 id_point
78 175 422 215 462 marker
79 117 371 172 427 id_point
79 176 422 215 462 marker
80 117 371 173 426 id_point
80 175 422 215 463 marker
81 117 371 172 426 id_point
81 175 422 215 462 marker
82 118 371 173 427 id_point
82 175 422 215 461 marker
83 117 371 172 426 id_point
83 175 422 214 462 marker
84 118 372 173 426 id_point
84 174 423 213 463 marker
85 114 367 169 424 id_point
86 122 368 178 424 id_point
87 130 366 185 422 id_point
88 195 369 251 425 id_point
88 242 419 282 458 marker
89 189 365 245 422 id_point
89 240 421 282 460 marker
90 182 363 238 419 id_point
90 240 421 282 462 marker
91 179 362 235 418 id_point
91 241 421 282 460 marker
92 179 362 235 419 id_point
92 240 421 282 460 marker
93 176 363 232 420 id_point
93 241 422 282 462 marker
94 180 363 235 420 id_point
94 241 421 282 461 marker
95 180 364 235 420 id_point
95 240 421 283 461 marker
96 176 364 233 421 id_point
96 240 421 282 461 marker
97 176 365 232 422 id_point
97 239 421 282 461 marker
98 180 363 235 420 id_point
99 176 365 234 422 id_point
100 179 365 234 421 id_point
101 179 364 234 422 id_point
102 44 492 82 533 marker
102 178 364 236 419 id_point
103 46 492 84 533 marker
103 2 450 37 508 id_point
104 47 491 84 534 marker
104 2 465 33 514 id_point
105 46 491 84 533 marker
105 3 466 32 518 id_point
106 47 491 84 534 marker
106 3 465 33 515 id_point
107 46 492 84 533 marker
107 3 467 32 519 id_point
108 47 492 84 534 marker
109 44 493 83 533 marker
110 47 492 83 534 marker
110 2 472 32 521 id_point
111 1 472 33 520 id_point
112 8 460 64 515 id_point
113 17 454 87 512 id_point
114 34 453 90 508 id_point
114 106 486 144 531 marker
115 37 458 93 512 id_point
115 107 487 146 532 marker
116 37 456 95 510 id_point
116 108 486 146 532 marker
117 39 457 95 510 id_point
117 107 487 147 532 marker
118 39 457 95 510 id_point
118 108 488 147 531 marker
119 35 457 92 512 id_point
119 107 488 146 532 marker
120 38 459 93 512 id_point
120 108 488 147 531 marker
121 40 460 95 513 id_point
121 108 488 147 532 marker
122 42 460 95 513 id_point
123 42 459 95 512 id_point
124 48 456 102 510 id_point
125 78 456 132 510 id_point
126 78 454 133 507 id_point
126 172 485 212 529 marker
127 105 451 160 505 id_point
127 171 487 212 529 marker
128 106 450 162 504 id_point
128 172 486 212 529 marker
129 105 449 160 503 id_point
129 172 485 212 528 marker
130 105 454 160 507 id_point
130 172 486 212 529 marker
131 105 451 161 506 id_point
131 172 485 212 530 marker
132 106 453 160 507 id_point
132 172 486 212 528 marker
133 106 454 161 507 id_point
133 172 485 212 528 marker
134 107 453 163 506 id_point
134 173 486 212 529 marker
135 114 451 168 507 id_point
136 117 450 171 505 id_point
137 165 445 224 504 id_point
138 167 447 223 502 id_point
138 239 485 281 528 marker
139 171 451 226 505 id_point
139 240 487 281 528 marker
140 170 448 226 503 id_point
140 240 486 280 527 marker
141 171 449 228 503 id_point
141 240 486 280 528 marker
142 171 449 227 502 id_point
142 239 486 280 527 marker
143 171 445 226 500 id_point
143 239 485 281 527 marker
144 171 443 228 499 id_point
144 239 485 280 527 marker
145 173 443 228 499 id_point
145 239 485 281 527 marker
146 172 443 228 500 id_point
146 239 485 280 528 marker
147 169 444 225 499 id_point
147 241 486 282 527 marker
148 170 442 226 498 id_point
149 85 486 131 530 id_point
152 42 557 80 600 marker
153 43 556 82 600 marker
154 43 556 81 600 marker
155 43 555 81 601 marker
156 43 556 81 600 marker
157 43 556 81 600 marker
158 41 556 79 599 marker
159 41 556 80 599 marker
160 41 557 79 600 marker
163 20 534 73 586 id_point
164 26 541 78 596 id_point
165 24 540 79 594 id_point
165 106 552 146 597 marker
166 27 540 83 595 id_point
166 106 552 145 597 marker
167 29 537 86 593 id_point
167 106 552 145 597 marker
168 30 541 87 596 id_point
168 106 551 145 597 marker
169 29 540 86 595 id_point
169 106 551 145 597 marker
170 27 540 84 596 id_point
170 105 553 145 597 marker
171 29 541 85 596 id_point
171 104 553 145 597 marker
172 27 540 84 595 id_point
172 106 551 144 597 marker
173 29 541 85 595 id_point
173 104 552 144 597 marker
174 29 540 85 595 id_point
174 104 553 143 597 marker
175 31 540 85 595 id_point
176 70 534 125 589 id_point
177 76 538 132 593 id_point
178 82 538 136 593 id_point
179 102 535 158 590 id_point
179 170 552 211 596 marker
180 97 535 156 590 id_point
180 170 552 211 596 marker
181 99 536 156 590 id_point
181 171 553 211 596 marker
182 97 536 156 590 id_point
182 171 551 211 597 marker
183 98 534 157 588 id_point
183 171 553 211 595 marker
184 100 536 157 590 id_point
184 171 553 211 595 marker
185 100 536 158 591 id_point
185 170 552 211 596 marker
186 97 536 157 590 id_point
186 170 551 210 598 marker
187 99 534 156 587 id_point
187 170 552 211 595 marker
188 100 535 155 590 id_point
189 102 536 156 593 id_point
190 102 537 156 592 id_point
191 158 534 215 590 id_point
192 162 528 218 582 id_point
192 240 550 282 594 marker
193 167 528 223 583 id_point
193 241 552 282 594 marker
194 168 530 224 585 id_point
194 241 551 282 595 marker
195 167 528 223 583 id_point
195 242 552 281 594 marker
196 168 529 224 583 id_point
196 242 553 281 595 marker
197 166 532 222 586 id_point
197 242 551 281 595 marker
198 167 531 223 585 id_point
198 242 552 282 595 marker
199 167 532 223 586 id_point
199 241 552 282 595 marker
200 166 532 222 585 id_point
200 241 552 281 595 marker
201 167 528 224 582 id_point
204 40 625 80 666 marker
205 41 625 80 666 marker
206 41 625 81 667 marker
207 40 624 81 667 marker
208 41 624 80 668 marker
209 41 624 81 668 marker
210 41 625 81 668 marker
211 42 625 80 667 marker
212 41 625 81 667 marker
213 40 624 81 667 marker
215 0 624 42 680 id_point
216 25 629 78 684 id_point
217 25 629 79 683 id_point
218 26 626 80 679 id_point
218 105 622 146 664 marker
219 27 626 81 679 id_point
219 104 622 145 663 marker
220 27 625 81 679 id_point
220 104 621 145 664 marker
221 27 626 83 681 id_point
221 105 623 145 666 marker
222 27 624 81 678 id_point
222 105 624 146 665 marker
223 28 626 83 681 id_point
223 106 622 146 665 marker
224 28 625 83 680 id_point
224 105 624 145 666 marker
225 26 624 80 678 id_point
225 105 623 145 666 marker
226 26 624 80 676 id_point
226 105 622 145 664 marker
227 28 625 81 679 id_point
228 30 622 83 676 id_point
229 47 623 102 678 id_point
230 80 626 135 682 id_point
231 77 622 132 678 id_point
231 172 622 214 665 marker
232 82 620 143 677 id_point
232 171 622 214 666 marker
233 90 623 145 677 id_point
233 172 622 214 665 marker
234 92 624 148 678 id_point
234 172 622 213 665 marker
235 92 624 146 678 id_point
235 170 622 213 665 marker
236 92 623 147 677 id_point
236 170 622 213 665 marker
237 93 622 149 677 id_point
237 169 621 212 665 marker
238 91 621 146 675 id_point
238 170 622 214 665 marker
239 93 621 146 676 id_point
239 170 622 213 665 marker
240 91 623 144 675 id_point
240 170 621 213 665 marker
241 92 624 146 677 id_point
242 90 624 144 678 id_point
243 108 620 162 674 id_point
244 150 620 205 674 id_point
244 241 616 282 662 marker
245 154 618 211 675 id_point
245 242 618 282 664 marker
246 163 620 217 676 id_point
246 240 616 282 663 marker
247 163 623 217 676 id_point
247 240 615 281 663 marker
248 163 623 218 676 id_point
248 242 617 282 664 marker
249 163 623 218 676 id_point
249 240 616 282 663 marker
250 163 621 218 674 id_point
250 241 616 281 663 marker
251 164 616 217 671 id_point
251 241 617 280 663 marker
252 161 617 216 672 id_point
252 240 617 281 663 marker
253 164 619 220 673 id_point
254 164 619 220 674 id_point
255 164 620 220 674 id_point
256 165 622 221 675 id_point
257 166 626 222 681 id_point
258 168 625 223 679 id_point
260 151 625 206 679 id_point
261 157 616 213 671 id_point
262 144 547 197 601 id_point
263 143 545 196 598 id_point
264 161 600 217 652 id_point
