0 267 627 322 681 id_point
1 261 622 319 678 id_point
2 268 625 328 679 id_point
3 262 629 322 685 id_point
4 254 650 312 703 id_point
5 260 632 317 688 id_point
6 266 629 324 684 id_point
8 265 630 323 685 id_point
9 266 629 322 683 id_point
10 266 626 322 680 id_point
11 265 624 322 679 id_point
12 266 627 322 682 id_point
13 265 629 322 685 id_point
14 265 629 321 683 id_point
15 265 629 321 682 id_point
16 263 629 321 679 id_point
17 260 631 316 684 id_point
18 262 629 320 683 id_point
19 264 627 321 681 id_point
20 263 626 318 681 id_point
21 264 634 320 688 id_point
22 261 635 317 687 id_point
23 262 631 319 686 id_point
24 265 628 321 683 id_point
25 264 624 320 679 id_point
26 296 430 336 470 marker
26 259 624 315 680 id_point
27 295 430 336 469 marker
28 269 388 325 443 id_point
28 298 430 340 470 marker
29 298 431 338 471 marker
29 282 380 322 428 id_point
30 297 430 337 471 marker
31 300 431 339 471 marker
31 246 379 301 432 id_point
32 298 431 338 473 marker
33 249 376 305 428 id_point
33 300 432 339 471 marker
34 247 377 304 430 id_point
34 299 432 338 471 marker
35 247 375 304 429 id_point
35 300 432 338 471 marker
36 250 378 306 430 id_point
37 278 375 335 433 id_point
38 284 376 339 434 id_point
39 282 381 338 437 id_point
40 322 386 377 440 id_point
40 491 435 530 474 marker
41 458 385 514 441 id_point
41 491 435 529 473 marker
42 463 387 521 443 id_point
42 491 435 530 473 marker
43 465 390 520 448 id_point
43 490 434 529 475 marker
44 465 391 518 448 id_point
44 488 433 528 475 marker
45 464 388 518 445 id_point
45 488 432 528 474 marker
46 464 390 520 446 id_point
46 490 434 529 473 marker
47 463 389 518 445 id_point
47 491 435 529 472 marker
48 461 392 514 447 id_point
48 490 434 530 473 marker
49 457 389 513 446 id_point
50 460 390 516 448 id_point
51 365 454 419 509 id_point
53 264 494 324 543 id_point
53 303 631 343 675 marker
54 237 623 293 679 id_point
54 301 629 343 675 marker
55 235 624 291 681 id_point
55 299 629 341 674 marker
56 238 631 294 688 id_point
56 301 631 343 677 marker
57 236 628 293 686 id_point
57 298 629 342 675 marker
58 238 630 294 687 id_point
58 300 629 342 674 marker
59 235 631 291 688 id_point
59 300 628 341 674 marker
60 240 628 295 684 id_point
60 301 629 341 675 marker
61 241 618 296 673 id_point
61 301 629 341 672 marker
62 240 618 297 674 id_point
62 302 630 341 672 marker
63 252 626 309 679 id_point
63 303 626 343 672 marker
64 252 625 307 680 id_point
65 327 612 386 666 id_point
66 462 615 517 668 id_point
67 463 614 518 669 id_point
67 499 630 536 669 marker
68 458 614 513 668 id_point
68 500 628 539 668 marker
69 455 615 511 669 id_point
69 502 628 538 669 marker
70 460 617 515 673 id_point
70 499 628 538 669 marker
71 460 617 515 673 id_point
71 491 628 537 671 marker
72 461 617 517 673 id_point
72 495 630 536 671 marker
73 461 618 516 674 id_point
73 492 627 537 670 marker
74 461 615 516 670 id_point
74 497 628 537 670 marker
75 460 615 516 670 id_point
75 496 628 536 669 marker
76 456 612 512 668 id_point
77 464 611 518 664 id_point
78 468 613 515 656 id_point
80 298 598 356 654 id_point
81 324 586 380 640 id_point
81 421 578 460 615 marker
82 419 578 457 620 marker
83 419 576 458 621 marker
84 329 612 384 665 id_point
84 420 578 462 616 marker
85 328 612 383 665 id_point
85 421 580 461 616 marker
86 323 591 379 644 id_point
86 420 578 462 615 marker
87 337 589 393 643 id_point
87 421 577 461 615 marker
88 337 588 394 640 id_point
88 420 578 461 615 marker
89 336 589 392 641 id_point
89 420 576 460 614 marker
