0 221 582 278 639 id_point
1 84 560 113 598 marker
2 557 621 612 679 id_point
2 85 561 116 598 marker
3 533 577 591 639 id_point
4 532 452 588 512 id_point
4 84 564 114 598 marker
5 517 236 574 296 id_point
6 82 564 109 598 marker
7 518 580 574 639 id_point
7 82 562 113 597 marker
8 523 576 578 635 id_point
9 226 582 282 636 id_point
9 84 559 113 593 marker
10 229 594 284 648 id_point
11 227 594 285 648 id_point
11 85 562 112 596 marker
12 494 613 549 671 id_point
13 523 573 578 632 id_point
13 85 562 112 598 marker
14 526 580 572 628 id_point
15 179 585 234 638 id_point
16 206 597 265 650 id_point
16 84 562 113 597 marker
17 83 562 111 599 marker
18 62 215 117 272 id_point
18 84 560 116 598 marker
19 52 156 105 209 id_point
19 84 562 112 598 marker
20 86 559 114 596 marker
21 112 296 170 352 id_point
21 85 562 111 597 marker
22 89 384 143 437 id_point
22 84 561 114 598 marker
24 83 563 113 600 marker
25 85 561 113 597 marker
26 198 562 253 614 id_point
26 85 561 115 598 marker
27 215 601 273 654 id_point
27 87 558 114 594 marker
28 221 600 277 655 id_point
29 3 436 38 478 id_point
29 87 556 119 595 marker
30 11 235 65 295 id_point
30 85 560 113 595 marker
31 11 234 67 294 id_point
31 85 563 112 599 marker
32 251 88 306 144 id_point
33 84 558 115 596 marker
34 238 348 292 405 id_point
35 237 350 290 406 id_point
37 0 460 35 510 id_point
37 85 561 115 599 marker
38 85 558 118 596 marker
39 84 562 112 597 marker
40 85 561 112 598 marker
42 84 557 117 595 marker
43 10 234 66 293 id_point
43 86 558 116 595 marker
45 150 574 205 628 id_point
45 86 557 120 597 marker
46 176 608 232 664 id_point
47 174 602 229 656 id_point
54 185 604 240 658 id_point
55 185 603 242 660 id_point
58 187 605 243 661 id_point
61 192 603 249 658 id_point
63 191 608 248 664 id_point
64 188 601 245 654 id_point
65 199 598 256 650 id_point
67 182 587 238 640 id_point
68 193 587 250 643 id_point
69 201 590 257 647 id_point
70 198 593 255 650 id_point
71 202 593 256 647 id_point
72 201 597 257 652 id_point
73 204 593 260 647 id_point
74 204 595 260 651 id_point
75 204 595 260 650 id_point
76 203 590 258 644 id_point
77 198 595 254 652 id_point
78 204 596 259 650 id_point
79 202 597 258 651 id_point
80 201 586 256 637 id_point
81 206 583 262 637 id_point
82 195 589 251 645 id_point
83 207 583 262 637 id_point
84 200 585 256 639 id_point
85 205 584 261 637 id_point
86 205 591 260 645 id_point
87 188 602 245 656 id_point
88 47 408 86 451 marker
88 201 596 256 650 id_point
89 47 409 86 451 marker
90 50 301 104 355 id_point
90 47 410 86 450 marker
91 47 409 86 451 marker
92 47 409 86 450 marker
93 46 409 86 450 marker
93 57 310 97 356 id_point
94 46 408 85 452 marker
95 45 411 85 450 marker
95 2 355 34 406 id_point
96 46 410 85 450 marker
97 36 369 89 426 id_point
97 45 410 86 452 marker
98 7 360 62 418 id_point
98 47 412 84 447 marker
99 6 360 62 416 id_point
100 4 357 60 412 id_point
101 8 364 64 421 id_point
102 237 403 277 441 marker
102 68 368 122 423 id_point
103 188 530 245 586 id_point
103 237 402 279 442 marker
104 238 402 278 441 marker
105 172 482 229 538 id_point
105 238 402 278 441 marker
106 238 403 279 442 marker
106 599 37 645 83 id_point
107 166 485 224 543 id_point
107 239 403 279 442 marker
108 165 483 222 538 id_point
108 238 401 278 442 marker
109 165 482 222 538 id_point
109 238 401 279 442 marker
110 168 486 225 542 id_point
110 238 402 279 442 marker
111 153 537 212 594 id_point
111 238 401 279 441 marker
112 237 402 278 442 marker
112 154 539 210 595 id_point
113 156 537 213 593 id_point
114 190 399 247 456 id_point
115 151 424 208 481 id_point
116 63 477 106 522 id_point
117 32 484 87 541 id_point
117 41 603 80 646 marker
118 43 605 79 645 marker
118 3 606 53 664 id_point
119 41 602 79 644 marker
119 0 634 34 687 id_point
120 41 602 79 644 marker
120 0 631 37 686 id_point
121 41 603 80 645 marker
121 0 635 32 685 id_point
122 41 603 80 645 marker
122 0 636 30 686 id_point
123 41 603 80 644 marker
123 0 636 32 686 id_point
124 43 596 81 636 marker
124 0 633 35 683 id_point
125 41 599 80 639 marker
125 1 626 41 688 id_point
126 41 600 80 641 marker
126 0 630 37 683 id_point
127 0 633 41 685 id_point
129 1 621 52 675 id_point
130 60 623 114 678 id_point
130 236 595 277 638 marker
131 175 613 230 669 id_point
131 235 595 278 638 marker
132 172 624 229 679 id_point
132 236 595 277 639 marker
133 174 611 229 666 id_point
133 236 595 278 639 marker
134 177 616 232 670 id_point
134 235 596 277 639 marker
135 176 609 234 665 id_point
135 236 596 276 640 marker
136 178 612 233 667 id_point
136 236 596 276 639 marker
137 236 595 276 637 marker
138 175 618 232 671 id_point
138 235 596 276 639 marker
139 173 617 230 671 id_point
139 236 595 277 639 marker
140 176 621 232 675 id_point
140 235 597 278 640 marker
141 172 615 227 671 id_point
142 175 617 231 672 id_point
143 178 618 234 670 id_point
144 181 618 234 671 id_point
145 91 549 128 590 marker
146 194 619 247 671 id_point
146 93 549 125 588 marker
147 198 620 254 672 id_point
147 94 552 126 590 marker
149 116 589 169 645 id_point
150 145 614 198 667 id_point
150 120 556 156 596 marker
151 146 618 200 670 id_point
151 115 558 147 596 marker
152 207 627 260 683 id_point
152 113 557 144 595 marker
153 223 619 278 674 id_point
153 115 557 144 591 marker
154 230 623 283 674 id_point
154 113 557 144 593 marker
155 229 624 283 677 id_point
155 112 558 139 595 marker
156 229 621 281 673 id_point
156 111 556 142 595 marker
157 226 619 280 674 id_point
157 111 559 139 595 marker
158 226 620 281 674 id_point
158 111 559 137 594 marker
159 108 560 138 597 marker
160 213 632 269 692 id_point
160 108 561 138 599 marker
161 224 627 277 679 id_point
161 111 563 138 597 marker
162 111 561 138 596 marker
163 31 570 86 624 id_point
163 113 554 148 591 marker
164 65 573 117 617 id_point
164 114 556 144 595 marker
