0 86 583 139 636 id_point
0 166 977 206 1015 marker
1 4 559 62 612 id_point
1 172 983 207 1019 marker
2 181 983 218 1019 marker
3 180 982 219 1016 marker
3 259 580 306 636 id_point
4 283 592 338 650 id_point
4 176 983 217 1020 marker
5 285 592 339 649 id_point
5 176 982 215 1019 marker
6 280 591 338 646 id_point
6 177 982 217 1017 marker
7 278 584 333 640 id_point
7 176 977 218 1016 marker
8 281 584 337 641 id_point
8 174 978 214 1013 marker
9 286 591 342 646 id_point
9 173 984 208 1018 marker
10 79 738 136 795 id_point
10 173 982 209 1016 marker
10 118 885 152 931 marker
11 74 728 131 782 id_point
11 173 981 210 1016 marker
12 172 984 207 1019 marker
13 264 604 320 660 id_point
13 173 980 211 1017 marker
14 280 589 334 646 id_point
15 278 586 335 645 id_point
16 265 585 322 643 id_point
17 261 585 318 644 id_point
18 260 585 317 641 id_point
19 260 581 316 639 id_point
20 256 581 313 638 id_point
21 255 591 311 649 id_point
22 257 587 310 642 id_point
23 256 585 313 643 id_point
24 258 586 314 644 id_point
25 258 586 312 644 id_point
26 247 589 302 646 id_point
27 256 587 310 644 id_point
28 255 585 312 643 id_point
29 257 587 312 644 id_point
30 258 586 313 644 id_point
31 258 588 314 644 id_point
32 259 589 315 645 id_point
33 260 586 317 643 id_point
34 260 586 316 644 id_point
35 259 587 315 645 id_point
36 258 585 314 642 id_point
37 258 585 315 643 id_point
38 258 585 314 641 id_point
39 258 585 315 643 id_point
40 257 586 314 644 id_point
41 258 587 313 645 id_point
42 257 586 314 645 id_point
43 258 586 315 644 id_point
44 258 585 315 644 id_point
45 257 584 315 642 id_point
46 259 587 314 644 id_point
47 257 586 314 645 id_point
48 255 585 313 642 id_point
49 254 584 311 642 id_point
50 256 586 310 642 id_point
51 255 586 310 643 id_point
51 98 619 139 661 marker
52 75 585 135 647 id_point
52 98 621 136 663 marker
53 75 585 132 647 id_point
53 100 621 136 661 marker
54 75 587 133 648 id_point
54 99 624 138 665 marker
55 75 592 133 651 id_point
55 98 620 136 660 marker
56 76 588 133 653 id_point
56 98 620 134 661 marker
57 75 589 133 648 id_point
57 96 619 135 661 marker
58 75 589 133 649 id_point
58 97 621 134 662 marker
59 75 589 133 654 id_point
59 94 622 134 664 marker
60 75 589 133 650 id_point
60 96 622 135 662 marker
61 78 589 134 644 id_point
62 79 589 135 644 id_point
63 83 589 140 645 id_point
64 91 589 146 645 id_point
65 93 589 149 643 id_point
66 245 590 302 645 id_point
66 298 616 340 659 marker
67 259 583 315 639 id_point
67 300 618 340 659 marker
68 258 586 313 642 id_point
68 301 618 341 658 marker
69 256 585 312 641 id_point
69 299 618 340 659 marker
70 256 586 312 641 id_point
70 300 617 341 659 marker
71 253 586 310 644 id_point
71 300 618 341 659 marker
72 254 586 310 644 id_point
72 300 617 341 659 marker
73 254 585 311 643 id_point
73 300 617 340 661 marker
74 255 585 313 641 id_point
74 301 617 339 657 marker
75 257 584 313 642 id_point
76 259 585 315 641 id_point
77 258 588 314 645 id_point
78 113 686 168 740 id_point
78 105 819 144 858 marker
79 88 801 143 855 id_point
80 86 803 140 858 id_point
81 83 806 139 860 id_point
82 82 809 139 859 id_point
83 80 807 138 858 id_point
84 81 806 138 860 id_point
85 80 809 138 859 id_point
86 81 808 138 857 id_point
87 79 807 138 858 id_point
88 79 807 134 859 id_point
89 232 795 288 853 id_point
90 263 803 318 859 id_point
91 265 802 320 860 id_point
91 309 818 344 861 marker
92 259 808 315 865 id_point
92 305 818 345 861 marker
93 259 810 314 867 id_point
93 307 817 346 862 marker
94 260 807 316 865 id_point
94 306 818 345 863 marker
95 259 806 315 863 id_point
95 307 818 346 862 marker
96 259 807 315 863 id_point
96 307 816 347 861 marker
97 258 808 314 864 id_point
97 306 817 346 861 marker
98 259 810 314 866 id_point
98 306 818 346 861 marker
99 258 806 314 862 id_point
99 307 817 346 860 marker
100 256 801 311 858 id_point
101 254 802 311 859 id_point
103 236 751 291 807 id_point
104 268 585 324 642 id_point
104 172 982 210 1016 marker
104 117 882 152 932 marker
105 173 674 227 728 id_point
105 172 983 207 1017 marker
