0 232 599 281 649 id_point
1 228 599 284 655 id_point
3 228 592 279 644 id_point
4 225 597 280 649 id_point
5 223 589 278 642 id_point
6 223 588 276 642 id_point
7 226 591 278 643 id_point
8 227 590 280 643 id_point
9 228 591 280 642 id_point
10 231 594 281 645 id_point
11 232 593 285 648 id_point
12 232 593 286 647 id_point
13 233 594 282 646 id_point
14 232 594 281 648 id_point
15 228 594 285 651 id_point
17 230 594 280 648 id_point
18 225 596 280 649 id_point
19 226 595 280 647 id_point
20 227 595 279 646 id_point
21 226 596 280 647 id_point
22 226 596 279 646 id_point
23 226 595 281 650 id_point
24 227 594 280 645 id_point
25 225 595 279 647 id_point
26 71 415 109 454 marker
26 227 594 278 646 id_point
27 72 415 108 451 marker
27 45 367 99 421 id_point
28 71 416 108 451 marker
28 48 357 102 410 id_point
29 72 416 108 451 marker
29 47 354 103 410 id_point
30 72 416 109 451 marker
30 46 355 100 408 id_point
31 72 415 108 451 marker
31 46 355 101 409 id_point
32 71 415 108 452 marker
32 48 356 100 410 id_point
33 72 415 109 451 marker
33 45 354 101 409 id_point
34 72 415 108 452 marker
34 48 356 101 410 id_point
35 46 356 101 412 id_point
36 49 356 101 412 id_point
37 31 325 83 379 id_point
38 34 328 84 380 id_point
40 165 410 206 451 marker
40 189 348 247 402 id_point
41 164 411 206 449 marker
41 141 352 195 406 id_point
42 164 411 204 449 marker
42 143 352 197 407 id_point
43 165 411 204 450 marker
43 145 352 198 405 id_point
44 162 411 204 448 marker
44 144 349 199 403 id_point
45 163 411 203 449 marker
45 146 349 199 401 id_point
46 164 410 204 449 marker
46 145 347 200 401 id_point
47 163 410 204 449 marker
47 145 348 199 402 id_point
48 163 410 205 448 marker
48 145 349 199 403 id_point
49 144 349 200 403 id_point
50 130 348 181 391 id_point
51 147 350 204 405 id_point
52 150 356 210 409 id_point
53 262 408 307 448 marker
53 223 341 278 394 id_point
54 262 408 306 449 marker
54 231 340 285 395 id_point
55 262 408 306 448 marker
55 232 340 285 395 id_point
56 262 407 306 448 marker
56 231 340 283 391 id_point
57 261 407 307 449 marker
57 230 338 284 393 id_point
58 262 408 306 449 marker
58 231 341 285 393 id_point
59 261 407 306 448 marker
59 229 339 283 393 id_point
60 261 408 305 449 marker
60 229 341 285 396 id_point
61 261 407 305 448 marker
61 230 340 283 395 id_point
62 261 408 306 448 marker
62 229 339 284 394 id_point
63 232 341 286 394 id_point
64 230 342 286 398 id_point
65 231 340 287 393 id_point
66 56 452 112 507 id_point
67 66 509 103 550 marker
67 55 456 108 508 id_point
68 66 511 103 550 marker
68 53 462 105 516 id_point
69 66 511 104 550 marker
69 52 461 104 516 id_point
70 65 511 104 550 marker
70 51 460 104 515 id_point
71 66 510 103 549 marker
71 51 461 104 517 id_point
72 67 510 103 549 marker
72 52 460 105 517 id_point
73 65 511 103 549 marker
73 53 462 106 516 id_point
74 66 511 103 550 marker
74 54 463 105 518 id_point
75 65 510 103 549 marker
75 53 462 106 515 id_point
76 53 464 108 518 id_point
77 54 463 109 516 id_point
78 54 462 109 516 id_point
79 54 464 109 516 id_point
80 161 507 202 548 marker
80 134 462 190 517 id_point
81 162 507 202 548 marker
81 136 457 194 515 id_point
82 161 506 203 548 marker
82 134 455 192 514 id_point
83 161 507 203 549 marker
83 135 453 192 515 id_point
84 161 507 203 548 marker
84 133 453 190 512 id_point
85 161 506 203 548 marker
85 132 451 189 513 id_point
86 161 506 203 548 marker
86 134 453 191 510 id_point
87 161 507 203 548 marker
87 134 454 189 511 id_point
88 161 506 202 548 marker
88 135 453 191 514 id_point
89 161 507 203 548 marker
89 133 454 189 514 id_point
90 130 452 187 507 id_point
91 130 456 188 512 id_point
92 139 458 195 512 id_point
93 207 457 261 510 id_point
94 263 504 305 546 marker
94 220 453 272 506 id_point
95 263 504 306 546 marker
95 222 447 277 501 id_point
96 263 503 306 546 marker
96 222 445 277 500 id_point
97 264 504 306 546 marker
97 222 445 275 499 id_point
98 264 504 306 546 marker
98 221 447 275 501 id_point
99 264 505 306 546 marker
99 223 447 274 498 id_point
100 265 506 307 547 marker
100 221 449 277 501 id_point
101 267 506 308 548 marker
101 223 448 277 499 id_point
102 266 507 307 547 marker
102 224 449 276 501 id_point
103 222 448 276 503 id_point
104 221 448 277 501 id_point
105 43 567 97 621 id_point
106 33 567 88 621 id_point
107 67 609 102 652 marker
107 40 569 94 624 id_point
108 68 610 103 652 marker
108 45 569 97 625 id_point
109 69 610 103 652 marker
109 44 571 98 625 id_point
110 68 610 103 652 marker
110 45 571 98 625 id_point
111 69 610 104 652 marker
111 46 569 98 627 id_point
112 68 610 103 651 marker
112 45 571 99 624 id_point
113 68 610 103 653 marker
113 46 572 99 628 id_point
114 68 610 103 653 marker
114 45 570 98 627 id_point
115 43 570 97 623 id_point
116 45 570 97 623 id_point
117 72 566 125 621 id_point
118 73 567 129 623 id_point
120 164 608 202 652 marker
120 120 575 177 630 id_point
121 164 609 202 652 marker
121 122 578 177 633 id_point
122 164 609 202 652 marker
122 121 578 175 633 id_point
123 164 608 202 652 marker
123 122 580 176 634 id_point
124 165 608 202 651 marker
124 121 578 174 633 id_point
125 165 608 202 652 marker
125 119 573 175 628 id_point
126 165 608 202 651 marker
126 119 575 175 629 id_point
127 165 608 202 651 marker
127 120 574 175 628 id_point
128 164 608 201 652 marker
128 118 574 175 629 id_point
129 119 579 175 633 id_point
130 123 578 175 632 id_point
131 141 571 194 624 id_point
132 143 572 197 628 id_point
133 210 574 265 625 id_point
134 265 609 306 651 marker
134 212 576 264 629 id_point
135 264 609 306 650 marker
135 215 576 267 631 id_point
136 264 609 306 651 marker
136 214 573 266 629 id_point
137 265 609 306 651 marker
137 215 574 266 627 id_point
138 265 609 306 651 marker
138 215 575 266 629 id_point
139 265 609 307 651 marker
139 215 574 269 629 id_point
140 265 609 306 651 marker
140 215 574 267 628 id_point
141 266 610 308 650 marker
141 215 573 267 628 id_point
142 266 610 307 651 marker
142 214 573 267 626 id_point
143 217 573 271 627 id_point
144 218 572 270 626 id_point
145 217 574 272 625 id_point
146 216 571 271 623 id_point
147 216 572 271 625 id_point
147 173 439 231 489 id_point
147 83 352 111 381 marker
148 177 563 235 614 id_point
149 189 556 247 610 id_point
149 176 447 228 490 id_point
150 245 587 298 638 id_point
151 248 580 302 630 id_point
151 177 445 228 488 id_point
152 245 571 301 622 id_point
152 176 449 227 490 id_point
