0 262 541 318 601 id_point
1 266 536 321 590 id_point
2 270 526 326 581 id_point
3 273 529 327 585 id_point
4 273 527 330 580 id_point
5 255 496 300 536 id_point
6 165 86 219 156 id_point
7 156 36 212 93 id_point
8 154 37 210 93 id_point
10 236 563 292 617 id_point
11 261 533 316 587 id_point
12 259 528 317 581 id_point
13 259 528 316 580 id_point
14 258 523 316 576 id_point
15 256 522 314 576 id_point
16 254 522 311 576 id_point
17 257 522 313 576 id_point
18 257 518 315 571 id_point
19 259 518 315 573 id_point
20 260 520 315 574 id_point
21 261 517 316 573 id_point
22 258 523 315 579 id_point
23 259 522 316 576 id_point
24 259 526 318 578 id_point
25 261 525 320 578 id_point
26 259 520 315 575 id_point
27 259 516 316 568 id_point
27 148 356 192 395 marker
28 148 356 192 395 marker
28 57 579 112 636 id_point
29 148 356 192 395 marker
29 50 568 107 623 id_point
30 148 355 191 394 marker
30 46 570 101 625 id_point
31 148 355 191 395 marker
31 46 569 100 623 id_point
32 147 355 191 394 marker
32 46 569 100 623 id_point
33 148 355 191 395 marker
33 44 570 99 625 id_point
34 148 355 191 395 marker
35 148 356 192 395 marker
35 44 570 99 624 id_point
36 148 356 191 395 marker
36 44 570 99 623 id_point
37 149 356 191 396 marker
37 44 569 99 621 id_point
38 46 567 101 623 id_point
39 54 566 110 622 id_point
40 64 567 118 623 id_point
41 64 569 118 624 id_point
42 112 580 166 637 id_point
42 356 357 399 395 marker
43 356 356 398 396 marker
43 221 392 275 447 id_point
44 356 357 399 395 marker
44 234 391 288 444 id_point
45 357 357 399 396 marker
45 233 387 289 442 id_point
46 357 356 400 395 marker
46 234 386 290 441 id_point
47 357 356 400 395 marker
47 233 384 288 439 id_point
48 232 383 287 438 id_point
48 356 357 399 395 marker
49 356 356 399 395 marker
49 232 382 286 439 id_point
50 355 357 397 396 marker
50 228 382 283 436 id_point
51 356 357 398 396 marker
51 229 381 283 436 id_point
52 233 384 289 438 id_point
54 216 340 271 392 id_point
55 279 327 335 381 id_point
56 548 370 583 408 marker
56 419 376 472 431 id_point
57 547 371 583 409 marker
57 471 391 527 445 id_point
58 547 371 583 408 marker
58 397 386 453 442 id_point
59 547 370 583 408 marker
59 464 386 511 433 id_point
60 397 381 453 438 id_point
60 547 369 583 407 marker
61 547 370 583 408 marker
61 392 379 446 437 id_point
62 546 370 582 408 marker
63 545 368 581 407 marker
64 546 369 582 408 marker
65 546 369 582 408 marker
66 387 382 441 435 id_point
67 195 417 250 471 id_point
70 142 558 189 604 marker
71 142 559 189 605 marker
72 142 558 188 605 marker
73 142 559 189 604 marker
74 141 559 189 605 marker
75 142 560 189 606 marker
76 141 558 188 605 marker
77 141 558 189 605 marker
78 141 560 189 604 marker
79 141 558 189 605 marker
81 16 640 65 678 id_point
82 111 646 165 701 id_point
83 195 657 251 711 id_point
84 195 655 252 710 id_point
84 362 556 406 602 marker
85 221 651 276 706 id_point
85 363 556 408 601 marker
86 214 651 270 704 id_point
86 364 555 408 601 marker
87 192 805 247 859 id_point
87 364 554 408 601 marker
88 187 804 243 858 id_point
88 364 555 408 601 marker
89 192 804 246 858 id_point
89 364 555 408 601 marker
90 364 555 408 601 marker
91 210 637 265 693 id_point
91 365 555 408 602 marker
92 214 638 269 690 id_point
93 216 638 272 693 id_point
94 222 642 278 695 id_point
95 373 640 430 696 id_point
96 564 557 601 600 marker
96 434 649 491 702 id_point
97 517 655 574 709 id_point
97 564 557 600 600 marker
98 564 556 601 600 marker
98 478 624 534 679 id_point
99 479 624 536 685 id_point
99 564 557 602 601 marker
100 565 557 602 600 marker
100 477 624 533 680 id_point
101 477 628 535 683 id_point
101 565 557 602 601 marker
102 564 557 600 600 marker
102 476 624 532 680 id_point
103 473 618 529 676 id_point
103 563 557 601 600 marker
104 564 557 601 600 marker
104 473 627 528 681 id_point
105 474 625 530 678 id_point
107 0 700 38 757 id_point
108 2 768 36 822 id_point
109 149 779 194 824 marker
109 2 771 34 822 id_point
110 3 830 57 884 id_point
110 149 779 194 825 marker
111 4 826 57 881 id_point
111 149 780 194 825 marker
112 4 826 58 881 id_point
112 149 779 194 824 marker
113 1 821 50 875 id_point
113 150 780 195 825 marker
114 1 822 49 877 id_point
114 150 780 194 826 marker
115 2 824 50 877 id_point
115 150 780 196 825 marker
116 1 822 51 875 id_point
116 150 781 194 826 marker
117 149 781 195 825 marker
117 8 818 61 872 id_point
118 13 815 67 868 id_point
118 149 781 195 825 marker
119 13 812 67 866 id_point
119 149 781 196 825 marker
120 15 813 69 866 id_point
121 65 823 120 877 id_point
122 71 819 126 875 id_point
123 142 823 198 877 id_point
124 368 771 411 816 marker
124 143 824 198 877 id_point
125 368 772 411 816 marker
125 226 813 281 868 id_point
126 368 772 411 817 marker
126 226 813 281 868 id_point
127 367 772 411 816 marker
127 224 815 280 869 id_point
128 368 773 411 817 marker
128 225 814 280 869 id_point
129 368 772 412 816 marker
129 225 813 280 868 id_point
130 226 815 281 870 id_point
130 368 772 412 816 marker
131 368 773 412 816 marker
131 226 815 281 870 id_point
132 369 773 412 816 marker
132 226 811 281 867 id_point
133 370 774 414 816 marker
133 226 814 281 870 id_point
134 229 816 282 870 id_point
135 228 814 284 868 id_point
136 255 814 313 867 id_point
137 258 814 313 868 id_point
138 360 809 416 862 id_point
139 364 807 420 863 id_point
139 569 757 605 799 marker
140 568 757 605 800 marker
140 415 801 461 846 id_point
141 568 755 603 799 marker
142 413 797 471 852 id_point
142 568 758 605 800 marker
143 413 801 469 855 id_point
143 568 757 605 800 marker
144 568 757 605 801 marker
144 421 801 467 847 id_point
145 568 757 605 801 marker
145 429 812 476 856 id_point
146 425 805 479 861 id_point
146 569 758 605 800 marker
147 426 805 481 860 id_point
147 569 759 606 801 marker
148 568 758 605 801 marker
149 631 991 686 1045 id_point
152 258 670 313 724 id_point
153 260 665 314 721 id_point
154 259 652 305 703 id_point
156 64 291 149 416 id_point
