0 349 586 403 643 id_point
1 356 547 409 604 id_point
2 358 545 413 602 id_point
3 358 542 413 600 id_point
4 359 541 415 599 id_point
5 358 541 414 598 id_point
6 359 541 413 597 id_point
7 357 541 413 599 id_point
9 124 221 179 273 id_point
10 37 241 88 295 id_point
11 2 256 57 309 id_point
12 311 643 366 697 id_point
13 387 573 444 626 id_point
14 388 571 442 627 id_point
15 388 568 442 623 id_point
16 325 552 379 605 id_point
17 293 533 348 588 id_point
18 286 514 343 574 id_point
19 274 520 330 576 id_point
20 274 521 330 577 id_point
21 274 521 329 576 id_point
22 272 521 327 574 id_point
23 268 528 323 581 id_point
24 267 532 322 587 id_point
25 266 530 320 585 id_point
26 266 526 322 579 id_point
27 267 526 321 582 id_point
28 267 529 324 582 id_point
29 269 530 323 585 id_point
30 270 527 325 584 id_point
31 272 527 326 584 id_point
32 274 532 329 584 id_point
33 275 533 330 587 id_point
34 274 533 330 588 id_point
35 274 532 330 585 id_point
36 274 531 329 586 id_point
37 272 535 325 587 id_point
38 272 532 327 584 id_point
39 272 532 325 586 id_point
40 272 534 326 586 id_point
41 272 534 327 589 id_point
42 272 532 327 585 id_point
43 269 534 324 587 id_point
44 269 532 324 586 id_point
45 269 533 324 587 id_point
46 270 531 324 585 id_point
47 270 533 323 586 id_point
48 272 532 325 587 id_point
48 135 338 179 378 marker
49 272 531 326 584 id_point
49 135 338 179 378 marker
50 77 282 131 336 id_point
50 134 340 179 379 marker
51 73 279 127 333 id_point
51 135 340 179 380 marker
52 72 279 125 333 id_point
52 134 340 179 380 marker
53 134 340 178 378 marker
53 70 278 124 332 id_point
54 70 278 123 331 id_point
54 134 341 178 380 marker
55 71 277 123 330 id_point
55 135 341 179 380 marker
56 71 281 124 333 id_point
56 134 341 178 380 marker
57 70 278 124 333 id_point
57 135 340 179 380 marker
58 69 280 123 334 id_point
59 69 281 122 335 id_point
60 232 283 286 337 id_point
61 236 284 288 336 id_point
62 235 281 290 336 id_point
62 204 335 251 378 marker
63 131 280 185 333 id_point
63 206 338 250 378 marker
64 138 278 192 331 id_point
64 206 337 251 378 marker
65 140 276 194 329 id_point
65 206 338 251 379 marker
66 138 275 191 329 id_point
66 206 338 250 378 marker
67 136 276 191 327 id_point
67 206 338 249 379 marker
68 206 339 250 379 marker
68 135 275 190 330 id_point
69 137 276 191 331 id_point
69 206 338 250 378 marker
70 138 277 190 329 id_point
70 206 337 251 378 marker
71 137 279 191 333 id_point
71 206 338 251 379 marker
72 137 278 191 332 id_point
73 143 251 197 306 id_point
74 160 244 215 298 id_point
75 163 247 216 300 id_point
76 164 247 217 301 id_point
77 276 336 320 377 marker
77 227 244 281 298 id_point
78 219 246 273 298 id_point
78 276 336 320 377 marker
79 216 244 272 297 id_point
79 276 337 320 377 marker
80 276 337 320 377 marker
80 217 248 262 292 id_point
81 212 243 264 296 id_point
81 277 338 320 378 marker
82 213 242 267 295 id_point
82 277 337 321 378 marker
83 213 243 266 296 id_point
83 277 338 321 378 marker
84 214 243 266 296 id_point
84 277 337 321 378 marker
85 278 337 319 378 marker
85 182 243 247 289 id_point
86 211 240 264 293 id_point
86 276 338 321 378 marker
87 210 242 264 296 id_point
88 209 243 264 297 id_point
89 237 237 291 291 id_point
90 237 239 291 293 id_point
91 349 340 391 379 marker
91 265 250 318 304 id_point
92 348 340 392 380 marker
92 296 246 350 300 id_point
93 294 243 348 298 id_point
93 348 340 391 380 marker
94 292 241 346 295 id_point
94 347 340 391 380 marker
95 292 241 346 297 id_point
95 348 341 391 381 marker
96 292 241 346 296 id_point
96 348 340 391 380 marker
97 291 241 345 296 id_point
97 348 340 392 380 marker
98 291 241 348 295 id_point
98 348 340 392 380 marker
99 187 270 241 324 id_point
99 349 340 392 381 marker
100 187 269 241 324 id_point
100 349 340 392 381 marker
101 349 341 392 381 marker
101 186 269 240 324 id_point
102 178 272 233 325 id_point
103 256 261 305 321 id_point
104 257 264 312 318 id_point
105 270 277 324 332 id_point
106 386 274 440 327 id_point
106 417 343 460 384 marker
107 416 343 458 384 marker
108 416 343 458 383 marker
109 417 343 457 383 marker
110 442 276 496 332 id_point
110 415 343 458 382 marker
111 434 275 489 329 id_point
111 417 343 461 384 marker
112 416 344 457 383 marker
112 451 279 494 324 id_point
113 434 267 490 323 id_point
113 418 343 461 385 marker
114 406 266 457 319 id_point
114 417 345 457 383 marker
115 402 263 455 318 id_point
116 412 277 456 320 id_point
117 384 335 439 390 id_point
118 387 333 439 392 id_point
119 483 349 522 387 marker
120 483 347 523 387 marker
120 612 358 658 403 id_point
121 483 347 523 388 marker
122 484 347 523 388 marker
122 617 354 660 396 id_point
123 484 348 523 388 marker
124 560 329 612 383 id_point
124 483 348 521 389 marker
125 567 336 621 391 id_point
125 483 348 522 389 marker
126 556 330 611 385 id_point
126 483 347 521 389 marker
127 538 326 591 380 id_point
127 481 347 521 389 marker
128 480 350 522 390 marker
128 534 321 587 380 id_point
129 537 325 592 381 id_point
130 535 327 587 381 id_point
131 534 325 589 379 id_point
132 537 331 591 384 id_point
133 628 388 685 444 id_point
133 545 354 582 393 marker
134 546 355 582 394 marker
134 684 356 720 412 id_point
135 545 355 583 392 marker
136 546 355 582 393 marker
136 671 340 720 394 id_point
137 546 355 582 393 marker
137 676 343 720 396 id_point
138 545 354 581 393 marker
138 674 339 720 395 id_point
139 545 354 582 393 marker
140 545 354 582 393 marker
140 552 305 592 349 id_point
141 545 354 581 393 marker
141 525 299 563 340 id_point
142 544 355 582 393 marker
142 454 293 508 346 id_point
143 453 293 505 346 id_point
144 520 298 565 345 id_point
145 519 299 565 345 id_point
146 2 466 54 521 id_point
147 132 407 177 449 marker
148 133 407 176 450 marker
148 7 379 62 434 id_point
149 132 406 175 449 marker
149 8 377 61 433 id_point
150 132 406 176 449 marker
150 7 378 61 432 id_point
151 133 407 177 448 marker
151 8 377 62 432 id_point
152 133 407 178 450 marker
152 10 378 64 433 id_point
153 132 407 177 450 marker
153 9 380 63 433 id_point
154 132 407 177 450 marker
154 8 378 62 433 id_point
155 132 407 177 450 marker
155 7 378 61 432 id_point
156 132 407 177 450 marker
156 7 378 61 433 id_point
157 132 407 176 450 marker
157 8 380 61 435 id_point
158 9 384 64 437 id_point
159 17 389 59 431 id_point
160 85 372 140 427 id_point
161 73 370 128 424 id_point
162 72 371 127 425 id_point
163 74 369 129 423 id_point
163 204 403 251 447 marker
164 205 404 250 447 marker
164 79 374 133 429 id_point
165 81 374 134 429 id_point
165 204 404 251 447 marker
166 80 375 134 428 id_point
166 205 403 251 447 marker
167 80 374 135 428 id_point
167 205 404 251 447 marker
168 205 404 251 447 marker
168 78 375 133 429 id_point
169 206 404 252 446 marker
169 14 561 69 613 id_point
170 81 358 134 412 id_point
170 206 403 251 447 marker
171 80 357 135 411 id_point
171 206 403 251 447 marker
172 80 358 134 412 id_point
172 205 403 251 447 marker
173 79 358 135 411 id_point
174 11 557 67 612 id_point
175 22 536 75 590 id_point
176 22 536 76 590 id_point
178 124 338 178 390 id_point
178 280 402 322 446 marker
179 279 402 323 446 marker
179 139 334 183 373 id_point
180 278 402 324 446 marker
180 53 542 94 587 id_point
181 277 404 323 447 marker
182 279 403 323 446 marker
182 132 327 187 379 id_point
183 132 324 187 378 id_point
183 279 403 323 447 marker
184 133 322 186 377 id_point
184 279 403 323 447 marker
185 131 321 185 374 id_point
185 278 403 324 446 marker
186 131 327 185 379 id_point
186 277 403 323 448 marker
187 2 483 55 536 id_point
187 276 404 323 449 marker
188 1 483 54 536 id_point
189 2 482 55 534 id_point
190 49 465 103 517 id_point
191 92 519 149 573 id_point
192 94 521 150 576 id_point
192 346 408 391 453 marker
193 132 496 187 551 id_point
193 346 408 392 452 marker
194 346 406 391 451 marker
194 129 495 184 548 id_point
195 346 407 392 453 marker
195 127 491 184 547 id_point
196 131 494 187 546 id_point
196 346 407 392 452 marker
197 347 408 392 452 marker
197 133 491 188 543 id_point
198 132 486 187 542 id_point
198 347 408 391 452 marker
199 347 408 391 452 marker
199 130 485 188 539 id_point
200 127 501 183 555 id_point
200 347 407 392 451 marker
201 128 501 184 556 id_point
202 135 502 178 546 id_point
203 170 477 227 532 id_point
204 177 475 234 528 id_point
205 417 409 459 452 marker
206 416 409 459 452 marker
207 419 410 458 449 marker
208 424 557 481 613 id_point
208 417 410 460 453 marker
209 430 546 485 602 id_point
209 416 409 459 453 marker
210 417 410 460 453 marker
210 358 423 418 487 id_point
211 359 435 416 488 id_point
211 418 411 460 452 marker
212 359 442 415 497 id_point
212 416 409 459 452 marker
213 358 443 413 497 id_point
213 417 410 460 452 marker
214 361 440 417 493 id_point
214 418 411 460 453 marker
215 362 448 417 503 id_point
216 257 439 301 481 id_point
218 312 326 367 379 id_point
219 486 412 524 454 marker
219 313 319 366 375 id_point
220 486 412 524 455 marker
220 307 314 360 369 id_point
221 486 412 525 454 marker
221 562 447 606 492 id_point
222 486 411 525 454 marker
223 485 412 524 455 marker
223 398 377 441 419 id_point
224 486 412 525 455 marker
224 408 377 451 420 id_point
225 485 413 525 456 marker
226 414 344 467 398 id_point
226 485 413 524 455 marker
227 485 413 524 455 marker
227 418 348 464 394 id_point
228 414 345 465 399 id_point
228 485 413 524 455 marker
229 409 343 464 398 id_point
231 411 346 466 399 id_point
233 548 419 585 458 marker
234 547 418 585 458 marker
235 547 419 584 459 marker
236 548 419 584 459 marker
237 548 418 584 459 marker
238 410 344 463 397 id_point
238 548 419 584 459 marker
239 548 419 585 459 marker
240 466 343 519 398 id_point
240 548 419 585 460 marker
241 467 344 519 399 id_point
241 548 419 585 459 marker
242 464 346 518 401 id_point
242 547 418 585 459 marker
243 462 346 517 401 id_point
244 334 311 390 364 id_point
245 338 309 393 362 id_point
246 339 311 394 365 id_point
247 340 311 394 365 id_point
247 127 481 173 524 marker
248 128 482 174 524 marker
248 55 374 110 427 id_point
249 22 378 75 431 id_point
249 128 482 174 526 marker
250 14 379 71 433 id_point
250 127 482 173 526 marker
251 14 380 69 435 id_point
251 128 483 173 525 marker
252 13 382 69 436 id_point
252 128 483 173 525 marker
253 14 383 70 437 id_point
253 127 482 172 526 marker
254 15 384 73 438 id_point
254 127 483 172 526 marker
255 16 385 71 439 id_point
255 127 483 173 526 marker
256 15 387 71 441 id_point
256 127 483 172 526 marker
257 17 390 72 443 id_point
259 93 383 149 436 id_point
260 78 381 134 436 id_point
261 62 384 116 436 id_point
262 85 379 140 434 id_point
262 199 478 247 523 marker
263 68 383 121 435 id_point
263 200 478 246 524 marker
264 68 382 123 436 id_point
264 200 478 247 523 marker
265 70 380 123 434 id_point
265 200 478 246 524 marker
266 69 380 122 434 id_point
266 201 478 247 523 marker
267 69 381 123 436 id_point
267 201 478 248 524 marker
268 68 381 121 434 id_point
268 200 478 248 524 marker
269 69 380 122 434 id_point
269 201 478 247 524 marker
270 67 381 121 437 id_point
270 201 478 248 523 marker
271 69 381 123 434 id_point
271 200 478 247 523 marker
272 70 381 123 436 id_point
272 200 477 247 523 marker
273 68 382 123 435 id_point
274 67 382 122 436 id_point
275 87 375 141 430 id_point
276 91 377 145 431 id_point
277 105 380 160 434 id_point
278 275 475 320 523 marker
279 131 456 184 510 id_point
279 274 476 320 522 marker
280 133 454 187 510 id_point
280 274 475 321 522 marker
281 133 456 188 508 id_point
281 274 475 321 522 marker
282 132 454 186 508 id_point
282 274 476 321 522 marker
283 131 453 186 507 id_point
283 275 477 322 522 marker
284 132 453 187 506 id_point
284 275 477 322 523 marker
285 131 452 186 506 id_point
285 275 477 322 522 marker
286 132 451 188 507 id_point
286 275 477 322 521 marker
287 133 453 188 506 id_point
287 274 476 322 522 marker
288 138 453 194 507 id_point
289 171 445 228 497 id_point
290 173 445 232 500 id_point
291 205 453 261 507 id_point
291 349 476 396 522 marker
292 227 453 282 510 id_point
292 350 476 396 521 marker
293 226 454 281 509 id_point
293 350 476 397 522 marker
294 230 454 283 509 id_point
294 349 476 395 522 marker
295 230 454 284 508 id_point
295 349 476 395 521 marker
296 227 453 282 508 id_point
296 349 476 394 521 marker
297 227 456 282 512 id_point
297 349 476 395 521 marker
298 228 455 281 509 id_point
298 349 476 395 521 marker
299 228 454 283 509 id_point
299 349 476 395 521 marker
300 228 452 283 507 id_point
300 350 476 396 521 marker
301 228 455 283 509 id_point
302 231 456 285 510 id_point
303 233 456 287 509 id_point
305 283 463 339 518 id_point
305 422 477 465 521 marker
306 322 453 375 508 id_point
306 422 476 465 522 marker
307 318 455 373 510 id_point
307 422 477 465 522 marker
308 320 452 375 507 id_point
308 422 477 465 522 marker
309 322 454 376 509 id_point
309 422 478 465 522 marker
310 321 454 375 512 id_point
310 423 477 465 523 marker
311 323 444 379 501 id_point
311 422 477 465 522 marker
312 325 448 380 503 id_point
312 421 477 464 522 marker
313 321 453 375 509 id_point
313 421 477 464 521 marker
314 320 457 375 513 id_point
314 421 477 464 522 marker
315 320 457 375 512 id_point
316 320 457 376 513 id_point
317 323 455 379 511 id_point
318 325 455 380 512 id_point
319 491 480 531 522 marker
319 422 457 476 511 id_point
320 491 479 532 522 marker
320 422 456 477 511 id_point
321 417 461 470 515 id_point
321 491 479 532 522 marker
322 412 454 469 511 id_point
322 491 478 532 522 marker
323 410 453 465 508 id_point
323 490 478 532 522 marker
324 410 452 463 507 id_point
324 490 479 532 522 marker
325 413 455 467 511 id_point
325 491 479 531 522 marker
326 411 457 465 514 id_point
326 490 479 531 523 marker
327 491 478 531 522 marker
327 333 480 377 523 id_point
328 491 477 531 522 marker
329 295 432 341 477 id_point
330 313 458 357 505 id_point
333 555 482 592 524 marker
334 553 482 592 523 marker
335 554 480 592 524 marker
336 554 482 592 525 marker
337 555 482 591 523 marker
337 620 553 663 597 id_point
338 555 482 592 524 marker
338 628 570 671 611 id_point
339 554 482 591 523 marker
339 616 542 666 594 id_point
340 552 483 593 522 marker
341 555 482 592 523 marker
341 602 533 658 587 id_point
342 554 482 592 523 marker
342 621 553 665 596 id_point
345 28 542 81 598 id_point
346 0 603 38 654 id_point
347 127 553 171 600 marker
348 2 553 53 608 id_point
348 127 554 172 600 marker
349 1 554 52 607 id_point
349 127 553 173 600 marker
350 3 556 55 609 id_point
350 127 553 172 600 marker
351 4 556 54 611 id_point
351 127 553 173 600 marker
352 3 556 56 611 id_point
352 127 553 173 600 marker
353 4 559 58 614 id_point
353 126 553 172 599 marker
354 4 559 58 613 id_point
354 127 553 172 600 marker
355 4 559 58 612 id_point
355 126 553 172 600 marker
356 4 559 57 613 id_point
356 126 553 172 601 marker
357 4 559 56 613 id_point
357 126 553 172 600 marker
358 4 559 57 613 id_point
358 126 554 172 600 marker
359 5 559 60 611 id_point
360 7 559 61 613 id_point
361 24 555 79 611 id_point
362 48 560 102 614 id_point
363 201 550 247 597 marker
363 56 563 99 607 id_point
364 77 554 131 609 id_point
364 201 550 248 597 marker
365 78 554 133 607 id_point
365 202 550 248 597 marker
366 80 547 135 601 id_point
366 201 551 248 597 marker
367 78 551 134 605 id_point
367 202 553 248 599 marker
368 76 548 131 603 id_point
368 201 551 247 597 marker
369 75 546 131 602 id_point
369 201 551 247 598 marker
370 76 545 132 601 id_point
370 201 551 247 598 marker
371 76 550 129 604 id_point
371 201 551 247 598 marker
372 75 550 130 604 id_point
372 201 551 247 599 marker
373 74 543 129 601 id_point
373 201 551 247 598 marker
374 73 550 127 605 id_point
375 72 550 128 604 id_point
376 119 532 174 586 id_point
377 122 530 178 584 id_point
378 115 572 173 628 id_point
378 275 543 316 598 marker
379 119 573 174 627 id_point
379 276 550 322 597 marker
380 117 570 173 624 id_point
380 275 549 322 596 marker
381 116 572 170 625 id_point
381 275 550 322 597 marker
382 120 570 175 625 id_point
382 275 549 322 597 marker
383 121 571 176 625 id_point
383 276 549 322 596 marker
384 120 571 176 626 id_point
384 276 549 322 596 marker
385 121 571 176 625 id_point
385 276 549 322 596 marker
386 119 571 175 625 id_point
386 275 549 322 597 marker
387 118 572 173 625 id_point
387 276 549 322 596 marker
388 119 569 174 623 id_point
389 120 571 175 624 id_point
390 124 569 178 623 id_point
391 189 577 243 629 id_point
392 189 576 243 630 id_point
392 351 547 398 594 marker
393 220 572 276 627 id_point
393 351 548 399 595 marker
394 225 570 279 626 id_point
394 351 547 398 594 marker
395 225 570 279 626 id_point
395 351 547 398 594 marker
396 225 570 279 626 id_point
396 351 548 397 594 marker
397 225 569 279 622 id_point
397 351 548 397 594 marker
398 225 569 280 624 id_point
398 351 548 398 594 marker
399 227 567 283 620 id_point
399 352 548 399 595 marker
400 229 565 284 622 id_point
400 352 548 398 595 marker
401 228 567 284 623 id_point
401 352 548 398 596 marker
402 229 569 285 623 id_point
403 229 569 283 622 id_point
404 297 563 353 619 id_point
405 352 567 409 620 id_point
406 350 559 404 614 id_point
406 425 546 469 593 marker
407 334 558 392 615 id_point
407 424 547 469 593 marker
408 332 557 387 614 id_point
408 424 547 469 593 marker
409 331 562 387 617 id_point
409 424 547 468 593 marker
410 424 547 469 593 marker
410 330 560 384 616 id_point
411 328 559 384 615 id_point
411 424 548 468 593 marker
412 328 558 383 611 id_point
412 424 547 468 593 marker
413 329 558 384 612 id_point
413 424 547 468 593 marker
414 327 561 381 615 id_point
414 424 547 469 593 marker
415 327 560 383 615 id_point
415 424 547 469 593 marker
416 329 562 385 614 id_point
417 329 561 386 615 id_point
418 400 560 455 615 id_point
419 406 554 461 609 id_point
420 436 560 493 615 id_point
420 496 548 537 593 marker
421 435 559 492 615 id_point
421 496 548 537 593 marker
422 496 548 538 593 marker
422 433 559 489 615 id_point
423 431 562 486 617 id_point
423 496 548 537 592 marker
424 418 555 473 609 id_point
424 495 548 537 593 marker
425 494 548 536 591 marker
425 417 552 473 607 id_point
426 493 548 536 592 marker
426 419 553 474 607 id_point
427 494 547 536 593 marker
427 420 552 475 607 id_point
428 493 548 536 592 marker
428 419 552 474 606 id_point
429 494 548 537 592 marker
429 422 551 475 606 id_point
430 417 553 473 608 id_point
431 444 544 505 601 id_point
432 449 543 505 597 id_point
433 518 555 574 609 id_point
434 562 549 597 593 marker
434 514 554 571 606 id_point
435 559 548 599 592 marker
435 505 559 559 612 id_point
436 558 548 598 592 marker
436 504 559 560 612 id_point
437 558 549 599 592 marker
437 504 555 558 608 id_point
438 558 548 598 592 marker
438 492 551 548 606 id_point
439 494 546 549 601 id_point
439 558 547 597 592 marker
440 491 551 546 605 id_point
440 558 548 597 592 marker
441 491 549 547 605 id_point
441 558 548 598 592 marker
442 492 549 547 605 id_point
442 558 548 598 592 marker
443 557 548 597 591 marker
443 491 547 547 602 id_point
444 491 548 546 603 id_point
445 493 551 548 604 id_point
446 489 550 547 605 id_point
447 491 551 549 604 id_point
448 491 551 546 606 id_point
448 129 628 173 675 marker
449 128 628 172 676 marker
450 129 627 173 674 marker
451 128 628 173 674 marker
452 129 627 173 674 marker
453 129 627 173 674 marker
454 128 628 172 675 marker
455 128 628 172 675 marker
456 128 628 172 675 marker
459 0 653 46 707 id_point
460 37 650 92 704 id_point
461 37 651 92 705 id_point
461 204 624 250 672 marker
462 49 659 102 712 id_point
462 204 624 250 673 marker
463 204 625 250 673 marker
463 45 660 99 712 id_point
464 43 660 98 715 id_point
464 203 625 250 673 marker
465 48 660 103 715 id_point
465 211 625 258 674 marker
466 208 626 254 674 marker
466 51 660 104 714 id_point
467 52 658 107 714 id_point
467 209 625 256 674 marker
468 51 665 105 719 id_point
468 205 625 251 673 marker
469 49 658 103 713 id_point
469 205 625 251 673 marker
470 204 624 250 672 marker
470 51 659 104 713 id_point
471 51 658 104 712 id_point
472 54 661 99 706 id_point
473 110 670 165 724 id_point
474 112 670 168 724 id_point
475 118 662 173 716 id_point
475 274 622 321 668 marker
476 142 660 197 716 id_point
476 273 623 321 671 marker
477 139 665 195 719 id_point
477 274 622 321 669 marker
478 137 664 195 718 id_point
478 275 622 322 669 marker
479 136 663 192 718 id_point
479 275 621 322 668 marker
480 134 664 190 718 id_point
480 275 621 322 670 marker
481 274 622 322 669 marker
481 134 662 189 716 id_point
482 138 663 194 716 id_point
482 275 621 322 669 marker
483 136 661 192 716 id_point
483 275 621 322 668 marker
484 133 664 188 718 id_point
484 275 621 321 670 marker
485 133 662 190 716 id_point
486 154 663 210 716 id_point
487 154 663 210 716 id_point
488 296 680 353 734 id_point
488 351 619 398 667 marker
489 352 620 399 667 marker
489 228 655 287 718 id_point
490 224 663 280 717 id_point
490 352 619 398 666 marker
491 352 619 399 666 marker
491 223 664 278 718 id_point
492 351 619 398 666 marker
492 223 664 278 718 id_point
493 351 619 399 666 marker
493 221 663 276 718 id_point
494 223 660 276 715 id_point
494 351 619 399 665 marker
495 351 618 398 666 marker
495 222 662 277 716 id_point
496 224 662 278 717 id_point
496 351 618 398 665 marker
497 225 661 280 716 id_point
497 352 619 398 666 marker
498 226 661 280 715 id_point
499 238 652 299 711 id_point
500 243 653 300 706 id_point
501 282 662 340 716 id_point
502 285 659 341 714 id_point
502 424 616 469 663 marker
503 323 658 378 713 id_point
503 424 617 470 663 marker
504 423 618 469 663 marker
504 323 656 377 712 id_point
505 321 658 377 713 id_point
505 424 618 470 664 marker
506 321 657 377 711 id_point
506 425 616 469 662 marker
507 319 655 375 712 id_point
507 424 616 469 663 marker
508 324 659 378 712 id_point
508 425 616 469 663 marker
509 320 658 376 714 id_point
509 425 618 470 665 marker
510 321 657 378 714 id_point
510 424 617 469 664 marker
511 324 656 379 710 id_point
511 424 616 468 662 marker
512 321 655 378 710 id_point
513 368 653 413 704 id_point
514 337 628 384 674 id_point
515 393 642 440 689 id_point
516 494 616 536 661 marker
516 388 638 443 694 id_point
517 495 616 535 661 marker
517 397 632 452 687 id_point
518 494 617 536 661 marker
518 398 630 455 685 id_point
519 495 616 536 661 marker
519 398 626 453 682 id_point
520 494 616 536 661 marker
520 394 630 448 684 id_point
521 495 616 536 660 marker
521 392 626 449 682 id_point
522 495 617 536 661 marker
522 397 624 453 679 id_point
523 495 617 535 662 marker
524 493 614 537 663 marker
526 674 451 714 491 id_point
528 641 536 684 578 id_point
529 559 614 597 659 marker
530 560 615 597 659 marker
531 560 614 597 659 marker
531 658 414 701 456 id_point
532 559 614 597 659 marker
533 558 615 595 660 marker
534 558 616 596 660 marker
535 558 617 596 662 marker
535 651 407 694 452 id_point
536 558 616 596 661 marker
536 654 415 696 463 id_point
537 559 616 597 661 marker
538 559 617 597 661 marker
539 670 402 711 445 id_point
540 646 422 702 477 id_point
541 545 587 601 643 id_point
542 540 588 596 643 id_point
543 618 589 673 643 id_point
544 128 705 173 752 marker
545 127 706 174 752 marker
546 128 706 173 752 marker
547 129 705 175 752 marker
548 128 704 173 752 marker
549 128 705 174 752 marker
550 128 705 173 752 marker
551 128 705 174 752 marker
552 128 705 175 752 marker
553 129 705 174 752 marker
554 129 706 175 753 marker
558 2 840 34 895 id_point
559 203 705 250 750 marker
560 203 703 250 750 marker
561 203 703 249 750 marker
562 6 786 63 840 id_point
562 203 704 250 751 marker
563 9 784 63 838 id_point
563 203 705 250 751 marker
564 10 785 65 839 id_point
564 204 704 251 751 marker
565 63 778 117 832 id_point
565 204 704 250 751 marker
566 62 776 116 831 id_point
566 204 704 251 750 marker
567 204 704 250 751 marker
567 59 778 114 829 id_point
568 204 704 250 751 marker
568 60 776 114 832 id_point
569 62 776 116 829 id_point
570 65 773 119 828 id_point
571 93 763 148 816 id_point
572 138 795 194 848 id_point
573 141 789 200 843 id_point
573 279 702 327 748 marker
574 152 777 206 829 id_point
574 280 701 327 748 marker
575 152 776 206 829 id_point
575 279 703 326 749 marker
576 150 776 205 831 id_point
576 279 702 326 748 marker
577 150 778 205 830 id_point
577 279 703 327 749 marker
578 153 773 206 827 id_point
578 280 702 327 749 marker
579 153 775 208 832 id_point
579 280 703 328 749 marker
580 152 777 206 832 id_point
580 281 702 327 748 marker
581 152 778 205 832 id_point
581 281 703 328 748 marker
582 153 778 206 833 id_point
582 280 702 327 748 marker
583 152 777 207 831 id_point
584 159 776 214 830 id_point
585 172 778 227 832 id_point
586 174 778 267 835 id_point
587 219 785 277 839 id_point
587 357 698 402 746 marker
588 244 778 299 831 id_point
588 356 698 402 744 marker
589 241 775 296 832 id_point
589 356 697 401 744 marker
590 239 778 296 831 id_point
590 356 699 402 746 marker
591 242 780 297 835 id_point
591 355 698 401 745 marker
592 241 783 299 839 id_point
592 356 699 400 745 marker
593 241 779 298 833 id_point
593 355 698 401 745 marker
594 241 780 297 834 id_point
594 355 698 400 744 marker
595 243 776 298 832 id_point
595 355 699 401 746 marker
596 243 779 298 832 id_point
596 356 698 400 745 marker
598 306 759 362 813 id_point
599 324 784 382 837 id_point
600 327 780 385 835 id_point
600 428 695 473 741 marker
601 332 780 387 838 id_point
601 428 697 473 742 marker
602 333 784 389 839 id_point
602 427 696 473 742 marker
603 333 786 389 840 id_point
603 429 695 473 741 marker
604 331 781 387 836 id_point
604 427 695 472 741 marker
605 329 778 385 832 id_point
605 427 695 472 742 marker
606 331 783 386 838 id_point
606 427 695 472 742 marker
607 332 777 385 831 id_point
607 427 695 472 742 marker
608 326 778 384 832 id_point
608 426 696 472 742 marker
609 330 780 386 835 id_point
609 427 695 472 742 marker
610 329 775 388 829 id_point
611 332 774 390 827 id_point
612 413 768 470 822 id_point
613 444 777 500 834 id_point
614 445 780 501 834 id_point
614 499 693 540 736 marker
615 497 693 539 737 marker
615 420 770 475 826 id_point
616 417 771 472 827 id_point
616 498 693 539 737 marker
617 419 769 474 826 id_point
617 497 693 539 737 marker
618 418 768 476 823 id_point
618 497 693 538 737 marker
619 417 769 473 824 id_point
619 497 694 539 737 marker
620 497 693 539 737 marker
620 373 758 428 815 id_point
621 497 693 538 737 marker
621 390 767 445 820 id_point
622 497 693 538 737 marker
622 406 764 460 820 id_point
623 419 771 474 826 id_point
624 418 769 475 826 id_point
625 490 763 545 816 id_point
626 493 754 555 807 id_point
627 563 688 600 733 marker
627 498 757 553 811 id_point
628 563 688 600 733 marker
628 504 760 562 814 id_point
629 509 761 563 813 id_point
629 562 688 601 733 marker
630 507 759 563 813 id_point
630 563 689 600 733 marker
631 563 689 600 734 marker
631 508 759 564 811 id_point
632 561 690 599 733 marker
632 507 757 564 811 id_point
633 560 689 597 734 marker
633 504 755 560 810 id_point
634 562 690 600 734 marker
634 505 757 560 811 id_point
635 562 689 600 733 marker
635 504 758 561 813 id_point
636 561 688 599 732 marker
636 504 756 559 809 id_point
637 503 756 558 812 id_point
639 0 872 41 917 id_point
641 132 779 178 825 marker
642 0 860 47 915 id_point
642 131 782 178 826 marker
643 0 861 44 912 id_point
643 133 780 179 826 marker
644 0 858 46 913 id_point
644 132 781 177 826 marker
645 0 858 44 912 id_point
645 132 780 178 826 marker
646 0 864 48 916 id_point
646 132 781 178 826 marker
647 132 781 178 826 marker
647 1 856 51 912 id_point
648 1 848 54 901 id_point
648 132 781 178 826 marker
649 2 846 54 900 id_point
649 132 781 178 826 marker
650 0 850 50 903 id_point
651 1 848 51 903 id_point
652 0 847 52 904 id_point
654 92 856 148 908 id_point
655 207 780 254 824 marker
655 93 853 148 906 id_point
656 74 853 132 908 id_point
656 207 779 253 824 marker
657 72 855 129 910 id_point
657 207 780 253 825 marker
658 73 856 126 910 id_point
658 207 779 253 825 marker
659 75 854 130 908 id_point
659 207 780 254 824 marker
660 73 859 128 913 id_point
660 208 781 254 826 marker
661 73 859 128 913 id_point
661 207 781 252 826 marker
662 73 856 128 912 id_point
662 207 782 253 826 marker
663 74 856 129 908 id_point
663 207 782 253 826 marker
664 73 856 130 909 id_point
665 75 854 130 908 id_point
666 110 841 166 893 id_point
667 130 858 186 912 id_point
668 130 858 186 911 id_point
669 156 863 213 919 id_point
669 282 777 327 823 marker
670 155 865 210 918 id_point
670 282 777 326 824 marker
671 154 865 208 918 id_point
671 282 777 327 824 marker
672 156 869 210 922 id_point
672 282 777 327 823 marker
673 155 865 211 919 id_point
673 282 778 327 824 marker
674 155 866 212 918 id_point
674 282 777 327 824 marker
675 160 852 215 905 id_point
675 282 777 327 823 marker
676 162 850 217 904 id_point
676 282 778 329 823 marker
677 161 848 218 901 id_point
677 282 778 328 824 marker
678 162 847 218 900 id_point
679 161 846 218 897 id_point
680 166 843 222 898 id_point
680 206 859 256 915 id_point
681 206 860 264 912 id_point
682 211 857 266 910 id_point
682 357 774 402 820 marker
683 252 849 310 903 id_point
683 357 774 403 819 marker
684 357 775 403 819 marker
684 251 850 307 902 id_point
685 356 774 402 819 marker
685 247 854 303 908 id_point
686 357 774 402 820 marker
686 247 851 302 906 id_point
687 246 849 302 904 id_point
687 357 774 403 820 marker
688 248 851 303 905 id_point
688 357 774 402 820 marker
689 249 851 304 906 id_point
689 358 774 403 819 marker
690 248 847 304 902 id_point
690 357 774 402 820 marker
691 249 849 304 903 id_point
692 248 850 305 903 id_point
693 288 861 346 916 id_point
694 294 858 352 912 id_point
695 430 771 474 815 marker
695 296 851 376 913 id_point
696 429 771 473 815 marker
696 337 848 392 903 id_point
697 429 772 474 815 marker
697 336 849 393 903 id_point
698 429 772 473 815 marker
698 338 848 394 904 id_point
699 429 771 473 815 marker
699 339 851 388 896 id_point
700 429 771 474 816 marker
700 314 839 371 894 id_point
701 430 771 472 815 marker
701 325 841 381 898 id_point
702 327 845 382 897 id_point
702 428 770 473 815 marker
703 429 771 473 815 marker
703 331 843 386 898 id_point
704 330 845 387 898 id_point
705 332 847 389 900 id_point
706 332 842 389 898 id_point
707 368 830 426 882 id_point
708 498 766 538 807 marker
708 374 840 431 895 id_point
709 498 764 538 807 marker
709 418 839 475 893 id_point
710 498 765 538 807 marker
710 415 837 470 891 id_point
711 498 765 538 808 marker
711 414 842 470 897 id_point
712 498 766 538 808 marker
712 412 842 466 897 id_point
713 498 765 538 807 marker
713 412 837 468 892 id_point
714 498 765 538 807 marker
714 411 837 467 894 id_point
715 498 765 538 808 marker
715 411 842 467 894 id_point
716 498 766 538 808 marker
716 412 840 467 893 id_point
717 498 765 538 808 marker
717 411 840 466 891 id_point
718 410 837 468 890 id_point
719 411 834 467 889 id_point
720 441 819 499 871 id_point
721 506 824 561 878 id_point
722 504 823 560 880 id_point
722 562 759 599 802 marker
723 494 833 551 885 id_point
723 563 759 600 802 marker
724 563 760 599 803 marker
724 490 828 545 884 id_point
725 491 831 546 885 id_point
725 563 759 599 803 marker
726 492 832 547 884 id_point
726 563 758 600 802 marker
727 490 828 546 883 id_point
727 563 758 599 802 marker
728 563 758 599 802 marker
729 599 1010 653 1065 id_point
729 562 758 599 802 marker
730 600 1010 653 1065 id_point
730 562 756 599 801 marker
734 584 753 642 810 id_point
735 502 856 558 910 id_point
736 506 858 559 910 id_point
738 397 782 452 839 id_point
738 38 287 131 404 id_point
739 430 699 471 768 id_point
740 401 697 449 742 id_point
740 38 286 122 404 id_point
