0 162 586 217 642 id_point
1 161 583 216 639 id_point
2 160 583 215 641 id_point
3 159 586 215 646 id_point
4 162 581 218 638 id_point
5 190 709 247 764 id_point
6 190 707 245 763 id_point
7 149 594 204 650 id_point
8 157 582 214 641 id_point
9 162 581 216 636 id_point
10 161 583 216 640 id_point
11 159 583 215 638 id_point
12 157 584 211 637 id_point
13 160 584 213 639 id_point
14 160 584 214 638 id_point
15 158 582 214 638 id_point
16 158 584 212 639 id_point
17 159 584 212 642 id_point
18 159 583 214 638 id_point
19 157 586 211 642 id_point
20 156 585 211 642 id_point
21 157 584 212 640 id_point
22 158 584 212 641 id_point
23 158 585 213 639 id_point
23 224 607 266 649 marker
24 157 582 213 637 id_point
24 223 605 266 647 marker
25 159 580 214 635 id_point
25 223 605 265 647 marker
26 157 581 214 636 id_point
26 224 606 265 648 marker
27 156 581 213 637 id_point
27 224 605 267 647 marker
28 156 579 213 634 id_point
28 225 605 267 648 marker
29 158 581 212 635 id_point
29 225 605 267 647 marker
30 156 581 211 635 id_point
30 223 604 265 647 marker
31 156 582 212 635 id_point
31 224 604 265 646 marker
32 154 580 210 635 id_point
32 223 605 266 646 marker
33 156 582 210 636 id_point
34 160 579 216 636 id_point
35 172 578 225 632 id_point
36 172 578 228 632 id_point
37 425 599 463 641 marker
37 366 586 422 646 id_point
38 423 599 462 640 marker
38 393 579 446 632 id_point
39 392 576 452 636 id_point
39 421 596 463 640 marker
40 423 598 462 642 marker
40 394 575 455 634 id_point
41 388 575 447 632 id_point
41 425 598 464 640 marker
42 387 573 447 632 id_point
42 426 599 463 640 marker
43 387 574 446 631 id_point
43 425 598 463 639 marker
44 386 574 445 632 id_point
44 427 599 464 640 marker
45 386 574 443 632 id_point
45 427 600 463 641 marker
46 385 573 440 628 id_point
47 382 568 437 626 id_point
48 385 570 439 628 id_point
49 386 567 442 626 id_point
50 234 806 274 847 marker
50 162 745 219 799 id_point
51 235 808 274 847 marker
51 157 867 214 923 id_point
52 234 807 275 848 marker
52 157 866 214 919 id_point
53 234 806 274 848 marker
53 155 869 213 925 id_point
54 233 807 274 848 marker
54 155 866 213 921 id_point
55 233 807 273 848 marker
55 157 868 214 923 id_point
56 233 808 273 848 marker
56 158 867 216 923 id_point
57 233 808 273 848 marker
57 158 867 215 921 id_point
58 233 807 273 847 marker
58 159 867 217 923 id_point
59 233 808 274 848 marker
59 158 867 214 921 id_point
60 159 865 215 917 id_point
61 207 825 262 892 id_point
62 208 826 263 879 id_point
62 213 882 237 917 marker
63 384 818 439 873 id_point
63 429 794 467 833 marker
64 427 796 466 833 marker
64 387 818 442 873 id_point
65 401 820 453 878 id_point
65 428 796 465 832 marker
66 395 814 450 875 id_point
66 429 793 466 832 marker
67 397 817 450 874 id_point
67 429 794 466 833 marker
68 401 827 453 885 id_point
68 429 795 466 834 marker
69 429 794 465 833 marker
69 399 825 451 883 id_point
70 428 796 464 834 marker
70 400 823 452 882 id_point
71 428 795 465 833 marker
71 397 824 452 883 id_point
72 397 831 450 887 id_point
73 398 818 451 874 id_point
74 398 799 453 875 id_point
76 220 660 277 713 id_point
76 385 1042 432 1082 marker
76 323 815 357 854 marker
77 212 636 269 691 id_point
77 383 1042 432 1085 marker
77 323 815 356 855 marker
78 209 612 265 665 id_point
78 384 1041 431 1083 marker
78 323 814 356 854 marker
79 208 616 263 670 id_point
79 380 1039 431 1082 marker
79 321 814 356 856 marker
80 195 585 250 638 id_point
80 387 1043 433 1086 marker
80 328 813 364 855 marker
81 216 753 271 809 id_point
81 332 812 365 854 marker
81 392 1042 438 1081 marker
