0 209 594 263 648 id_point
1 223 588 280 643 id_point
1 395 998 454 1060 id_point
3 408 1010 461 1061 id_point
5 235 611 296 669 id_point
6 212 580 270 635 id_point
7 200 586 260 638 id_point
8 217 583 263 628 id_point
11 212 587 269 639 id_point
12 214 583 269 637 id_point
13 215 581 271 636 id_point
14 222 595 276 650 id_point
14 400 1005 447 1062 id_point
15 234 604 289 658 id_point
16 267 603 321 654 id_point
17 248 601 306 652 id_point
18 247 595 299 646 id_point
19 245 596 300 648 id_point
20 244 599 301 651 id_point
21 242 603 298 655 id_point
22 242 597 299 650 id_point
23 242 598 299 650 id_point
24 242 594 296 648 id_point
25 243 596 295 649 id_point
26 240 592 294 644 id_point
27 237 591 292 645 id_point
28 238 593 293 647 id_point
29 73 609 114 651 marker
29 237 596 293 648 id_point
30 74 607 114 649 marker
30 16 586 72 640 id_point
31 74 607 115 649 marker
31 22 593 76 645 id_point
32 73 607 116 650 marker
32 26 595 80 647 id_point
33 73 608 113 648 marker
33 25 595 78 646 id_point
34 74 606 115 647 marker
34 26 595 79 647 id_point
35 74 606 114 647 marker
35 26 594 81 647 id_point
36 75 609 113 649 marker
36 31 601 83 654 id_point
37 75 610 114 650 marker
37 34 602 84 655 id_point
38 31 602 83 655 id_point
39 37 600 92 654 id_point
40 48 599 102 652 id_point
41 51 599 102 651 id_point
42 107 604 158 658 id_point
42 281 600 325 645 marker
43 280 602 323 646 marker
43 116 605 185 652 id_point
44 245 599 306 657 id_point
44 277 607 318 652 marker
45 279 602 324 645 marker
45 246 598 298 651 id_point
46 243 599 296 651 id_point
46 283 603 322 645 marker
47 283 602 324 646 marker
47 243 599 296 652 id_point
48 241 599 295 652 id_point
48 283 603 326 647 marker
49 240 599 293 652 id_point
49 282 601 325 645 marker
50 240 599 294 650 id_point
50 283 603 326 645 marker
51 240 599 294 651 id_point
51 283 601 325 645 marker
52 240 596 294 648 id_point
52 283 601 324 643 marker
53 240 596 293 649 id_point
54 240 594 294 646 id_point
56 87 813 128 853 marker
56 0 724 45 779 id_point
57 87 813 128 854 marker
57 30 857 82 907 id_point
58 88 813 128 853 marker
58 34 857 88 908 id_point
59 88 812 128 854 marker
59 32 860 87 911 id_point
60 88 812 128 853 marker
60 28 858 83 909 id_point
61 89 812 128 853 marker
61 30 858 84 909 id_point
62 89 812 128 853 marker
62 30 856 83 906 id_point
63 90 813 129 854 marker
63 30 855 84 906 id_point
64 90 813 129 854 marker
64 34 856 86 908 id_point
65 36 855 88 909 id_point
66 64 860 117 914 id_point
67 66 863 119 914 id_point
68 223 862 280 921 id_point
69 230 868 288 926 id_point
69 290 809 334 850 marker
70 242 867 300 925 id_point
70 290 810 334 850 marker
71 243 866 297 920 id_point
71 288 809 332 850 marker
72 240 867 298 926 id_point
72 288 811 332 852 marker
73 243 865 296 921 id_point
73 289 813 332 852 marker
74 240 865 295 922 id_point
74 288 812 332 852 marker
75 239 866 294 924 id_point
75 290 812 332 853 marker
76 243 870 299 924 id_point
76 288 811 332 852 marker
77 239 864 296 921 id_point
78 248 761 303 818 id_point
80 250 623 305 677 id_point
81 271 594 325 648 id_point
81 128 1064 175 1105 marker
82 271 599 328 661 id_point
82 34 824 63 857 marker
82 125 1060 172 1102 marker
83 279 612 325 655 id_point
83 127 1061 177 1103 marker
83 34 824 62 858 marker
84 34 825 64 859 marker
84 127 1060 176 1103 marker
85 35 824 65 859 marker
85 127 1061 173 1103 marker
86 129 1059 177 1101 marker
86 35 822 65 857 marker
87 126 1060 173 1102 marker
87 34 824 61 858 marker
88 130 1061 179 1104 marker
88 39 825 68 859 marker
