0 347 595 396 642 id_point
1 499 591 563 653 id_point
2 499 603 584 663 id_point
3 530 596 585 653 id_point
4 146 638 202 696 id_point
5 144 648 202 707 id_point
6 146 651 202 707 id_point
7 145 653 199 720 id_point
8 146 651 201 708 id_point
9 151 655 203 709 id_point
10 151 655 204 709 id_point
11 152 655 208 708 id_point
12 153 655 208 707 id_point
13 150 654 205 707 id_point
14 153 653 206 705 id_point
15 151 652 206 705 id_point
16 162 608 215 661 id_point
17 162 602 215 656 id_point
18 161 603 214 657 id_point
19 155 609 210 663 id_point
20 152 608 206 661 id_point
21 153 609 206 663 id_point
22 153 611 207 665 id_point
23 153 610 207 664 id_point
24 153 610 206 664 id_point
25 155 611 208 665 id_point
26 156 613 210 666 id_point
27 156 616 211 671 id_point
28 155 617 210 673 id_point
29 154 618 209 673 id_point
30 152 616 207 670 id_point
31 154 617 209 671 id_point
32 156 620 212 675 id_point
32 204 634 241 674 marker
33 158 621 213 676 id_point
33 204 634 241 675 marker
34 162 620 216 673 id_point
34 206 634 242 675 marker
35 159 622 211 674 id_point
35 202 633 242 675 marker
36 204 636 242 674 marker
36 154 617 212 675 id_point
37 205 635 241 673 marker
37 154 615 211 670 id_point
38 158 618 213 674 id_point
38 204 635 242 674 marker
39 157 620 214 675 id_point
39 204 634 242 673 marker
40 156 617 211 673 id_point
40 204 634 242 673 marker
41 204 633 242 673 marker
41 155 618 211 672 id_point
42 157 615 210 668 id_point
43 160 614 214 667 id_point
44 168 612 221 665 id_point
44 173 671 199 701 marker
45 172 615 229 669 id_point
46 188 624 242 680 id_point
46 405 625 442 667 marker
47 395 603 450 664 id_point
48 395 600 451 663 id_point
48 407 621 447 666 marker
49 389 603 446 663 id_point
49 399 620 445 666 marker
50 391 603 447 664 id_point
50 400 619 444 665 marker
51 388 603 443 665 id_point
51 402 618 444 666 marker
52 388 604 444 664 id_point
53 387 601 443 664 id_point
53 401 623 444 666 marker
54 386 602 442 664 id_point
54 401 622 443 665 marker
55 385 605 440 659 id_point
56 386 604 439 659 id_point
57 389 609 442 665 id_point
58 388 607 441 663 id_point
59 185 755 241 810 id_point
60 221 832 256 870 marker
60 178 789 234 841 id_point
60 181 843 221 867 marker
61 172 886 230 943 id_point
61 217 833 256 871 marker
62 169 888 225 942 id_point
62 218 834 256 871 marker
63 167 892 223 948 id_point
63 218 834 256 871 marker
64 218 833 256 872 marker
64 167 888 224 944 id_point
65 166 885 228 939 id_point
65 218 834 257 872 marker
66 218 834 257 872 marker
66 166 886 221 941 id_point
67 218 835 256 872 marker
67 165 886 221 942 id_point
68 167 885 223 946 id_point
69 167 886 223 946 id_point
70 196 885 253 939 id_point
70 203 941 227 975 marker
71 197 884 254 939 id_point
72 392 879 447 936 id_point
73 394 877 450 934 id_point
73 410 820 446 856 marker
74 392 875 447 932 id_point
74 410 819 446 856 marker
75 393 876 449 932 id_point
75 410 820 446 856 marker
76 402 860 458 923 id_point
76 410 819 445 856 marker
77 401 862 458 920 id_point
77 409 820 445 856 marker
78 400 863 454 924 id_point
78 410 819 447 857 marker
79 401 867 456 925 id_point
79 410 821 447 857 marker
80 399 861 456 921 id_point
80 411 820 445 856 marker
81 400 862 456 918 id_point
81 410 821 445 858 marker
82 399 860 455 919 id_point
82 409 821 445 858 marker
83 400 860 455 919 id_point
84 392 871 446 929 id_point
86 225 725 281 777 id_point
87 237 726 292 779 id_point
88 240 724 293 777 id_point
88 337 975 377 1015 marker
88 288 886 323 940 marker
88 286 792 316 826 marker
88 416 697 444 778 id_point
89 239 725 294 776 id_point
89 336 976 378 1016 marker
89 284 792 315 824 marker
89 288 887 322 942 marker
90 161 644 216 701 id_point
90 287 790 318 823 marker
90 339 976 381 1015 marker
90 290 886 325 940 marker
