0 257 626 315 683 id_point
1 251 644 309 699 id_point
2 259 643 317 699 id_point
3 263 638 319 691 id_point
5 231 624 288 679 id_point
5 237 679 260 705 marker
6 238 619 295 674 id_point
7 227 616 282 672 id_point
8 229 616 285 672 id_point
9 231 607 285 659 id_point
10 232 610 286 665 id_point
11 233 603 286 655 id_point
12 234 596 289 651 id_point
13 231 599 286 653 id_point
14 233 600 289 655 id_point
15 230 615 285 668 id_point
16 234 613 290 666 id_point
17 231 609 286 663 id_point
18 230 611 287 666 id_point
19 237 610 292 664 id_point
20 240 606 294 659 id_point
21 238 609 294 662 id_point
22 237 605 293 658 id_point
23 238 606 293 659 id_point
24 237 607 292 660 id_point
25 238 604 292 657 id_point
26 236 605 291 660 id_point
27 238 430 278 469 marker
27 235 610 291 664 id_point
28 238 429 278 469 marker
28 235 607 290 663 id_point
29 245 371 299 425 id_point
29 238 429 278 467 marker
30 244 371 298 424 id_point
30 238 429 278 469 marker
31 244 369 298 424 id_point
31 238 427 279 469 marker
32 243 365 296 415 id_point
32 237 428 277 467 marker
33 243 362 296 415 id_point
33 237 429 277 467 marker
34 244 363 296 414 id_point
34 239 430 277 467 marker
35 244 364 296 415 id_point
35 237 429 277 467 marker
36 243 363 296 416 id_point
36 237 427 277 466 marker
37 243 363 297 416 id_point
38 242 368 298 419 id_point
39 243 366 299 421 id_point
40 244 366 298 420 id_point
41 244 368 298 422 id_point
41 428 429 465 466 marker
42 414 370 465 426 id_point
42 436 430 474 467 marker
43 434 433 472 470 marker
43 444 370 497 431 id_point
44 430 432 468 469 marker
44 437 374 491 434 id_point
45 432 366 489 419 id_point
45 429 430 466 467 marker
46 432 367 486 426 id_point
46 429 430 466 466 marker
47 432 365 485 420 id_point
47 428 429 465 466 marker
48 429 430 465 467 marker
48 432 368 484 424 id_point
49 431 365 485 424 id_point
49 428 430 466 468 marker
50 429 368 486 425 id_point
51 430 365 484 426 id_point
52 431 364 485 425 id_point
55 233 617 279 668 marker
56 230 609 284 663 id_point
57 232 610 286 660 id_point
58 230 608 286 660 id_point
59 232 606 287 661 id_point
60 232 606 287 660 id_point
61 232 607 288 660 id_point
62 232 606 289 659 id_point
63 233 608 287 663 id_point
64 237 605 293 658 id_point
65 246 606 298 656 id_point
66 246 608 298 657 id_point
67 440 588 493 642 id_point
68 441 600 495 656 id_point
69 438 603 492 657 id_point
70 436 605 490 657 id_point
71 437 603 491 657 id_point
72 437 604 492 657 id_point
73 436 605 490 657 id_point
75 436 607 489 658 id_point
76 436 605 487 657 id_point
77 432 606 486 661 id_point
78 432 604 486 658 id_point
79 430 603 482 657 id_point
80 428 608 479 659 id_point
82 287 577 340 631 id_point
82 303 370 328 397 marker
82 355 572 392 613 marker
82 406 457 455 516 id_point
83 280 246 335 302 id_point
83 350 568 390 610 marker
83 299 367 325 394 marker
83 298 461 334 511 marker
84 285 195 341 253 id_point
84 300 362 325 391 marker
84 349 564 391 607 marker
85 298 365 325 393 marker
85 349 565 391 609 marker
85 297 459 334 509 marker
