0 232 601 289 657 id_point
0 407 985 446 1019 marker
0 362 894 396 945 marker
1 239 625 296 681 id_point
1 403 980 443 1015 marker
3 236 673 294 727 id_point
4 227 603 284 660 id_point
4 401 981 436 1017 marker
5 402 979 435 1016 marker
6 230 751 286 807 id_point
6 403 982 442 1016 marker
7 233 742 290 800 id_point
8 232 740 290 797 id_point
8 401 981 443 1016 marker
9 230 755 286 811 id_point
9 402 981 441 1017 marker
10 237 610 292 664 id_point
10 402 982 440 1017 marker
11 235 611 292 665 id_point
11 402 983 440 1017 marker
11 355 894 390 943 marker
12 236 609 294 666 id_point
12 357 894 392 943 marker
14 239 642 296 697 id_point
16 244 647 300 701 id_point
17 245 642 302 697 id_point
18 241 644 297 698 id_point
19 234 646 291 698 id_point
20 237 642 293 697 id_point
21 242 642 297 697 id_point
22 240 642 298 697 id_point
23 249 638 303 693 id_point
24 236 637 293 692 id_point
25 237 641 295 696 id_point
26 237 643 294 699 id_point
27 240 639 297 704 id_point
28 239 663 295 719 id_point
29 240 668 298 725 id_point
30 237 669 295 725 id_point
31 238 647 295 700 id_point
32 234 645 291 700 id_point
33 233 681 290 733 id_point
34 233 686 289 737 id_point
35 238 620 295 676 id_point
36 240 647 296 700 id_point
37 240 645 296 702 id_point
38 238 644 295 699 id_point
39 235 644 294 699 id_point
40 234 646 291 701 id_point
41 237 648 295 703 id_point
42 238 648 296 704 id_point
43 240 642 295 700 id_point
44 241 652 297 707 id_point
45 240 647 298 702 id_point
46 243 646 300 700 id_point
47 240 642 296 698 id_point
48 235 644 293 700 id_point
49 234 646 292 700 id_point
50 239 646 295 700 id_point
51 242 643 300 698 id_point
51 285 632 321 676 marker
52 243 644 301 699 id_point
52 285 632 322 678 marker
53 245 650 301 702 id_point
53 284 632 323 676 marker
54 241 646 299 699 id_point
54 282 632 322 678 marker
55 237 645 294 698 id_point
55 283 631 323 676 marker
56 237 646 296 699 id_point
56 284 632 323 676 marker
57 238 645 298 699 id_point
57 284 631 323 674 marker
58 240 645 301 700 id_point
58 286 632 322 677 marker
59 244 646 303 701 id_point
59 285 631 321 676 marker
60 241 646 297 701 id_point
61 241 643 297 698 id_point
62 246 647 301 702 id_point
62 250 700 278 736 marker
64 303 645 358 700 id_point
64 480 628 518 668 marker
65 480 627 518 667 marker
66 445 638 501 695 id_point
66 484 626 516 664 marker
67 444 644 500 700 id_point
67 484 625 517 664 marker
68 480 628 517 668 marker
69 444 636 501 696 id_point
69 481 626 520 668 marker
70 444 639 500 697 id_point
70 484 625 517 663 marker
71 446 636 502 694 id_point
71 484 626 516 665 marker
72 480 626 517 667 marker
73 444 637 500 697 id_point
73 482 624 516 665 marker
74 439 640 495 695 id_point
75 442 642 496 698 id_point
76 421 641 493 716 id_point
77 229 818 288 874 id_point
78 290 832 328 871 marker
78 232 815 287 875 id_point
79 247 883 304 940 id_point
79 290 832 329 872 marker
80 248 884 304 940 id_point
80 291 832 329 872 marker
81 291 832 329 871 marker
81 245 882 300 937 id_point
82 290 833 330 872 marker
82 254 865 310 920 id_point
83 291 833 330 872 marker
83 252 866 310 923 id_point
84 291 832 330 871 marker
84 249 862 308 915 id_point
85 252 859 309 913 id_point
85 293 833 330 871 marker
86 292 833 330 872 marker
86 248 860 307 913 id_point
87 293 833 331 872 marker
87 249 859 308 913 id_point
88 250 856 307 911 id_point
89 303 847 362 904 id_point
90 308 845 365 901 id_point
92 421 835 477 892 id_point
92 484 818 520 856 marker
93 438 833 500 896 id_point
93 486 816 521 853 marker
94 425 832 483 889 id_point
94 485 818 521 856 marker
95 424 832 481 889 id_point
95 485 819 521 857 marker
96 425 827 481 885 id_point
96 485 818 520 857 marker
97 424 829 482 885 id_point
97 485 818 522 857 marker
98 424 829 482 885 id_point
98 485 818 521 856 marker
99 425 829 481 885 id_point
99 485 819 521 856 marker
100 423 830 479 888 id_point
100 486 818 522 857 marker
101 424 831 479 889 id_point
102 308 744 364 799 id_point
104 272 722 328 779 id_point
105 283 721 338 775 id_point
105 407 979 446 1015 marker
106 406 978 445 1016 marker
106 362 890 396 939 marker
107 239 657 299 710 id_point
107 406 977 446 1016 marker
107 362 888 396 940 marker
108 238 624 295 679 id_point
108 409 978 447 1015 marker
108 361 888 397 940 marker
109 242 656 299 709 id_point
109 407 985 445 1021 marker
109 363 896 397 945 marker
110 243 654 300 707 id_point
110 404 985 444 1022 marker
110 361 896 394 947 marker
111 240 638 296 703 id_point
111 403 982 443 1018 marker
111 359 891 392 944 marker
112 243 642 298 708 id_point
112 402 981 444 1017 marker
112 359 890 394 941 marker
113 247 679 302 735 id_point
113 403 979 441 1016 marker
113 356 889 390 944 marker
114 249 684 302 736 id_point
114 402 981 441 1016 marker
114 357 892 390 943 marker
115 247 698 303 751 id_point
115 402 983 441 1018 marker
115 357 893 391 945 marker
116 249 699 304 753 id_point
116 403 986 444 1021 marker
116 358 897 392 947 marker
117 402 987 439 1020 marker
117 356 896 389 946 marker
118 231 706 286 762 id_point
118 402 983 439 1018 marker
119 236 711 292 765 id_point
119 401 983 440 1020 marker
119 355 893 389 945 marker
120 235 712 291 766 id_point
120 401 984 440 1019 marker
121 402 982 443 1019 marker
121 251 682 298 731 id_point
121 356 894 389 944 marker
122 403 984 440 1019 marker
122 357 895 392 943 marker
123 234 661 292 713 id_point
123 401 984 439 1019 marker
123 357 895 391 946 marker
124 240 636 296 686 id_point
124 401 983 439 1019 marker
124 357 894 389 944 marker
125 241 645 297 696 id_point
125 401 987 438 1021 marker
125 354 896 388 947 marker
126 239 654 295 707 id_point
126 399 984 438 1021 marker
126 354 896 388 946 marker
127 237 651 292 705 id_point
127 397 987 435 1022 marker
127 351 898 385 948 marker
128 240 650 294 705 id_point
128 393 989 430 1024 marker
128 347 898 382 949 marker
129 236 690 292 744 id_point
129 395 988 433 1023 marker
130 393 987 431 1022 marker
130 347 895 382 948 marker
131 226 597 279 654 id_point
131 391 985 428 1022 marker
131 342 893 378 947 marker
132 221 601 279 659 id_point
132 393 987 433 1023 marker
132 348 898 382 949 marker
133 219 614 277 668 id_point
133 394 990 431 1023 marker
133 346 898 382 952 marker
134 216 604 273 661 id_point
134 398 985 435 1020 marker
134 352 893 386 946 marker
135 204 586 265 644 id_point
135 384 985 423 1022 marker
135 338 896 371 950 marker
136 200 591 255 645 id_point
136 382 989 421 1025 marker
136 336 901 371 951 marker
137 206 580 262 636 id_point
137 390 979 429 1015 marker
137 343 890 377 940 marker
138 206 580 262 638 id_point
138 393 976 432 1010 marker
138 344 884 380 938 marker
139 211 585 267 641 id_point
139 394 980 432 1015 marker
139 343 890 380 943 marker
140 212 585 268 640 id_point
140 396 979 433 1015 marker
140 350 890 384 942 marker
141 212 590 267 647 id_point
141 395 982 433 1019 marker
141 350 894 384 945 marker
142 397 981 436 1019 marker
142 351 894 384 945 marker
143 296 692 350 748 id_point
143 396 983 435 1019 marker
143 352 893 385 943 marker
144 215 707 271 761 id_point
144 398 983 437 1019 marker
144 351 894 386 946 marker
145 220 731 274 787 id_point
145 397 982 436 1019 marker
145 351 893 385 944 marker
146 205 587 261 642 id_point
146 398 982 437 1018 marker
146 352 894 385 944 marker
147 204 581 257 633 id_point
147 397 982 437 1018 marker
147 352 892 386 944 marker
147 384 663 464 773 marker
148 205 582 255 633 id_point
148 397 982 436 1017 marker
148 384 662 460 769 marker
148 352 893 385 943 marker
149 221 734 276 790 id_point
149 397 983 436 1019 marker
149 351 894 385 944 marker
150 221 735 277 792 id_point
150 397 981 437 1018 marker
150 352 894 386 943 marker
151 281 966 335 1016 id_point
151 398 983 435 1017 marker
151 352 894 387 944 marker
152 357 807 410 860 id_point
152 398 984 435 1019 marker
152 352 891 384 941 marker
153 356 808 412 865 id_point
153 397 983 434 1019 marker
153 352 891 384 942 marker
154 360 734 415 791 id_point
154 397 984 436 1019 marker
154 352 894 385 945 marker
