0 158 693 215 751 id_point
1 172 624 228 683 id_point
2 191 624 246 683 id_point
3 178 624 233 683 id_point
4 179 620 234 677 id_point
5 168 621 225 675 id_point
6 166 620 219 677 id_point
7 163 617 220 674 id_point
8 167 618 221 673 id_point
9 169 617 223 673 id_point
10 169 617 223 672 id_point
11 167 616 219 672 id_point
12 165 616 218 673 id_point
13 165 621 218 677 id_point
14 162 617 218 674 id_point
15 161 617 216 673 id_point
16 163 617 215 673 id_point
17 163 615 216 671 id_point
18 161 618 218 676 id_point
19 165 618 220 675 id_point
20 165 617 220 674 id_point
21 165 616 220 672 id_point
22 162 618 217 676 id_point
23 158 617 211 673 id_point
24 157 617 213 673 id_point
24 237 655 275 695 marker
25 157 616 212 672 id_point
25 238 656 276 695 marker
26 158 617 214 672 id_point
26 238 656 276 695 marker
27 156 617 213 675 id_point
27 237 656 277 696 marker
28 156 617 213 673 id_point
28 238 655 276 695 marker
29 158 616 212 671 id_point
29 238 657 276 696 marker
30 158 614 212 670 id_point
30 238 655 276 696 marker
31 161 615 216 669 id_point
31 237 656 275 696 marker
32 162 619 216 674 id_point
32 238 656 276 696 marker
33 161 617 215 673 id_point
34 203 606 262 660 id_point
35 207 608 266 663 id_point
36 209 609 263 662 id_point
36 303 654 345 695 marker
37 304 652 343 692 marker
37 251 613 305 668 id_point
38 305 653 343 694 marker
38 247 613 304 669 id_point
39 304 654 344 694 marker
39 245 615 299 670 id_point
40 304 654 344 693 marker
40 244 614 297 669 id_point
41 304 653 343 693 marker
41 243 614 296 669 id_point
42 305 654 344 694 marker
42 244 613 298 669 id_point
43 304 654 345 693 marker
43 244 613 297 668 id_point
44 305 653 345 693 marker
44 246 614 299 669 id_point
45 304 654 345 694 marker
45 245 614 298 669 id_point
46 243 613 297 670 id_point
47 242 611 296 667 id_point
48 245 612 298 669 id_point
49 246 611 299 668 id_point
50 370 653 409 693 marker
50 246 610 300 667 id_point
51 371 653 409 693 marker
51 320 614 375 671 id_point
52 370 651 409 692 marker
52 325 613 381 669 id_point
53 370 652 408 693 marker
53 324 613 380 670 id_point
54 371 653 409 693 marker
54 324 613 379 669 id_point
55 371 653 409 693 marker
55 323 612 380 669 id_point
56 371 653 409 694 marker
56 323 612 379 669 id_point
57 371 652 410 693 marker
57 324 614 379 670 id_point
58 371 652 409 693 marker
58 324 611 380 667 id_point
59 371 652 409 693 marker
59 324 612 379 668 id_point
60 324 613 379 670 id_point
61 324 613 381 673 id_point
62 325 614 381 673 id_point
63 324 613 380 672 id_point
64 374 619 431 676 id_point
64 435 650 473 691 marker
65 435 650 473 690 marker
65 406 615 464 676 id_point
66 406 615 461 675 id_point
66 436 651 473 690 marker
67 406 613 462 673 id_point
67 435 650 473 691 marker
68 405 612 463 670 id_point
68 435 651 473 690 marker
69 405 611 462 670 id_point
69 436 649 473 693 marker
70 404 611 458 668 id_point
70 435 649 474 690 marker
71 403 610 460 669 id_point
71 435 651 474 691 marker
72 404 611 460 670 id_point
72 437 651 474 690 marker
73 404 610 461 669 id_point
73 436 651 474 690 marker
74 404 611 457 668 id_point
75 404 614 458 669 id_point
76 404 614 457 669 id_point
77 168 740 224 797 id_point
78 241 722 280 765 marker
78 161 719 217 789 id_point
79 241 722 280 766 marker
79 159 717 213 772 id_point
80 243 723 279 765 marker
80 189 712 244 766 id_point
81 239 722 279 765 marker
82 241 722 279 765 marker
82 157 723 211 780 id_point
83 242 722 278 765 marker
83 157 718 212 773 id_point
84 242 723 279 765 marker
84 156 717 213 775 id_point
85 241 723 279 765 marker
85 159 717 213 773 id_point
86 240 723 280 766 marker
86 158 717 213 774 id_point
87 162 715 217 769 id_point
88 162 717 218 773 id_point
89 162 714 217 771 id_point
90 238 712 292 767 id_point
91 308 724 349 762 marker
91 247 712 302 771 id_point
92 308 724 349 763 marker
92 252 718 306 771 id_point
93 308 723 349 763 marker
93 251 719 303 770 id_point
94 248 716 302 773 id_point
94 308 723 348 763 marker
95 308 723 349 762 marker
95 246 713 302 769 id_point
96 309 723 349 762 marker
96 245 712 301 768 id_point
97 250 714 301 766 id_point
97 308 724 348 762 marker
98 308 723 349 762 marker
98 251 714 306 769 id_point
99 251 713 305 767 id_point
99 307 723 348 761 marker
100 308 723 347 762 marker
100 251 715 305 768 id_point
101 251 715 304 768 id_point
102 252 716 304 770 id_point
103 252 716 305 770 id_point
104 315 715 369 768 id_point
105 375 720 413 760 marker
105 324 715 381 769 id_point
106 378 721 412 760 marker
106 332 716 386 772 id_point
107 379 720 412 760 marker
107 333 718 388 771 id_point
108 378 720 412 761 marker
108 333 723 386 776 id_point
109 331 715 387 771 id_point
109 373 720 414 759 marker
110 376 720 414 759 marker
110 329 715 383 770 id_point
111 376 720 413 760 marker
111 328 718 382 771 id_point
112 375 719 414 759 marker
112 330 718 385 771 id_point
113 377 721 412 760 marker
113 330 716 384 770 id_point
114 378 721 412 760 marker
114 330 714 384 768 id_point
115 329 709 384 765 id_point
116 328 710 382 766 id_point
117 329 711 383 765 id_point
118 371 718 424 773 id_point
119 405 713 461 767 id_point
119 437 714 474 756 marker
120 410 714 467 765 id_point
120 432 714 474 758 marker
121 414 715 469 769 id_point
121 429 715 474 758 marker
122 414 716 470 769 id_point
122 430 716 474 762 marker
123 415 713 469 766 id_point
123 432 717 473 763 marker
124 415 716 471 768 id_point
125 415 716 471 770 id_point
126 414 718 470 772 id_point
126 428 718 473 760 marker
127 413 717 471 771 id_point
128 413 715 465 769 id_point
129 416 719 460 765 id_point
130 156 795 212 848 id_point
131 164 820 218 875 id_point
132 247 792 284 832 marker
132 163 822 218 877 id_point
133 246 792 284 833 marker
133 161 817 217 875 id_point
134 246 792 285 833 marker
134 160 817 216 872 id_point
135 246 792 285 833 marker
135 161 818 216 874 id_point
136 246 792 286 833 marker
136 159 818 215 874 id_point
137 247 792 285 833 marker
137 159 816 214 871 id_point
138 247 792 284 834 marker
138 161 818 216 874 id_point
139 247 792 285 834 marker
139 161 816 217 872 id_point
140 246 792 284 833 marker
140 162 814 219 872 id_point
141 246 793 284 833 marker
142 120 763 174 818 id_point
143 133 776 187 834 id_point
144 162 784 217 837 id_point
145 171 781 217 827 id_point
146 214 788 272 841 id_point
146 310 789 351 829 marker
147 310 789 351 829 marker
147 217 790 274 842 id_point
148 217 789 274 842 id_point
148 310 790 350 829 marker
149 213 797 269 849 id_point
149 310 790 351 829 marker
150 309 790 351 829 marker
150 218 786 274 839 id_point
151 310 789 350 829 marker
151 217 788 274 841 id_point
152 213 793 270 848 id_point
152 309 789 350 829 marker
153 211 792 269 844 id_point
153 310 789 351 829 marker
154 310 790 350 829 marker
154 211 791 267 844 id_point
155 216 790 273 843 id_point
155 310 791 350 830 marker
156 215 787 274 842 id_point
157 214 788 273 842 id_point
158 213 791 270 843 id_point
158 220 861 246 898 marker
159 236 797 292 852 id_point
160 377 787 413 824 marker
160 291 796 345 848 id_point
161 377 788 413 823 marker
161 320 805 375 860 id_point
162 377 787 412 824 marker
162 320 806 375 864 id_point
163 377 789 413 824 marker
163 323 813 376 869 id_point
164 377 788 413 824 marker
164 322 818 378 873 id_point
165 377 788 414 824 marker
166 378 788 415 824 marker
166 323 818 377 874 id_point
167 377 788 414 824 marker
167 322 813 377 869 id_point
168 377 788 413 824 marker
168 323 822 376 874 id_point
169 378 788 414 824 marker
170 323 820 377 876 id_point
171 323 821 377 878 id_point
172 327 821 374 874 id_point
173 441 783 478 821 marker
173 364 827 418 882 id_point
174 436 817 489 879 id_point
174 440 782 476 818 marker
175 437 822 488 882 id_point
175 440 782 477 819 marker
176 434 815 487 878 id_point
176 439 781 476 818 marker
177 432 812 484 874 id_point
177 440 782 476 818 marker
178 432 821 484 880 id_point
178 439 781 475 818 marker
179 431 818 485 879 id_point
179 440 781 476 818 marker
180 431 810 483 873 id_point
180 440 781 476 817 marker
181 430 811 483 870 id_point
181 440 781 477 816 marker
182 431 814 485 875 id_point
183 434 812 488 874 id_point
184 439 808 493 867 id_point
185 437 808 491 870 id_point
186 247 858 288 896 marker
187 125 888 178 940 id_point
187 247 858 289 896 marker
188 248 857 288 895 marker
188 125 887 179 941 id_point
189 247 857 288 895 marker
189 131 887 175 931 id_point
190 127 884 181 939 id_point
190 247 858 288 896 marker
191 247 856 288 896 marker
191 128 885 181 939 id_point
192 247 857 288 896 marker
192 134 889 179 936 id_point
193 247 857 287 896 marker
193 127 891 182 946 id_point
194 246 857 287 896 marker
194 128 888 174 942 id_point
195 247 857 287 896 marker
195 130 894 183 947 id_point
196 130 887 184 942 id_point
197 131 888 186 940 id_point
198 214 931 277 986 id_point
199 220 929 278 985 id_point
200 262 964 315 1019 id_point
201 314 854 353 892 marker
201 265 965 315 1016 id_point
202 231 944 289 1000 id_point
202 313 854 353 894 marker
203 313 854 354 893 marker
204 313 854 353 893 marker
204 235 954 281 997 id_point
205 313 855 353 893 marker
206 224 951 281 1006 id_point
206 313 853 354 893 marker
207 225 950 283 1005 id_point
207 313 854 353 894 marker
208 228 974 284 1028 id_point
208 312 854 353 894 marker
209 313 853 354 893 marker
209 235 978 280 1033 id_point
210 226 969 283 1024 id_point
210 312 853 354 893 marker
211 227 969 284 1025 id_point
212 250 977 308 1035 id_point
213 257 976 312 1031 id_point
214 310 1057 363 1113 id_point
215 378 850 417 887 marker
216 410 1119 463 1176 id_point
216 377 850 417 887 marker
217 377 850 418 887 marker
218 377 850 417 888 marker
218 393 1102 447 1159 id_point
219 378 850 417 888 marker
220 377 851 417 887 marker
221 377 852 417 889 marker
222 378 851 418 888 marker
223 378 851 417 887 marker
224 377 850 417 888 marker
225 378 848 417 886 marker
229 371 787 424 843 id_point
229 440 846 477 882 marker
230 441 844 478 883 marker
231 441 845 479 883 marker
231 570 1168 623 1228 id_point
232 440 845 479 883 marker
233 441 845 479 883 marker
234 441 846 479 884 marker
234 577 1190 635 1249 id_point
235 441 846 479 884 marker
236 441 846 479 883 marker
236 577 1193 634 1252 id_point
237 441 846 479 883 marker
237 585 1197 640 1259 id_point
238 441 845 479 883 marker
238 575 1187 634 1249 id_point
239 571 1168 619 1225 id_point
240 545 1141 600 1203 id_point
241 551 1150 606 1210 id_point
242 555 1155 609 1212 id_point
243 546 1138 604 1201 id_point
243 366 1000 406 1038 marker
243 319 914 354 963 marker
243 317 817 347 848 marker
244 367 1001 408 1039 marker
244 317 818 348 849 marker
244 318 914 354 969 marker
245 249 748 303 804 id_point
245 365 1001 407 1038 marker
245 317 818 345 849 marker
245 318 914 354 968 marker
246 261 719 314 776 id_point
246 366 1000 406 1039 marker
246 319 912 353 968 marker
246 318 819 347 850 marker
246 445 721 476 806 id_point
247 365 1002 408 1039 marker
247 317 819 348 850 marker
247 321 915 355 967 marker
247 446 720 479 808 id_point
248 141 657 196 712 id_point
248 365 1001 406 1039 marker
248 446 724 477 806 id_point
248 318 913 354 967 marker
249 289 717 343 772 id_point
249 366 1001 406 1038 marker
249 317 818 346 850 marker
249 318 913 354 968 marker
249 447 719 479 796 id_point
250 293 718 347 774 id_point
250 367 1001 409 1040 marker
250 316 817 344 851 marker
250 319 914 355 968 marker
251 358 881 414 936 id_point
251 367 1003 408 1039 marker
252 242 845 296 900 id_point
252 365 1001 407 1038 marker
252 320 912 354 967 marker
253 398 776 454 834 id_point
253 364 1000 409 1041 marker
253 317 819 348 852 marker
253 318 914 353 968 marker
253 419 899 469 953 id_point
254 368 1003 409 1040 marker
254 320 818 349 850 marker
254 324 915 357 968 marker
254 422 898 472 956 id_point
255 368 1005 409 1043 marker
255 321 821 352 853 marker
255 323 918 360 970 marker
