0 13 597 64 652 id_point
1 9 600 62 654 id_point
2 194 303 252 356 id_point
4 20 619 74 672 id_point
5 10 592 61 644 id_point
6 5 644 58 698 id_point
7 8 597 63 652 id_point
8 12 646 63 699 id_point
9 13 656 67 710 id_point
10 21 662 56 703 id_point
11 156 619 210 674 id_point
12 232 602 287 653 id_point
13 216 601 274 651 id_point
14 213 602 271 655 id_point
15 212 610 267 662 id_point
16 211 608 267 662 id_point
17 211 605 265 658 id_point
18 212 607 268 659 id_point
19 214 610 270 661 id_point
20 214 606 270 660 id_point
21 216 606 271 659 id_point
22 213 609 269 661 id_point
23 213 608 269 660 id_point
24 214 609 272 662 id_point
25 216 610 270 661 id_point
26 217 606 275 660 id_point
27 217 611 273 664 id_point
28 216 610 270 663 id_point
29 217 607 272 660 id_point
30 214 607 269 658 id_point
31 213 609 270 662 id_point
32 216 608 271 660 id_point
32 60 637 96 675 marker
33 60 635 95 675 marker
33 15 608 72 656 id_point
34 59 636 96 676 marker
34 11 608 64 660 id_point
35 61 638 95 674 marker
35 11 606 64 659 id_point
36 60 638 95 675 marker
36 8 608 63 662 id_point
37 61 638 95 673 marker
37 6 605 61 660 id_point
38 61 638 95 674 marker
38 6 606 62 661 id_point
39 62 639 95 675 marker
39 6 607 62 661 id_point
40 62 638 96 674 marker
40 9 608 64 662 id_point
41 62 638 96 675 marker
41 10 610 65 662 id_point
42 13 607 67 661 id_point
43 13 606 67 661 id_point
44 22 607 73 658 id_point
45 27 607 81 662 id_point
46 254 636 294 673 marker
46 73 610 128 663 id_point
47 255 635 295 672 marker
47 130 609 176 650 id_point
48 255 634 294 672 marker
48 207 610 262 661 id_point
49 257 635 294 674 marker
49 219 613 271 666 id_point
50 257 635 295 674 marker
50 217 613 271 666 id_point
51 257 634 295 673 marker
51 215 612 269 664 id_point
52 257 634 295 673 marker
52 215 608 270 662 id_point
53 257 634 295 672 marker
53 214 607 270 661 id_point
54 257 635 295 672 marker
54 214 611 269 662 id_point
55 257 634 294 673 marker
55 214 613 268 663 id_point
56 257 634 295 673 marker
56 215 612 269 661 id_point
57 217 610 272 663 id_point
58 217 613 273 666 id_point
59 218 612 273 664 id_point
60 43 714 97 768 id_point
61 72 831 109 867 marker
62 73 830 108 866 marker
62 23 854 75 905 id_point
63 20 856 74 907 id_point
63 73 832 108 866 marker
64 18 858 73 911 id_point
64 73 831 108 866 marker
65 19 857 73 910 id_point
65 73 830 108 866 marker
66 19 858 72 911 id_point
66 73 832 109 867 marker
67 20 857 73 909 id_point
67 73 831 109 867 marker
68 74 830 109 868 marker
68 20 854 74 906 id_point
69 74 832 109 868 marker
69 22 856 76 908 id_point
70 24 852 78 904 id_point
71 24 855 77 909 id_point
72 39 863 95 916 id_point
73 42 861 97 915 id_point
74 264 831 303 870 marker
74 209 855 265 909 id_point
75 264 831 302 868 marker
75 228 865 281 917 id_point
76 263 831 302 869 marker
76 228 864 281 918 id_point
77 264 831 303 869 marker
77 224 866 281 918 id_point
78 264 831 303 869 marker
78 224 869 279 922 id_point
79 264 830 304 869 marker
79 224 867 280 922 id_point
80 264 830 304 868 marker
80 223 869 279 923 id_point
81 264 830 304 869 marker
81 223 868 278 921 id_point
82 264 831 303 869 marker
82 225 868 279 922 id_point
83 264 831 304 869 marker
83 223 869 279 922 id_point
84 223 869 278 923 id_point
85 222 868 277 920 id_point
86 225 864 281 916 id_point
87 226 862 280 915 id_point
88 224 862 281 913 id_point
89 126 740 184 796 id_point
89 200 844 248 888 id_point
89 166 924 198 957 marker
89 213 700 253 764 id_point
89 117 845 148 887 marker
90 114 715 169 770 id_point
90 166 924 197 957 marker
90 117 845 147 887 marker
90 115 767 144 796 marker
90 212 703 251 766 id_point
91 166 924 198 957 marker
91 201 846 248 889 id_point
92 14 654 69 707 id_point
92 167 924 198 957 marker
92 202 844 248 888 id_point
93 27 638 80 692 id_point
93 166 926 198 959 marker
94 25 634 78 685 id_point
94 163 927 194 960 marker
94 197 845 246 890 id_point
94 212 703 248 771 id_point
