0 40 687 94 741 id_point
1 36 695 91 747 id_point
3 226 622 280 674 id_point
4 225 625 276 679 id_point
5 222 630 276 683 id_point
6 219 633 276 685 id_point
7 217 635 273 690 id_point
8 48 695 106 752 id_point
9 32 700 84 755 id_point
10 66 677 112 721 id_point
11 209 623 265 676 id_point
12 213 628 267 681 id_point
13 213 629 267 683 id_point
14 212 631 269 684 id_point
15 217 628 270 681 id_point
16 218 630 271 683 id_point
17 217 631 271 683 id_point
18 215 629 269 683 id_point
19 213 627 268 683 id_point
20 213 629 266 682 id_point
21 213 631 268 686 id_point
22 214 627 267 681 id_point
23 213 631 269 684 id_point
24 213 629 268 683 id_point
25 215 629 267 682 id_point
26 214 629 268 682 id_point
27 212 627 266 679 id_point
28 215 628 266 682 id_point
29 212 628 264 683 id_point
29 66 646 103 686 marker
30 66 645 102 685 marker
30 12 626 67 678 id_point
31 65 646 102 685 marker
31 6 625 59 678 id_point
32 65 646 102 686 marker
32 0 612 29 664 id_point
33 65 646 103 686 marker
33 0 611 29 664 id_point
34 65 646 103 686 marker
34 0 613 29 664 id_point
35 65 645 103 686 marker
35 0 616 30 668 id_point
36 0 616 32 668 id_point
36 65 646 103 686 marker
37 0 615 34 669 id_point
37 66 646 103 686 marker
38 0 615 33 666 id_point
39 0 615 35 669 id_point
40 0 612 41 666 id_point
41 0 612 45 666 id_point
42 0 613 48 667 id_point
43 128 645 167 686 marker
43 68 618 124 672 id_point
44 128 646 168 687 marker
44 55 615 110 669 id_point
45 128 646 167 687 marker
45 51 614 102 671 id_point
46 127 645 167 686 marker
46 47 613 100 668 id_point
47 127 645 167 686 marker
47 47 613 100 670 id_point
48 128 644 167 686 marker
48 48 616 100 670 id_point
49 46 616 100 669 id_point
49 128 645 167 686 marker
50 127 646 167 687 marker
50 47 617 101 671 id_point
51 127 645 167 687 marker
51 47 614 101 670 id_point
52 127 645 166 687 marker
52 47 613 100 669 id_point
53 127 645 167 687 marker
53 46 616 101 671 id_point
54 47 617 100 672 id_point
55 58 614 111 668 id_point
56 61 616 114 671 id_point
57 61 613 115 668 id_point
58 193 645 234 685 marker
58 129 616 184 672 id_point
59 193 644 233 685 marker
59 128 615 183 670 id_point
60 193 644 234 685 marker
60 127 614 181 668 id_point
61 193 644 234 685 marker
61 125 613 179 668 id_point
62 193 644 234 685 marker
62 124 614 178 668 id_point
63 193 644 234 685 marker
63 125 616 180 670 id_point
64 193 644 234 685 marker
64 126 617 180 671 id_point
65 193 644 234 685 marker
65 123 614 179 668 id_point
66 193 644 235 685 marker
66 124 616 180 671 id_point
67 194 644 234 685 marker
67 124 615 178 669 id_point
68 124 618 179 671 id_point
69 125 616 179 670 id_point
70 125 616 181 671 id_point
71 261 643 301 683 marker
71 195 612 248 668 id_point
72 261 643 300 683 marker
72 197 614 253 669 id_point
73 261 643 301 683 marker
73 198 616 253 669 id_point
74 261 642 300 683 marker
74 196 614 252 668 id_point
75 262 643 300 682 marker
75 197 613 250 671 id_point
76 261 642 300 682 marker
76 195 614 252 669 id_point
77 262 643 301 683 marker
77 194 613 250 669 id_point
78 262 643 301 683 marker
78 196 618 252 673 id_point
79 262 643 302 683 marker
79 196 613 251 670 id_point
80 262 643 301 683 marker
80 197 613 253 670 id_point
81 196 614 249 667 id_point
82 175 623 230 679 id_point
83 176 623 230 675 id_point
84 67 713 105 752 marker
84 0 672 42 726 id_point
85 67 713 105 752 marker
85 0 689 43 744 id_point
86 0 690 44 744 id_point
86 68 713 104 751 marker
87 0 691 44 746 id_point
87 67 712 104 751 marker
88 0 693 45 748 id_point
88 68 713 104 752 marker
89 0 691 46 746 id_point
89 68 712 104 751 marker
90 0 694 45 748 id_point
90 67 713 104 752 marker
91 0 692 44 748 id_point
91 69 712 105 752 marker
92 0 693 43 747 id_point
92 68 713 104 752 marker
93 0 694 43 751 id_point
93 68 713 105 752 marker
94 0 693 37 748 id_point
95 0 697 50 751 id_point
96 4 694 58 746 id_point
97 40 701 95 754 id_point
98 131 712 169 752 marker
98 45 698 100 753 id_point
99 131 712 168 751 marker
99 50 699 105 753 id_point
100 130 712 168 751 marker
100 52 698 107 754 id_point
101 131 712 169 751 marker
101 50 698 108 751 id_point
102 130 712 169 752 marker
102 51 698 111 753 id_point
103 130 712 169 751 marker
103 54 698 106 753 id_point
104 131 711 169 751 marker
104 53 698 108 753 id_point
105 131 712 169 751 marker
105 54 700 108 752 id_point
106 131 711 169 751 marker
106 53 700 111 753 id_point
107 52 700 111 753 id_point
108 54 702 113 755 id_point
109 53 698 112 753 id_point
110 58 698 116 753 id_point
111 195 711 236 750 marker
111 68 700 129 752 id_point
112 197 711 236 749 marker
112 127 704 182 758 id_point
113 197 711 236 750 marker
113 128 704 181 758 id_point
114 196 711 236 749 marker
114 125 703 179 757 id_point
115 196 710 236 748 marker
115 123 703 177 757 id_point
116 196 711 236 750 marker
116 124 702 177 756 id_point
117 196 711 236 750 marker
117 122 701 177 756 id_point
118 196 711 235 750 marker
118 120 700 177 754 id_point
119 196 710 235 749 marker
119 124 701 178 754 id_point
120 197 710 236 748 marker
120 124 698 178 753 id_point
121 124 699 178 752 id_point
122 123 697 178 752 id_point
123 124 699 189 761 id_point
124 139 708 193 764 id_point
125 263 710 302 749 marker
125 185 704 240 758 id_point
126 264 709 303 749 marker
126 198 705 254 758 id_point
127 263 709 303 749 marker
127 197 704 256 757 id_point
128 263 711 302 748 marker
128 197 708 255 761 id_point
129 264 709 303 749 marker
129 194 708 250 762 id_point
130 263 710 302 749 marker
130 191 709 248 761 id_point
131 264 709 304 750 marker
131 192 710 248 763 id_point
132 263 709 303 749 marker
132 193 706 248 760 id_point
133 263 710 302 750 marker
133 192 705 247 760 id_point
134 263 709 302 749 marker
134 192 705 248 761 id_point
135 194 706 251 759 id_point
136 63 733 117 787 id_point
137 65 735 111 781 id_point
138 71 774 109 813 marker
138 0 783 30 835 id_point
139 72 775 110 813 marker
139 0 784 29 836 id_point
140 73 774 110 812 marker
140 0 784 33 834 id_point
141 73 775 110 813 marker
141 0 783 34 835 id_point
142 73 774 110 813 marker
142 0 782 35 834 id_point
143 72 775 109 813 marker
143 0 784 36 836 id_point
144 72 775 109 812 marker
144 0 782 36 835 id_point
145 73 775 110 813 marker
145 0 781 38 834 id_point
146 73 775 110 813 marker
146 0 782 40 835 id_point
147 0 779 42 832 id_point
147 73 774 110 812 marker
148 0 780 43 834 id_point
149 0 781 54 831 id_point
150 6 779 58 833 id_point
151 82 787 138 841 id_point
152 134 776 173 815 marker
152 83 788 138 840 id_point
153 133 775 172 813 marker
153 59 786 117 840 id_point
154 132 775 172 813 marker
154 52 788 110 841 id_point
155 133 775 172 813 marker
155 52 788 108 842 id_point
156 54 789 110 843 id_point
156 133 775 172 813 marker
157 133 775 172 814 marker
157 57 787 115 842 id_point
158 133 775 172 814 marker
158 57 787 116 841 id_point
159 133 775 172 813 marker
159 55 785 114 840 id_point
160 132 775 172 814 marker
160 56 789 114 843 id_point
161 133 775 172 814 marker
161 55 791 114 846 id_point
162 132 775 172 813 marker
162 55 786 114 841 id_point
163 56 789 111 844 id_point
164 59 784 116 841 id_point
165 69 786 123 840 id_point
166 95 791 151 847 id_point
167 198 776 238 814 marker
167 119 795 177 848 id_point
168 198 776 238 814 marker
168 123 796 176 847 id_point
169 198 775 238 814 marker
169 125 791 179 845 id_point
170 198 776 238 814 marker
170 122 795 176 847 id_point
171 199 775 238 814 marker
171 123 800 176 853 id_point
172 199 775 238 814 marker
172 124 798 178 851 id_point
173 199 775 239 814 marker
173 123 798 177 848 id_point
174 199 775 239 814 marker
174 125 794 178 847 id_point
175 198 776 239 814 marker
175 126 797 179 849 id_point
176 121 803 177 854 id_point
177 124 798 177 851 id_point
178 124 795 177 848 id_point
179 124 798 178 849 id_point
180 266 774 306 814 marker
180 186 792 239 848 id_point
181 265 774 305 815 marker
181 201 798 256 852 id_point
182 266 774 306 814 marker
182 202 799 258 853 id_point
183 266 774 306 814 marker
183 202 800 259 853 id_point
184 266 774 306 813 marker
184 202 799 260 852 id_point
185 265 773 306 813 marker
185 200 798 255 853 id_point
186 266 773 305 813 marker
186 200 800 256 853 id_point
187 266 773 306 813 marker
187 200 800 256 852 id_point
188 266 773 306 813 marker
188 199 797 256 851 id_point
189 265 773 306 813 marker
189 201 797 257 852 id_point
190 201 789 254 842 id_point
191 201 787 245 831 id_point
192 87 824 137 868 id_point
193 77 836 115 871 marker
193 1 854 50 908 id_point
194 77 836 114 872 marker
194 1 855 48 908 id_point
195 78 836 115 872 marker
195 0 853 46 906 id_point
196 78 835 115 873 marker
196 0 853 45 906 id_point
197 77 836 115 872 marker
197 0 856 47 909 id_point
198 77 836 114 873 marker
198 1 857 49 909 id_point
199 77 836 114 872 marker
199 1 855 48 908 id_point
200 77 837 114 872 marker
200 0 855 49 908 id_point
201 77 836 114 872 marker
201 1 852 50 905 id_point
202 77 836 114 872 marker
202 1 852 50 906 id_point
203 77 835 115 872 marker
203 1 854 48 905 id_point
204 1 853 50 905 id_point
205 1 852 50 904 id_point
206 16 854 70 906 id_point
207 23 852 75 908 id_point
208 137 837 177 875 marker
208 42 865 96 919 id_point
209 137 837 177 875 marker
209 66 864 122 916 id_point
210 137 837 177 875 marker
210 61 863 117 916 id_point
211 137 837 176 876 marker
211 60 862 116 917 id_point
212 137 837 176 875 marker
212 62 863 117 916 id_point
213 137 837 176 875 marker
213 58 862 115 917 id_point
214 137 838 176 876 marker
214 60 865 117 920 id_point
215 136 837 176 875 marker
215 60 863 116 917 id_point
216 137 837 176 875 marker
216 61 863 118 916 id_point
217 137 837 176 874 marker
217 62 863 118 917 id_point
218 60 864 117 917 id_point
219 61 863 117 916 id_point
220 64 860 114 917 id_point
221 62 861 116 914 id_point
222 159 865 214 918 id_point
222 204 838 243 874 marker
223 202 838 242 875 marker
223 137 875 192 927 id_point
224 202 838 242 875 marker
224 126 873 180 925 id_point
225 202 838 241 875 marker
225 130 876 184 927 id_point
226 202 838 241 876 marker
226 128 879 181 932 id_point
227 202 838 242 876 marker
227 126 874 181 928 id_point
228 202 838 242 876 marker
228 128 876 181 928 id_point
229 202 838 242 876 marker
229 126 881 179 934 id_point
230 202 838 242 875 marker
230 127 876 181 927 id_point
231 202 839 241 876 marker
231 128 876 182 929 id_point
232 127 876 183 929 id_point
233 126 874 180 927 id_point
234 126 874 180 928 id_point
235 156 878 213 930 id_point
236 267 835 308 875 marker
236 190 881 247 932 id_point
237 268 835 308 875 marker
237 202 870 258 923 id_point
238 268 835 308 875 marker
238 201 874 257 926 id_point
239 268 835 308 876 marker
239 201 875 258 929 id_point
240 267 835 307 876 marker
240 199 876 254 928 id_point
241 267 835 308 876 marker
241 200 876 256 929 id_point
242 267 835 308 876 marker
242 200 876 255 928 id_point
243 268 835 308 876 marker
243 200 872 255 926 id_point
244 269 835 309 876 marker
244 201 874 255 926 id_point
245 201 874 255 927 id_point
246 200 878 256 929 id_point
247 201 875 259 929 id_point
248 201 874 258 927 id_point
249 201 875 256 927 id_point
250 199 868 255 927 id_point
250 167 929 200 962 marker
251 169 928 200 961 marker
251 217 704 253 770 id_point
252 108 699 162 755 id_point
252 169 929 200 962 marker
252 204 852 251 894 id_point
253 169 928 200 961 marker
253 205 851 251 894 id_point
254 21 687 72 738 id_point
254 169 928 201 961 marker
254 204 851 250 892 id_point
255 22 686 62 730 id_point
255 169 928 201 962 marker
256 10 646 65 703 id_point
256 168 927 202 962 marker
257 18 664 69 717 id_point
257 169 928 202 963 marker
257 219 705 256 772 id_point
257 205 852 251 893 id_point
258 24 678 76 730 id_point
258 209 854 257 896 id_point
258 172 929 205 963 marker
259 230 707 268 774 id_point
259 216 851 264 894 id_point
259 182 930 213 964 marker
260 43 714 95 766 id_point
260 185 929 214 963 marker
260 220 852 268 895 id_point
260 233 706 269 774 id_point
260 138 848 167 893 marker
261 11 582 67 640 id_point
261 140 847 170 889 marker
261 223 848 271 891 id_point
261 238 700 275 767 id_point
262 290 702 344 755 id_point
262 219 849 271 888 id_point
262 139 846 170 888 marker
262 240 704 278 767 id_point
263 376 701 432 759 id_point
263 231 698 270 764 id_point
263 217 843 266 885 id_point
263 135 843 165 887 marker
264 259 586 316 640 id_point
264 230 700 273 764 id_point
264 215 845 267 888 id_point
264 133 845 167 889 marker
264 182 924 213 957 marker
265 67 691 121 747 id_point
265 234 708 306 770 id_point
265 183 928 214 962 marker
265 216 846 265 891 id_point
266 42 689 97 742 id_point
266 219 852 267 895 id_point
266 233 707 271 774 id_point
266 184 929 214 963 marker
267 38 733 95 786 id_point
267 233 706 271 773 id_point
267 218 849 266 893 id_point
267 135 850 167 893 marker
268 249 594 303 649 id_point
268 217 849 265 893 id_point
268 182 928 214 962 marker
268 232 707 272 767 id_point
269 218 850 265 893 id_point
269 234 707 274 771 id_point
269 252 604 299 645 id_point
269 183 928 213 962 marker
