0 213 620 270 677 id_point
1 215 625 273 680 id_point
2 219 623 274 676 id_point
3 216 627 271 680 id_point
4 214 626 269 680 id_point
5 217 624 272 678 id_point
6 217 624 272 678 id_point
7 219 621 274 675 id_point
8 217 623 272 677 id_point
9 220 624 272 679 id_point
10 219 622 273 677 id_point
11 218 620 272 673 id_point
12 222 618 277 672 id_point
13 229 616 284 670 id_point
14 233 624 287 678 id_point
15 221 622 276 676 id_point
16 225 621 279 673 id_point
17 218 622 273 676 id_point
18 211 617 267 670 id_point
19 213 623 266 679 id_point
20 212 621 268 675 id_point
21 212 617 271 673 id_point
22 213 618 270 672 id_point
23 213 617 270 671 id_point
24 213 617 271 672 id_point
25 218 619 272 670 id_point
26 215 618 270 672 id_point
27 213 617 270 673 id_point
28 216 620 270 670 id_point
29 201 619 246 666 id_point
30 64 642 98 682 marker
30 21 619 73 669 id_point
31 62 642 97 681 marker
31 8 618 61 672 id_point
32 62 642 97 681 marker
32 4 615 56 673 id_point
33 4 614 57 672 id_point
33 63 642 98 681 marker
34 63 643 96 680 marker
34 5 618 60 672 id_point
35 63 643 97 680 marker
35 5 617 60 671 id_point
36 63 643 97 681 marker
36 7 617 61 672 id_point
37 63 643 97 680 marker
37 11 616 63 671 id_point
38 62 643 98 682 marker
38 8 616 62 671 id_point
39 10 615 63 669 id_point
40 34 616 88 669 id_point
41 36 619 91 672 id_point
42 38 618 93 671 id_point
43 159 642 197 679 marker
43 123 620 184 674 id_point
44 157 641 196 681 marker
44 113 622 169 676 id_point
45 156 642 197 681 marker
45 105 622 160 676 id_point
46 156 642 197 681 marker
46 105 623 158 679 id_point
47 156 642 196 682 marker
47 104 619 161 674 id_point
48 156 642 196 681 marker
48 103 619 159 674 id_point
49 156 642 196 682 marker
49 105 621 161 676 id_point
50 157 642 196 681 marker
50 109 622 162 676 id_point
51 156 642 197 682 marker
51 108 620 162 676 id_point
52 108 620 163 676 id_point
53 109 618 163 674 id_point
54 109 620 162 673 id_point
55 109 620 164 676 id_point
57 260 640 295 679 marker
57 216 624 268 675 id_point
58 259 640 296 679 marker
58 215 621 269 676 id_point
59 260 641 296 679 marker
59 213 622 267 673 id_point
60 260 640 296 679 marker
60 213 619 270 673 id_point
61 259 641 296 679 marker
61 213 621 266 672 id_point
62 258 640 295 679 marker
62 211 618 267 673 id_point
63 258 640 296 679 marker
63 211 618 267 673 id_point
64 259 639 296 678 marker
64 210 618 266 673 id_point
65 259 640 296 679 marker
65 211 618 267 673 id_point
66 212 619 267 674 id_point
67 212 618 268 672 id_point
68 212 619 268 673 id_point
69 212 617 267 674 id_point
70 11 730 63 782 id_point
71 67 741 102 779 marker
71 8 739 61 790 id_point
72 67 741 102 779 marker
72 9 746 59 796 id_point
73 66 741 103 779 marker
73 8 742 61 796 id_point
74 66 741 103 778 marker
74 8 743 60 797 id_point
75 66 741 103 778 marker
75 10 743 61 797 id_point
76 66 741 103 779 marker
76 9 744 60 796 id_point
77 66 742 103 779 marker
77 9 743 60 797 id_point
78 67 741 103 779 marker
78 6 744 60 795 id_point
79 67 741 103 779 marker
79 11 742 62 796 id_point
80 67 741 103 778 marker
80 14 746 65 799 id_point
81 11 746 63 800 id_point
82 14 744 64 798 id_point
83 15 744 66 799 id_point
84 88 745 141 800 id_point
85 162 742 201 781 marker
85 90 744 146 798 id_point
86 161 742 201 781 marker
86 110 750 168 802 id_point
87 161 742 201 780 marker
87 111 750 169 803 id_point
88 161 741 202 781 marker
88 111 745 165 802 id_point
89 162 741 202 781 marker
89 112 746 170 800 id_point
90 162 741 202 781 marker
90 110 748 164 801 id_point
91 161 740 202 781 marker
91 110 749 165 802 id_point
92 161 741 201 780 marker
92 107 750 166 803 id_point
93 161 742 201 781 marker
93 109 747 165 801 id_point
94 110 747 164 802 id_point
95 110 746 164 801 id_point
96 144 742 199 798 id_point
97 206 747 264 801 id_point
98 212 751 267 804 id_point
99 263 741 303 779 marker
99 215 750 272 804 id_point
100 265 740 303 778 marker
100 217 750 272 802 id_point
101 265 740 303 778 marker
101 220 749 274 803 id_point
102 265 739 303 778 marker
102 220 750 275 803 id_point
103 264 739 304 777 marker
103 217 748 272 802 id_point
104 265 739 303 777 marker
104 221 750 277 803 id_point
105 266 739 304 778 marker
105 221 750 276 802 id_point
106 266 739 304 777 marker
106 219 747 277 799 id_point
107 266 739 304 777 marker
107 222 750 277 803 id_point
108 219 749 274 802 id_point
109 220 748 273 802 id_point
110 211 783 262 841 id_point
112 20 860 73 913 id_point
112 77 835 113 871 marker
113 18 862 73 915 id_point
113 77 835 113 870 marker
114 21 866 74 918 id_point
114 77 835 113 871 marker
115 24 863 74 917 id_point
115 77 835 113 871 marker
116 20 864 75 917 id_point
116 78 834 112 871 marker
117 21 862 75 915 id_point
117 77 834 113 870 marker
118 22 864 76 918 id_point
118 78 834 113 871 marker
119 21 865 76 918 id_point
119 77 834 113 870 marker
120 23 866 78 919 id_point
120 78 834 113 870 marker
121 23 865 77 919 id_point
121 77 834 113 870 marker
122 22 864 75 919 id_point
124 46 866 100 918 id_point
125 48 867 105 921 id_point
126 168 837 208 874 marker
126 120 872 174 924 id_point
127 168 837 208 874 marker
127 121 871 175 923 id_point
128 168 837 208 874 marker
128 119 872 174 928 id_point
129 168 838 208 874 marker
129 118 871 173 927 id_point
130 168 838 208 874 marker
130 117 871 173 926 id_point
131 168 837 208 875 marker
131 120 873 174 925 id_point
132 167 837 207 874 marker
132 119 869 176 924 id_point
133 167 837 208 874 marker
133 118 868 173 924 id_point
134 167 836 208 874 marker
134 119 871 173 925 id_point
135 167 836 208 874 marker
135 118 871 174 926 id_point
136 118 871 170 924 id_point
137 118 872 172 925 id_point
138 122 872 175 926 id_point
139 132 876 188 930 id_point
140 266 833 306 873 marker
140 206 878 260 930 id_point
141 266 834 306 873 marker
141 218 881 271 931 id_point
142 266 834 306 873 marker
142 223 882 276 931 id_point
143 266 834 306 872 marker
143 222 882 274 934 id_point
144 266 834 306 873 marker
144 220 882 275 932 id_point
145 266 835 306 873 marker
145 220 880 275 931 id_point
146 266 834 305 873 marker
146 223 878 274 928 id_point
147 265 835 305 874 marker
147 219 881 275 933 id_point
148 265 834 305 872 marker
148 220 882 275 933 id_point
149 220 876 272 928 id_point
150 220 879 275 931 id_point
151 221 878 275 931 id_point
152 64 902 122 958 id_point
153 66 903 121 957 id_point
154 64 899 120 955 id_point
154 167 926 196 957 marker
154 121 850 152 885 marker
155 37 651 89 702 id_point
155 167 926 199 959 marker
155 119 848 150 890 marker
156 33 648 88 701 id_point
156 200 848 249 891 id_point
157 29 649 82 701 id_point
157 166 931 198 963 marker
157 202 855 248 896 id_point
157 215 703 249 776 id_point
158 195 635 255 687 id_point
158 201 855 249 899 id_point
158 166 934 197 966 marker
159 207 639 260 689 id_point
159 168 941 200 973 marker
160 32 665 77 707 id_point
160 169 935 200 969 marker
161 29 659 81 712 id_point
161 169 934 201 967 marker
162 36 657 90 708 id_point
162 121 855 151 898 marker
163 40 673 95 725 id_point
164 44 687 95 740 id_point
164 169 932 203 966 marker
165 43 696 97 748 id_point
165 207 859 253 899 id_point
165 171 934 204 967 marker
