0 205 604 255 653 id_point
1 204 603 254 654 id_point
2 207 602 256 653 id_point
3 207 602 257 654 id_point
4 210 603 259 654 id_point
5 211 602 260 654 id_point
6 212 603 260 655 id_point
7 212 601 262 654 id_point
8 212 602 261 655 id_point
9 213 602 261 654 id_point
10 215 603 263 654 id_point
11 215 603 263 654 id_point
12 214 607 264 660 id_point
13 214 603 264 655 id_point
14 214 603 262 656 id_point
15 210 605 259 655 id_point
16 208 605 259 655 id_point
17 209 604 258 655 id_point
18 210 604 259 655 id_point
19 211 605 260 657 id_point
20 211 605 259 656 id_point
21 210 607 258 658 id_point
22 209 605 259 657 id_point
23 210 606 259 656 id_point
24 197 431 235 466 marker
24 211 606 259 656 id_point
25 194 438 231 475 marker
25 209 614 258 665 id_point
26 191 437 236 477 marker
26 216 383 269 438 id_point
27 193 433 234 469 marker
27 214 375 267 428 id_point
28 193 432 235 470 marker
28 215 378 265 428 id_point
29 192 431 234 470 marker
29 211 378 265 430 id_point
30 191 430 234 468 marker
30 214 371 265 425 id_point
31 192 431 234 469 marker
31 213 373 264 426 id_point
32 214 375 265 426 id_point
33 214 374 266 426 id_point
34 216 377 269 428 id_point
35 218 377 271 430 id_point
36 271 380 324 437 id_point
36 258 432 301 470 marker
37 280 372 334 427 id_point
37 257 431 297 468 marker
38 278 373 334 429 id_point
38 256 431 297 469 marker
39 257 431 297 469 marker
39 278 372 332 426 id_point
40 257 430 296 469 marker
40 278 369 331 422 id_point
41 256 431 296 469 marker
41 276 371 331 425 id_point
42 256 431 297 469 marker
42 276 372 331 426 id_point
43 256 430 296 469 marker
43 278 371 331 426 id_point
44 255 430 297 470 marker
44 276 371 331 429 id_point
45 277 371 330 426 id_point
46 277 369 331 423 id_point
47 277 371 330 425 id_point
48 278 370 331 423 id_point
49 339 379 397 431 id_point
49 321 432 361 469 marker
50 337 375 396 426 id_point
50 321 431 360 469 marker
51 321 430 361 469 marker
51 335 372 393 422 id_point
52 321 431 361 469 marker
52 335 371 393 422 id_point
53 321 431 360 470 marker
53 334 370 393 420 id_point
54 321 430 360 469 marker
54 333 368 389 421 id_point
55 321 431 360 470 marker
55 331 370 389 421 id_point
56 321 431 360 470 marker
56 333 368 390 421 id_point
57 321 430 359 469 marker
57 332 367 388 420 id_point
58 322 430 360 469 marker
58 333 366 390 419 id_point
59 333 367 388 419 id_point
60 332 368 388 419 id_point
61 332 370 389 423 id_point
62 332 371 389 423 id_point
63 383 434 422 471 marker
63 332 369 389 424 id_point
64 384 432 422 470 marker
64 394 376 447 429 id_point
65 384 432 421 470 marker
65 394 378 446 431 id_point
66 384 432 422 470 marker
66 394 376 448 430 id_point
67 383 432 421 470 marker
67 395 375 448 427 id_point
68 383 432 422 470 marker
68 395 369 451 423 id_point
69 383 433 421 471 marker
69 393 370 449 424 id_point
70 383 432 422 471 marker
70 393 370 449 424 id_point
71 382 433 421 470 marker
71 394 370 447 424 id_point
72 382 433 421 470 marker
72 393 369 450 424 id_point
73 392 371 447 423 id_point
74 390 371 447 427 id_point
75 393 373 445 428 id_point
76 391 377 442 429 id_point
77 205 433 258 488 id_point
77 195 491 234 536 marker
78 193 492 230 535 marker
78 203 435 257 491 id_point
79 194 493 230 533 marker
79 201 440 256 494 id_point
80 194 493 231 534 marker
80 203 441 256 496 id_point
81 193 493 231 534 marker
81 203 440 258 494 id_point
82 193 494 232 535 marker
82 204 440 257 497 id_point
83 195 493 233 535 marker
83 204 443 257 497 id_point
84 193 494 232 534 marker
84 203 442 258 499 id_point
85 203 445 259 499 id_point
85 194 494 232 537 marker
86 194 494 232 535 marker
86 204 444 258 499 id_point
87 204 446 257 499 id_point
88 205 447 257 500 id_point
89 204 447 257 500 id_point
90 205 445 258 499 id_point
91 254 495 295 532 marker
91 247 451 301 505 id_point
92 266 445 323 501 id_point
92 255 493 301 537 marker
93 256 493 300 533 marker
93 269 444 324 500 id_point
94 256 493 299 532 marker
94 267 441 322 499 id_point
95 257 493 297 532 marker
95 266 441 320 497 id_point
96 257 491 297 533 marker
96 265 441 319 497 id_point
97 255 493 297 533 marker
97 266 441 320 497 id_point
98 255 490 297 533 marker
98 266 441 320 498 id_point
99 257 491 297 532 marker
99 263 440 318 496 id_point
100 255 493 297 533 marker
100 266 441 319 497 id_point
101 265 442 319 497 id_point
102 268 442 321 498 id_point
103 266 443 319 498 id_point
104 266 441 320 497 id_point
105 320 494 360 532 marker
105 303 446 359 500 id_point
106 324 443 381 497 id_point
106 322 493 360 531 marker
107 330 445 386 498 id_point
107 323 494 360 532 marker
108 329 445 385 500 id_point
108 322 493 360 531 marker
109 329 441 386 495 id_point
109 322 493 360 532 marker
110 330 441 387 494 id_point
110 322 494 359 532 marker
111 329 443 386 497 id_point
111 321 493 360 532 marker
112 328 444 384 499 id_point
112 322 494 360 532 marker
113 328 442 384 497 id_point
113 323 494 360 532 marker
114 329 443 384 495 id_point
114 321 493 360 531 marker
115 328 444 383 499 id_point
116 328 442 384 496 id_point
117 326 439 384 494 id_point
118 332 444 388 498 id_point
119 344 448 400 501 id_point
120 388 443 444 496 id_point
120 384 494 422 537 marker
121 384 493 422 533 marker
121 394 445 447 495 id_point
122 385 492 423 534 marker
122 395 445 447 496 id_point
123 384 493 423 533 marker
123 393 444 445 496 id_point
124 394 443 445 496 id_point
124 385 493 423 532 marker
125 392 443 445 496 id_point
125 384 493 423 532 marker
126 386 493 423 533 marker
126 389 444 443 496 id_point
127 384 493 422 534 marker
127 390 445 445 498 id_point
128 384 493 423 535 marker
128 392 447 442 498 id_point
129 391 447 443 500 id_point
130 244 521 290 575 marker
131 208 546 270 601 id_point
132 203 551 256 604 id_point
133 193 551 251 602 id_point
133 193 556 240 604 marker
134 201 527 252 581 id_point
135 199 523 250 575 id_point
135 195 561 229 598 marker
136 197 523 249 576 id_point
136 195 562 230 599 marker
137 198 523 248 578 id_point
137 195 559 229 599 marker
138 198 522 251 577 id_point
138 195 561 229 599 marker
139 200 523 253 577 id_point
139 195 558 232 600 marker
140 202 523 254 578 id_point
140 195 560 231 598 marker
141 200 523 253 579 id_point
141 195 561 231 599 marker
142 195 563 231 599 marker
142 200 519 251 576 id_point
143 202 520 252 573 id_point
144 208 523 260 575 id_point
145 214 521 266 574 id_point
146 213 519 270 573 id_point
147 260 560 298 599 marker
147 236 516 291 573 id_point
148 264 519 317 576 id_point
148 261 558 299 598 marker
149 263 521 316 577 id_point
149 261 558 297 596 marker
150 264 522 317 578 id_point
150 259 558 297 596 marker
151 266 520 319 576 id_point
151 259 557 298 596 marker
152 264 520 318 578 id_point
152 260 556 299 596 marker
153 263 518 319 572 id_point
153 258 558 297 598 marker
154 265 517 318 572 id_point
154 260 558 297 597 marker
155 264 518 317 577 id_point
156 263 518 317 573 id_point
156 261 556 299 598 marker
157 265 519 318 575 id_point
157 262 559 298 595 marker
158 261 519 315 573 id_point
159 261 517 315 572 id_point
160 261 519 316 573 id_point
161 262 516 316 572 id_point
162 323 558 364 598 marker
162 304 513 358 569 id_point
163 332 520 387 575 id_point
163 326 559 362 598 marker
164 330 519 385 573 id_point
164 326 559 362 594 marker
165 325 558 362 598 marker
165 328 516 382 570 id_point
166 328 519 382 574 id_point
166 327 560 362 595 marker
167 329 519 382 574 id_point
167 327 560 362 597 marker
168 327 518 383 573 id_point
168 327 559 362 597 marker
169 328 518 383 574 id_point
169 327 560 362 596 marker
170 328 517 384 572 id_point
170 327 559 362 597 marker
171 329 518 383 572 id_point
171 327 561 362 597 marker
172 328 514 385 568 id_point
173 330 516 385 571 id_point
174 329 516 384 572 id_point
175 331 517 386 571 id_point
176 382 522 434 579 id_point
176 391 557 428 595 marker
177 393 520 442 578 id_point
177 390 559 425 595 marker
178 396 520 444 579 id_point
178 390 561 428 598 marker
179 395 519 446 577 id_point
179 389 561 423 595 marker
180 393 517 445 577 id_point
180 388 562 423 602 marker
181 395 520 447 579 id_point
181 389 559 424 595 marker
182 393 520 445 581 id_point
182 389 559 425 594 marker
183 392 518 445 572 id_point
183 387 560 423 599 marker
184 387 558 426 599 marker
184 380 625 422 666 marker
185 388 558 425 599 marker
185 330 569 390 623 id_point
186 334 567 389 622 id_point
187 327 556 383 609 id_point
189 177 585 231 639 id_point
190 193 628 230 667 marker
191 196 630 231 669 marker
191 175 582 230 648 id_point
192 198 630 232 668 marker
192 172 582 229 651 id_point
193 196 630 232 669 marker
193 169 584 228 654 id_point
194 197 629 231 670 marker
194 170 586 230 652 id_point
195 197 629 232 669 marker
195 170 582 230 661 id_point
196 196 629 232 670 marker
196 171 583 230 661 id_point
197 199 629 233 670 marker
197 175 587 231 659 id_point
198 199 629 232 669 marker
198 173 585 230 658 id_point
199 198 628 232 669 marker
199 171 585 230 658 id_point
200 198 628 232 670 marker
200 171 585 229 658 id_point
201 173 585 231 640 id_point
202 180 585 238 640 id_point
203 180 586 237 642 id_point
204 182 584 238 640 id_point
205 235 582 287 637 id_point
205 261 627 301 669 marker
206 261 626 301 669 marker
206 239 582 282 628 id_point
207 261 624 300 667 marker
207 242 597 295 655 id_point
208 261 624 300 667 marker
208 245 595 297 654 id_point
209 261 624 299 667 marker
209 242 597 294 654 id_point
210 259 623 298 666 marker
210 241 596 297 652 id_point
211 260 624 300 668 marker
211 242 594 295 653 id_point
212 261 625 301 669 marker
212 244 591 295 658 id_point
213 261 625 300 669 marker
213 243 597 293 654 id_point
214 259 625 299 669 marker
214 244 599 297 656 id_point
215 197 622 251 675 id_point
215 261 628 301 669 marker
216 198 618 252 672 id_point
217 200 617 252 670 id_point
218 220 616 273 669 id_point
219 245 612 305 663 id_point
220 326 625 365 666 marker
220 262 615 317 667 id_point
221 309 624 365 679 id_point
222 311 617 364 669 id_point
222 323 628 365 671 marker
223 309 621 364 671 id_point
224 304 619 361 669 id_point
224 323 628 364 669 marker
225 307 618 363 669 id_point
226 307 621 363 672 id_point
226 323 631 365 671 marker
227 317 629 371 685 id_point
228 327 631 367 679 marker
229 317 633 371 687 id_point
230 341 631 394 684 id_point
231 341 630 393 683 id_point
232 348 633 402 683 id_point
233 388 624 427 663 marker
233 438 646 494 706 id_point
234 454 656 509 708 id_point
234 389 624 428 664 marker
235 452 659 508 713 id_point
235 388 624 427 663 marker
236 449 657 505 712 id_point
236 389 624 427 664 marker
237 450 657 504 712 id_point
237 388 625 427 665 marker
238 449 658 506 714 id_point
238 389 624 428 665 marker
239 389 625 428 664 marker
239 461 671 506 715 id_point
240 449 655 504 710 id_point
240 389 625 428 664 marker
241 444 654 500 707 id_point
241 387 622 425 664 marker
242 389 626 428 665 marker
242 452 655 504 707 id_point
243 455 660 497 703 id_point
245 267 626 314 676 id_point
246 263 612 319 666 id_point
247 260 618 315 672 id_point
248 288 591 319 627 marker
248 244 502 275 544 marker
248 330 502 375 546 id_point
249 288 592 320 627 marker
249 329 503 374 546 id_point
250 188 275 241 328 id_point
250 287 592 318 626 marker
250 327 503 373 546 id_point
250 243 503 274 545 marker
251 184 256 238 323 id_point
251 329 506 376 548 id_point
251 288 593 320 629 marker
252 217 250 270 302 id_point
252 331 503 378 547 id_point
252 291 593 322 629 marker
253 216 249 271 304 id_point
253 330 507 376 550 id_point
254 206 310 257 361 id_point
254 330 502 376 548 id_point
254 288 593 321 629 marker
