0 180 539 236 596 id_point
0 334 935 362 966 marker
0 289 856 318 902 marker
1 180 531 237 585 id_point
1 331 931 361 964 marker
1 371 850 416 893 id_point
1 385 710 422 773 id_point
2 207 743 261 799 id_point
2 333 934 363 967 marker
3 208 758 268 819 id_point
3 332 936 362 968 marker
3 374 856 416 897 id_point
3 387 714 423 779 id_point
4 332 936 363 969 marker
4 388 714 426 779 id_point
4 220 761 262 809 id_point
5 215 762 273 816 id_point
5 333 937 364 969 marker
5 388 715 425 779 id_point
6 217 761 278 820 id_point
6 333 937 364 969 marker
6 388 716 426 781 id_point
6 291 861 320 904 marker
7 215 762 273 820 id_point
7 334 937 363 970 marker
7 389 715 425 780 id_point
7 291 862 319 904 marker
8 216 763 275 823 id_point
8 333 937 363 971 marker
8 291 860 321 907 marker
8 389 716 425 780 id_point
9 217 765 276 823 id_point
9 334 938 364 971 marker
9 291 863 319 906 marker
9 388 715 425 780 id_point
9 376 858 418 899 id_point
9 224 816 249 837 marker
10 218 764 278 819 id_point
10 333 939 363 971 marker
10 290 861 321 906 marker
10 389 714 424 782 id_point
11 219 763 277 819 id_point
11 334 939 364 971 marker
11 389 715 425 782 id_point
11 375 857 417 899 id_point
11 292 864 320 905 marker
12 217 765 274 821 id_point
12 333 939 364 971 marker
12 374 858 417 900 id_point
12 388 716 424 783 id_point
14 214 639 266 694 id_point
15 146 591 203 646 id_point
16 146 591 204 647 id_point
18 139 583 197 637 id_point
19 138 589 196 643 id_point
20 138 589 196 644 id_point
21 140 585 198 638 id_point
22 139 588 199 639 id_point
23 143 588 200 640 id_point
24 142 587 200 639 id_point
25 226 655 280 707 id_point
26 224 672 281 725 id_point
27 225 684 282 737 id_point
28 223 691 278 745 id_point
29 146 589 202 643 id_point
30 143 588 199 641 id_point
31 214 703 273 759 id_point
32 216 704 273 760 id_point
33 143 581 200 635 id_point
34 144 583 202 641 id_point
35 147 592 205 644 id_point
36 146 589 205 642 id_point
37 147 589 204 642 id_point
38 147 588 205 642 id_point
39 145 587 202 641 id_point
40 145 588 202 643 id_point
41 146 591 203 644 id_point
42 145 588 201 641 id_point
43 147 588 205 641 id_point
44 146 588 203 641 id_point
45 149 590 204 643 id_point
46 148 590 205 643 id_point
47 148 590 205 641 id_point
48 148 587 205 641 id_point
48 227 654 262 694 marker
49 147 588 204 641 id_point
49 227 654 265 694 marker
50 147 588 204 642 id_point
50 228 654 265 694 marker
51 144 588 202 642 id_point
51 228 655 265 694 marker
52 146 589 202 642 id_point
52 228 655 265 694 marker
53 146 589 203 641 id_point
53 228 654 265 694 marker
54 228 654 265 694 marker
54 197 580 235 621 id_point
55 146 587 203 641 id_point
55 227 655 264 695 marker
56 143 585 200 639 id_point
56 228 655 264 695 marker
57 142 586 197 640 id_point
57 228 654 264 695 marker
58 140 588 197 641 id_point
59 140 586 199 641 id_point
60 148 586 206 640 id_point
61 150 587 207 641 id_point
62 293 654 333 692 marker
62 238 589 292 644 id_point
63 233 586 288 640 id_point
63 293 654 334 692 marker
64 234 587 287 640 id_point
64 294 654 334 693 marker
65 233 588 287 642 id_point
65 293 654 333 693 marker
66 233 587 284 641 id_point
66 293 654 333 694 marker
67 232 587 284 641 id_point
67 293 654 334 693 marker
68 232 587 285 642 id_point
68 293 655 334 694 marker
69 233 585 286 638 id_point
69 294 654 334 693 marker
70 234 584 289 637 id_point
70 293 653 334 693 marker
71 235 585 288 639 id_point
72 234 584 287 638 id_point
73 235 583 291 638 id_point
74 309 582 363 639 id_point
75 360 651 398 691 marker
75 316 587 371 644 id_point
76 323 585 378 641 id_point
76 360 651 398 691 marker
77 362 652 398 692 marker
77 322 581 381 639 id_point
78 361 652 399 693 marker
78 322 585 379 642 id_point
79 360 651 399 692 marker
79 323 584 379 641 id_point
80 360 652 399 692 marker
80 323 585 380 641 id_point
81 359 652 399 692 marker
81 322 587 378 643 id_point
82 360 652 399 692 marker
82 321 585 378 640 id_point
83 360 652 399 692 marker
83 322 587 377 642 id_point
84 323 586 378 641 id_point
85 323 584 378 639 id_point
86 324 584 379 639 id_point
87 400 581 454 634 id_point
88 421 649 460 688 marker
88 408 586 463 640 id_point
89 422 650 461 688 marker
89 407 585 464 641 id_point
90 421 650 461 687 marker
90 406 585 462 639 id_point
91 421 650 460 687 marker
91 401 582 458 634 id_point
92 423 650 461 688 marker
92 405 585 457 638 id_point
93 422 650 461 688 marker
93 405 585 459 637 id_point
94 422 650 461 687 marker
94 407 584 462 638 id_point
95 423 651 461 688 marker
95 407 584 462 637 id_point
96 422 651 461 688 marker
96 407 584 464 637 id_point
97 408 587 461 640 id_point
98 402 594 450 646 id_point
99 401 594 449 647 id_point
100 399 592 449 645 id_point
101 177 692 229 747 id_point
101 231 722 268 760 marker
102 230 722 269 763 marker
102 166 698 219 754 id_point
103 230 721 269 763 marker
103 150 691 205 745 id_point
104 230 722 269 763 marker
104 146 690 199 745 id_point
105 230 721 269 763 marker
105 146 690 199 745 id_point
106 229 721 269 763 marker
106 148 687 201 742 id_point
107 230 721 269 762 marker
107 149 686 202 741 id_point
108 229 720 268 762 marker
108 148 686 201 741 id_point
109 228 722 268 762 marker
109 149 684 202 739 id_point
110 229 721 269 763 marker
110 149 685 203 740 id_point
111 150 684 203 738 id_point
113 161 688 218 741 id_point
114 245 691 298 744 id_point
115 245 695 301 747 id_point
115 296 719 336 760 marker
116 245 694 300 746 id_point
116 296 719 337 760 marker
117 241 692 295 744 id_point
117 297 720 336 760 marker
118 240 695 296 750 id_point
118 298 720 337 760 marker
119 241 696 296 747 id_point
119 297 720 337 759 marker
120 240 691 295 746 id_point
120 298 720 337 759 marker
121 240 690 295 743 id_point
121 297 719 336 759 marker
122 242 689 296 743 id_point
122 296 719 335 758 marker
123 242 689 296 742 id_point
123 296 719 336 759 marker
124 243 688 294 742 id_point
124 296 719 335 759 marker
125 244 687 297 739 id_point
126 245 687 298 740 id_point
127 245 689 298 742 id_point
128 255 696 310 749 id_point
129 363 717 401 756 marker
129 284 676 341 731 id_point
130 363 716 401 756 marker
130 304 685 362 737 id_point
131 363 717 401 756 marker
131 308 684 361 739 id_point
132 364 717 401 758 marker
132 326 715 385 764 id_point
133 364 717 402 757 marker
133 327 715 384 764 id_point
134 364 717 401 758 marker
134 323 717 381 768 id_point
135 365 718 401 757 marker
135 324 720 382 774 id_point
136 363 717 402 757 marker
136 326 718 384 772 id_point
137 363 717 401 757 marker
137 328 721 384 773 id_point
138 363 716 401 757 marker
138 325 717 374 758 id_point
139 321 720 376 773 id_point
140 323 717 377 770 id_point
141 348 706 401 759 id_point
142 346 704 400 758 id_point
143 424 712 470 771 id_point
144 426 712 466 754 marker
145 427 715 463 754 marker
146 424 713 468 762 marker
146 460 721 502 764 marker
146 433 713 486 765 id_point
147 426 711 462 757 marker
147 427 699 474 761 id_point
148 422 696 471 759 id_point
148 429 709 469 755 marker
149 424 690 471 757 id_point
150 425 711 468 757 marker
151 430 698 481 758 id_point
152 440 725 483 774 id_point
153 423 706 470 766 id_point
154 421 705 470 766 id_point
155 279 756 340 800 id_point
156 228 786 267 825 marker
156 111 772 166 824 id_point
157 228 786 266 826 marker
157 107 777 163 831 id_point
158 227 787 266 825 marker
158 105 782 161 836 id_point
159 228 787 266 825 marker
159 103 788 160 843 id_point
160 228 787 266 826 marker
160 112 789 152 837 id_point
161 229 787 266 825 marker
161 102 790 158 843 id_point
162 229 788 267 826 marker
162 107 785 162 842 id_point
163 229 788 266 826 marker
163 107 784 163 836 id_point
164 228 788 266 826 marker
164 107 783 163 838 id_point
165 228 789 267 826 marker
165 107 785 163 839 id_point
166 107 785 162 839 id_point
167 117 782 172 837 id_point
168 121 780 177 835 id_point
169 173 811 231 868 id_point
170 178 814 232 870 id_point
170 294 784 335 822 marker
171 293 783 335 822 marker
171 221 825 278 879 id_point
172 293 783 334 822 marker
172 216 817 274 872 id_point
173 294 783 335 822 marker
173 214 823 271 878 id_point
174 294 784 335 822 marker
174 215 824 273 878 id_point
175 294 784 335 822 marker
175 212 825 272 879 id_point
176 294 784 335 823 marker
176 212 827 276 880 id_point
177 294 785 335 823 marker
177 215 826 274 879 id_point
178 294 785 335 824 marker
178 212 824 270 879 id_point
179 212 823 270 879 id_point
181 243 831 298 884 id_point
182 244 829 297 882 id_point
183 361 782 399 820 marker
183 312 850 364 902 id_point
184 360 782 398 820 marker
184 346 872 397 923 id_point
185 361 782 399 820 marker
185 342 866 401 921 id_point
186 344 867 399 920 id_point
186 360 781 398 820 marker
187 360 782 398 820 marker
187 343 868 398 920 id_point
188 343 866 400 919 id_point
188 360 782 398 820 marker
189 347 871 401 923 id_point
189 360 782 398 821 marker
190 348 875 401 928 id_point
190 361 782 398 821 marker
191 360 782 398 821 marker
191 342 873 398 926 id_point
192 360 783 398 821 marker
192 347 872 401 925 id_point
193 346 866 402 918 id_point
194 380 878 434 932 id_point
195 382 878 436 931 id_point
196 422 777 462 817 marker
196 460 926 516 981 id_point
197 422 777 462 817 marker
197 529 965 585 1015 id_point
198 421 776 462 818 marker
198 525 943 582 999 id_point
199 421 776 462 817 marker
200 422 776 461 816 marker
200 520 936 578 997 id_point
200 549 987 597 1031 marker
201 422 776 461 816 marker
201 516 932 572 986 id_point
202 422 776 461 816 marker
202 516 930 572 985 id_point
203 421 776 461 816 marker
203 517 937 577 993 id_point
204 421 776 461 817 marker
204 518 935 577 991 id_point
205 422 777 461 816 marker
205 523 936 580 991 id_point
206 422 777 461 816 marker
208 530 959 586 1007 id_point
209 524 959 580 1006 id_point
211 233 853 270 888 marker
211 128 930 174 980 id_point
212 233 853 270 888 marker
212 129 895 186 953 id_point
213 233 853 270 888 marker
213 128 897 183 954 id_point
214 233 852 270 887 marker
214 130 895 186 950 id_point
215 233 852 270 887 marker
215 130 896 186 952 id_point
216 233 852 270 887 marker
216 131 895 187 951 id_point
217 233 851 270 887 marker
217 130 896 187 954 id_point
218 233 851 270 887 marker
218 139 893 184 936 id_point
219 233 852 270 887 marker
219 132 887 189 940 id_point
220 233 852 270 887 marker
220 137 888 191 943 id_point
221 140 898 197 951 id_point
222 140 899 196 952 id_point
223 164 901 220 957 id_point
224 167 900 224 957 id_point
225 296 848 337 886 marker
225 231 934 289 989 id_point
226 296 848 337 886 marker
226 245 936 297 987 id_point
227 296 848 337 887 marker
227 248 939 300 991 id_point
228 296 848 337 887 marker
228 247 941 299 993 id_point
229 296 848 337 886 marker
229 251 942 301 994 id_point
230 295 847 336 885 marker
230 225 932 286 985 id_point
231 294 846 335 885 marker
231 224 931 281 985 id_point
232 294 847 336 885 marker
232 223 934 280 988 id_point
233 294 846 336 885 marker
233 227 932 282 987 id_point
234 228 928 286 980 id_point
235 245 924 296 976 id_point
236 263 931 315 984 id_point
238 352 977 404 1031 id_point
238 360 845 398 883 marker
239 360 845 399 883 marker
239 351 968 406 1022 id_point
240 360 845 399 883 marker
240 352 967 407 1023 id_point
241 359 846 398 883 marker
241 357 979 405 1031 id_point
242 360 845 399 883 marker
242 351 978 405 1033 id_point
243 360 845 398 883 marker
243 352 974 405 1030 id_point
244 360 845 398 883 marker
244 352 974 405 1029 id_point
245 360 845 398 883 marker
245 350 966 404 1018 id_point
246 359 844 398 882 marker
246 349 967 402 1021 id_point
247 347 968 401 1020 id_point
248 351 963 404 1017 id_point
249 368 975 420 1031 id_point
251 421 839 461 877 marker
251 425 1014 477 1063 id_point
252 422 840 461 878 marker
252 473 1022 524 1073 id_point
253 422 840 461 878 marker
253 471 1013 524 1065 id_point
254 423 841 461 878 marker
254 469 1018 523 1064 id_point
255 422 840 461 878 marker
255 475 1025 528 1079 id_point
255 643 1068 687 1112 marker
256 422 840 461 878 marker
256 479 1029 520 1071 id_point
257 422 840 461 878 marker
258 422 839 461 878 marker
258 654 1099 700 1146 id_point
259 422 839 461 878 marker
260 422 838 461 877 marker
261 481 1034 534 1083 id_point
261 421 838 461 876 marker
262 476 1035 530 1084 id_point
264 162 982 220 1037 id_point
265 169 981 226 1036 id_point
266 168 982 224 1036 id_point
266 332 938 362 970 marker
266 289 863 317 906 marker
266 390 726 435 781 id_point
267 331 937 362 970 marker
267 289 863 317 906 marker
267 385 720 425 778 id_point
268 331 939 363 971 marker
268 386 715 453 775 id_point
268 288 862 318 906 marker
268 154 646 203 699 id_point
269 144 598 202 653 id_point
269 330 937 362 970 marker
270 143 593 201 647 id_point
270 331 938 363 970 marker
270 392 718 445 780 id_point
270 288 860 318 904 marker
271 143 584 199 639 id_point
271 330 936 362 969 marker
271 287 861 317 905 marker
272 143 584 201 639 id_point
272 330 938 361 970 marker
272 286 863 317 905 marker
273 285 860 318 905 marker
273 329 937 360 969 marker
