0 210 612 266 670 id_point
1 465 598 523 655 id_point
2 476 604 533 662 id_point
3 240 628 294 684 id_point
4 212 618 287 679 id_point
5 210 615 264 671 id_point
6 230 688 284 739 id_point
7 228 687 284 738 id_point
8 244 644 296 694 id_point
9 241 646 293 697 id_point
10 204 615 260 667 id_point
11 200 608 256 661 id_point
12 192 606 248 662 id_point
13 186 606 243 658 id_point
14 192 605 247 661 id_point
15 194 605 249 659 id_point
16 195 606 250 660 id_point
17 192 604 249 661 id_point
18 192 605 247 659 id_point
19 195 605 252 659 id_point
20 203 605 258 657 id_point
21 206 602 259 658 id_point
22 201 604 259 667 id_point
23 204 603 261 667 id_point
24 237 660 275 700 marker
24 202 604 256 655 id_point
25 238 661 275 702 marker
25 203 604 255 659 id_point
26 238 660 275 701 marker
26 201 604 254 657 id_point
27 237 660 277 700 marker
27 200 605 253 659 id_point
28 238 661 277 701 marker
28 197 604 251 659 id_point
29 237 661 276 700 marker
29 197 602 253 661 id_point
30 238 661 276 701 marker
30 199 605 253 658 id_point
31 237 661 276 701 marker
31 199 605 253 657 id_point
32 237 661 277 701 marker
32 199 603 254 656 id_point
33 237 661 277 700 marker
33 198 604 254 655 id_point
34 198 605 252 657 id_point
35 235 597 288 651 id_point
36 234 597 288 652 id_point
37 236 597 289 652 id_point
38 431 655 471 693 marker
38 242 601 282 641 id_point
39 432 654 468 694 marker
39 427 602 482 656 id_point
40 433 654 470 693 marker
40 438 598 493 653 id_point
41 433 655 470 693 marker
41 438 597 492 655 id_point
42 433 655 470 693 marker
42 440 597 491 653 id_point
43 433 655 470 694 marker
43 441 597 496 652 id_point
44 433 655 470 693 marker
44 437 598 492 653 id_point
45 434 655 470 694 marker
45 436 599 492 655 id_point
46 434 655 470 694 marker
46 437 598 490 653 id_point
47 438 598 491 653 id_point
48 434 597 490 652 id_point
49 434 598 486 653 id_point
50 197 793 253 850 id_point
51 245 857 284 893 marker
51 201 794 244 839 id_point
52 248 859 284 894 marker
52 211 886 272 940 id_point
53 247 858 284 893 marker
53 208 887 267 944 id_point
54 248 858 285 894 marker
54 209 887 267 942 id_point
55 247 860 284 895 marker
55 213 885 271 939 id_point
56 247 861 285 896 marker
56 214 881 272 939 id_point
57 247 861 285 895 marker
57 216 876 273 940 id_point
58 247 861 285 895 marker
58 215 881 272 938 id_point
59 247 861 285 896 marker
59 213 879 271 938 id_point
60 216 883 272 939 id_point
61 215 887 272 940 id_point
62 244 889 301 943 id_point
63 244 886 300 941 id_point
64 403 868 458 922 id_point
65 446 884 500 940 id_point
65 437 845 474 880 marker
66 453 885 506 939 id_point
66 436 844 474 881 marker
67 436 844 474 881 marker
67 454 886 507 943 id_point
68 436 845 474 881 marker
68 451 885 507 938 id_point
69 452 885 505 939 id_point
69 436 845 474 880 marker
70 451 886 506 940 id_point
70 437 846 474 881 marker
71 450 885 505 939 id_point
71 436 845 475 881 marker
72 437 846 475 881 marker
72 450 884 503 940 id_point
73 436 846 475 881 marker
73 449 885 505 939 id_point
74 451 884 504 935 id_point
74 436 845 475 881 marker
75 449 881 506 937 id_point
77 235 736 292 792 id_point
78 245 691 292 736 id_point
79 213 593 269 649 id_point
79 346 943 378 974 marker
79 303 867 334 907 marker
80 216 592 270 646 id_point
80 346 942 378 974 marker
80 303 866 333 907 marker
81 229 668 280 723 id_point
81 346 943 375 973 marker
81 303 867 333 907 marker
82 232 661 282 714 id_point
82 345 943 376 974 marker
82 302 867 333 908 marker
83 222 654 278 710 id_point
83 302 867 333 908 marker
83 345 943 375 974 marker
84 215 640 272 696 id_point
84 346 942 376 974 marker
84 302 866 333 908 marker
