0 67 238 120 295 id_point
1 193 610 248 664 id_point
2 228 599 285 654 id_point
3 228 590 280 645 id_point
4 223 591 276 642 id_point
5 219 581 275 634 id_point
6 221 587 273 639 id_point
7 220 586 272 640 id_point
8 222 584 276 636 id_point
9 53 255 109 312 id_point
10 55 232 110 289 id_point
11 61 237 103 282 id_point
12 234 602 289 656 id_point
13 233 590 287 644 id_point
14 226 585 278 637 id_point
15 224 580 277 632 id_point
16 225 581 277 634 id_point
17 222 582 277 636 id_point
18 222 582 278 634 id_point
19 224 584 277 637 id_point
20 225 585 277 638 id_point
21 225 582 278 636 id_point
22 225 583 280 636 id_point
23 223 585 279 636 id_point
24 225 586 277 638 id_point
25 225 587 277 637 id_point
26 61 420 99 459 marker
26 223 587 276 638 id_point
27 62 419 98 459 marker
27 51 360 101 450 id_point
28 63 417 98 458 marker
28 42 352 97 408 id_point
29 62 417 98 457 marker
29 47 353 97 409 id_point
30 62 417 97 457 marker
30 46 351 96 406 id_point
31 62 416 98 454 marker
31 43 351 95 406 id_point
32 62 414 97 455 marker
32 40 349 94 410 id_point
33 62 414 97 454 marker
33 47 356 96 410 id_point
34 62 414 98 454 marker
34 48 356 97 412 id_point
35 62 415 97 456 marker
35 50 351 100 420 id_point
36 45 356 98 409 id_point
37 53 351 104 405 id_point
38 53 346 110 403 id_point
39 123 415 162 453 marker
39 53 346 108 401 id_point
40 124 414 162 453 marker
40 119 348 173 402 id_point
41 123 415 162 453 marker
41 106 346 156 398 id_point
42 122 416 162 454 marker
42 105 348 157 401 id_point
43 123 416 162 454 marker
43 104 349 155 401 id_point
44 123 415 161 453 marker
44 104 344 156 399 id_point
45 123 415 161 453 marker
45 105 345 157 398 id_point
46 123 415 161 453 marker
46 103 342 156 397 id_point
47 123 415 160 452 marker
47 102 343 154 398 id_point
48 123 415 160 452 marker
48 104 345 156 400 id_point
49 107 347 157 399 id_point
50 108 348 158 399 id_point
51 108 347 159 399 id_point
52 186 413 226 453 marker
52 162 341 216 395 id_point
53 186 415 225 452 marker
53 169 342 224 396 id_point
54 186 415 225 453 marker
54 172 342 225 397 id_point
55 187 416 226 453 marker
55 166 340 222 393 id_point
56 186 414 225 453 marker
56 166 338 221 392 id_point
57 186 415 225 453 marker
57 168 337 220 389 id_point
58 186 414 225 452 marker
58 166 339 220 390 id_point
59 186 415 225 452 marker
59 166 340 220 391 id_point
60 185 414 225 452 marker
60 168 341 222 395 id_point
61 185 413 224 452 marker
61 165 342 221 393 id_point
62 165 342 219 394 id_point
63 166 342 222 395 id_point
64 167 340 223 394 id_point
65 169 342 223 396 id_point
66 253 411 294 450 marker
66 220 340 277 393 id_point
67 253 412 294 452 marker
67 235 342 288 397 id_point
68 253 412 294 452 marker
68 234 340 288 395 id_point
69 252 413 294 452 marker
69 234 341 286 395 id_point
70 252 412 294 453 marker
70 234 342 288 397 id_point
71 252 413 293 452 marker
71 234 341 285 395 id_point
72 253 413 293 452 marker
72 234 341 285 393 id_point
73 251 412 294 452 marker
73 235 342 288 397 id_point
74 252 413 292 451 marker
74 233 340 287 395 id_point
75 236 342 288 396 id_point
76 232 351 284 406 id_point
77 142 399 190 446 id_point
78 37 442 99 501 id_point
79 57 480 97 520 marker
79 34 430 87 486 id_point
80 59 481 97 520 marker
80 32 431 86 486 id_point
81 58 482 97 521 marker
81 34 430 86 483 id_point
82 58 481 97 521 marker
82 34 429 85 483 id_point
83 58 482 97 521 marker
83 33 431 87 486 id_point
84 58 482 97 521 marker
84 34 431 88 485 id_point
85 58 484 96 521 marker
85 34 433 90 485 id_point
86 58 484 97 520 marker
86 33 434 89 488 id_point
87 32 436 88 492 id_point
88 37 433 92 487 id_point
88 41 481 67 520 marker
89 47 430 101 483 id_point
90 99 417 153 470 id_point
91 120 479 161 519 marker
91 96 418 152 471 id_point
92 120 479 160 518 marker
92 94 422 150 475 id_point
93 120 479 161 518 marker
93 95 421 150 475 id_point
94 120 479 161 517 marker
94 93 422 147 475 id_point
95 120 479 161 518 marker
95 95 424 148 480 id_point
96 121 480 160 519 marker
96 96 425 148 478 id_point
97 120 480 160 519 marker
97 97 426 149 480 id_point
98 120 480 160 519 marker
98 100 426 151 480 id_point
99 121 480 161 519 marker
99 100 425 153 480 id_point
100 100 426 152 481 id_point
101 100 427 153 480 id_point
102 102 423 156 477 id_point
103 138 417 193 470 id_point
104 185 474 227 514 marker
104 144 419 199 475 id_point
105 184 476 225 515 marker
105 169 418 223 472 id_point
106 185 475 227 515 marker
106 165 419 221 473 id_point
107 186 477 226 517 marker
107 163 419 219 473 id_point
108 186 477 226 516 marker
108 162 419 216 473 id_point
109 185 476 226 516 marker
109 159 418 214 472 id_point
110 185 476 227 516 marker
110 162 419 215 473 id_point
111 185 477 226 517 marker
111 161 420 217 474 id_point
112 186 477 226 517 marker
112 161 419 216 474 id_point
113 186 478 226 516 marker
113 160 417 214 473 id_point
114 158 417 214 472 id_point
115 160 418 215 473 id_point
116 162 419 217 474 id_point
117 204 417 264 470 id_point
117 254 475 293 515 marker
118 254 474 294 515 marker
118 230 418 285 474 id_point
119 254 474 294 515 marker
119 230 418 284 470 id_point
120 253 474 294 516 marker
120 230 415 286 469 id_point
121 254 474 294 516 marker
121 232 416 286 471 id_point
122 253 475 293 517 marker
122 229 417 285 472 id_point
123 254 474 294 516 marker
123 230 415 285 470 id_point
124 254 475 293 516 marker
124 230 415 284 470 id_point
125 254 476 294 517 marker
125 230 418 285 473 id_point
126 231 418 285 471 id_point
128 202 440 259 493 id_point
129 26 504 84 557 id_point
130 57 545 95 587 marker
130 25 511 85 566 id_point
131 59 545 95 588 marker
131 24 511 75 563 id_point
132 57 544 94 588 marker
132 24 512 76 561 id_point
133 58 544 94 587 marker
133 21 511 75 563 id_point
134 56 543 94 586 marker
134 22 512 74 561 id_point
135 56 543 94 585 marker
135 23 510 75 559 id_point
136 55 543 93 586 marker
136 23 512 75 560 id_point
137 56 544 94 587 marker
137 22 512 78 564 id_point
138 57 543 94 587 marker
138 23 512 76 562 id_point
139 22 509 76 561 id_point
140 28 508 81 563 id_point
141 39 507 95 562 id_point
142 83 505 137 559 id_point
143 119 545 159 584 marker
143 87 505 141 559 id_point
144 119 546 159 585 marker
144 89 503 141 559 id_point
145 118 545 159 585 marker
145 88 503 143 556 id_point
146 119 545 159 584 marker
146 87 503 141 559 id_point
147 118 545 159 585 marker
147 87 503 141 557 id_point
148 118 545 159 585 marker
148 88 503 141 558 id_point
149 118 545 159 585 marker
149 88 502 142 557 id_point
150 119 545 158 585 marker
150 88 505 144 559 id_point
151 118 545 158 585 marker
151 89 503 142 559 id_point
152 118 544 158 585 marker
152 89 505 143 559 id_point
153 90 505 141 559 id_point
154 88 505 142 557 id_point
155 89 505 143 558 id_point
156 130 510 186 563 id_point
157 184 543 225 585 marker
157 137 506 198 562 id_point
158 184 544 225 585 marker
158 153 504 209 563 id_point
159 184 542 225 584 marker
159 154 504 209 559 id_point
160 184 543 225 585 marker
160 150 504 205 560 id_point
161 185 544 225 585 marker
161 153 502 206 556 id_point
162 185 544 224 585 marker
162 152 502 207 558 id_point
163 184 543 224 585 marker
163 151 503 205 559 id_point
164 183 544 224 585 marker
164 151 500 205 556 id_point
165 183 543 224 586 marker
165 151 501 205 556 id_point
166 150 501 203 555 id_point
167 151 502 205 556 id_point
168 151 502 208 557 id_point
169 155 502 208 556 id_point
170 252 542 292 584 marker
170 214 502 269 553 id_point
171 254 542 291 585 marker
171 223 501 280 554 id_point
172 253 541 291 584 marker
172 225 500 281 555 id_point
173 253 542 291 585 marker
173 224 500 280 554 id_point
174 253 542 291 585 marker
174 224 502 280 557 id_point
175 253 541 291 585 marker
175 223 501 279 555 id_point
176 253 542 291 585 marker
176 223 501 279 554 id_point
177 253 542 291 584 marker
177 224 500 278 554 id_point
178 253 542 292 584 marker
178 224 499 280 553 id_point
179 223 498 278 552 id_point
180 220 504 277 558 id_point
181 19 582 60 636 id_point
182 9 597 63 649 id_point
183 58 610 94 653 marker
183 17 597 74 643 id_point
184 58 610 94 654 marker
184 19 596 79 644 id_point
185 59 612 94 654 marker
185 23 593 77 640 id_point
186 59 612 94 654 marker
186 24 598 79 642 id_point
187 62 614 93 652 marker
187 25 597 79 641 id_point
188 61 614 93 654 marker
188 24 597 75 644 id_point
189 60 615 93 654 marker
189 25 598 75 644 id_point
190 61 615 93 652 marker
190 25 599 76 646 id_point
191 61 615 95 655 marker
191 26 597 80 646 id_point
192 24 595 75 645 id_point
193 31 595 87 648 id_point
194 37 594 98 645 id_point
195 121 610 160 655 marker
195 88 590 146 641 id_point
196 121 611 161 654 marker
196 89 596 145 644 id_point
197 122 611 160 655 marker
197 88 594 144 644 id_point
198 122 611 161 656 marker
198 86 593 143 644 id_point
199 122 611 160 655 marker
199 87 592 144 642 id_point
200 122 613 159 656 marker
200 90 593 145 643 id_point
201 122 614 161 656 marker
201 89 593 144 645 id_point
202 121 613 160 656 marker
202 87 593 144 644 id_point
203 121 613 159 656 marker
203 89 597 142 646 id_point
204 88 594 140 647 id_point
205 87 593 141 646 id_point
206 88 591 142 644 id_point
207 141 588 195 640 id_point
208 186 611 224 654 marker
208 145 587 203 641 id_point
209 187 611 226 654 marker
209 154 592 212 644 id_point
210 185 610 225 654 marker
210 153 593 209 643 id_point
211 185 610 226 654 marker
211 152 594 210 644 id_point
212 186 611 225 654 marker
212 151 593 209 643 id_point
213 187 612 225 656 marker
213 149 595 208 642 id_point
214 186 611 225 654 marker
214 150 594 211 644 id_point
215 186 612 225 655 marker
215 151 591 209 643 id_point
216 187 612 226 656 marker
216 152 594 210 644 id_point
217 151 590 207 642 id_point
218 150 591 206 645 id_point
219 150 590 206 644 id_point
220 181 596 236 649 id_point
221 253 609 290 651 marker
221 210 595 268 643 id_point
222 253 609 289 651 marker
222 222 592 277 642 id_point
223 255 610 290 650 marker
223 223 591 275 643 id_point
224 253 610 292 650 marker
224 221 591 276 642 id_point
225 253 611 290 653 marker
225 223 595 275 642 id_point
226 252 611 291 652 marker
226 221 591 275 642 id_point
227 252 612 290 653 marker
227 222 593 276 645 id_point
228 254 611 290 654 marker
228 221 592 274 642 id_point
229 254 611 289 654 marker
229 220 593 276 643 id_point
230 221 591 273 643 id_point
231 219 591 273 643 id_point
232 221 588 273 643 id_point
233 221 584 273 637 id_point
234 219 587 277 640 id_point
234 142 572 173 608 marker
235 231 601 287 654 id_point
235 147 574 179 610 marker
236 239 598 295 651 id_point
236 114 486 144 532 marker
236 198 486 244 526 id_point
237 258 602 313 652 id_point
237 164 577 197 613 marker
237 204 488 252 530 id_point
238 263 587 319 639 id_point
238 203 486 249 526 id_point
238 159 574 189 610 marker
239 267 562 324 616 id_point
239 169 575 202 611 marker
239 231 352 268 407 id_point
240 170 572 203 608 marker
241 243 571 300 625 id_point
241 172 560 205 597 marker
241 214 471 261 512 id_point
242 167 561 199 598 marker
242 211 473 256 514 id_point
