0 103 258 155 314 id_point
1 104 260 158 316 id_point
2 103 277 156 329 id_point
3 218 558 272 621 id_point
4 251 584 308 638 id_point
5 244 589 297 641 id_point
6 105 292 158 346 id_point
7 105 282 157 336 id_point
8 104 285 155 338 id_point
9 103 285 154 338 id_point
10 103 286 154 338 id_point
11 104 278 156 333 id_point
12 111 270 161 324 id_point
13 225 559 279 614 id_point
14 254 584 308 637 id_point
15 241 587 292 637 id_point
16 236 587 289 640 id_point
17 238 586 289 637 id_point
18 235 582 288 633 id_point
19 236 584 288 636 id_point
20 237 584 290 638 id_point
21 235 587 291 643 id_point
22 238 589 291 641 id_point
23 103 254 157 314 id_point
24 99 256 155 311 id_point
25 245 594 299 647 id_point
26 236 589 290 642 id_point
27 233 589 289 643 id_point
28 233 589 290 643 id_point
29 68 420 106 459 marker
29 237 585 290 639 id_point
30 70 419 106 457 marker
30 67 368 121 419 id_point
31 70 419 107 455 marker
31 76 365 128 416 id_point
32 68 419 106 456 marker
32 76 364 128 417 id_point
33 69 419 106 455 marker
33 76 364 129 417 id_point
34 68 417 105 455 marker
34 74 366 127 417 id_point
35 68 420 106 456 marker
35 76 366 128 418 id_point
36 69 420 106 457 marker
36 74 369 127 422 id_point
37 69 421 106 459 marker
37 76 371 129 424 id_point
38 78 372 130 424 id_point
39 78 370 131 423 id_point
40 78 372 132 425 id_point
41 80 372 133 425 id_point
42 158 363 212 416 id_point
42 162 415 199 455 marker
43 163 415 199 454 marker
43 160 362 215 413 id_point
44 157 361 212 413 id_point
44 163 415 199 454 marker
45 163 415 199 454 marker
45 157 359 211 412 id_point
46 162 414 199 453 marker
46 155 359 210 410 id_point
47 153 359 208 411 id_point
47 162 415 199 453 marker
48 156 359 211 412 id_point
48 161 414 199 453 marker
49 161 414 199 452 marker
49 155 359 210 413 id_point
50 161 414 198 453 marker
50 156 359 210 410 id_point
51 157 359 211 414 id_point
52 158 362 211 413 id_point
53 158 362 212 413 id_point
54 159 360 214 415 id_point
55 258 413 301 452 marker
55 211 355 267 408 id_point
56 261 414 300 453 marker
56 240 357 292 412 id_point
57 260 415 300 453 marker
57 239 353 293 407 id_point
58 260 414 300 453 marker
58 238 352 291 406 id_point
59 259 414 301 453 marker
59 241 350 294 405 id_point
60 259 414 301 452 marker
60 241 347 293 401 id_point
61 260 414 301 452 marker
61 241 348 292 403 id_point
62 259 414 300 452 marker
62 242 349 292 404 id_point
63 259 413 300 451 marker
63 241 349 292 405 id_point
64 260 413 300 452 marker
64 240 349 292 403 id_point
65 237 350 292 403 id_point
66 226 362 281 417 id_point
67 63 490 120 545 id_point
68 66 493 118 548 id_point
69 64 515 101 553 marker
69 67 472 118 522 id_point
70 66 515 102 552 marker
70 65 472 118 523 id_point
71 67 515 102 551 marker
71 65 473 118 525 id_point
72 66 474 119 526 id_point
72 68 516 103 552 marker
73 66 516 102 553 marker
73 69 473 120 526 id_point
74 68 518 102 552 marker
74 65 474 117 526 id_point
75 65 473 116 527 id_point
75 67 518 102 553 marker
76 62 474 115 527 id_point
76 67 518 101 552 marker
77 68 519 102 552 marker
77 64 475 116 528 id_point
78 67 474 117 528 id_point
79 72 471 124 523 id_point
80 81 470 132 523 id_point
81 84 474 126 519 id_point
82 160 513 200 550 marker
82 133 464 191 522 id_point
83 160 512 200 550 marker
83 139 462 193 519 id_point
84 142 463 195 517 id_point
84 161 512 200 550 marker
85 160 512 199 550 marker
85 141 464 194 518 id_point
86 159 512 201 551 marker
86 139 463 193 518 id_point
87 159 512 201 551 marker
87 139 464 193 518 id_point
88 159 512 201 551 marker
88 139 464 193 517 id_point
89 159 512 201 551 marker
89 140 464 194 518 id_point
90 159 512 200 551 marker
90 142 464 195 517 id_point
91 159 512 200 551 marker
91 142 464 195 518 id_point
92 140 465 195 518 id_point
93 152 463 208 516 id_point
94 154 459 211 518 id_point
95 210 464 264 514 id_point
96 258 508 299 548 marker
96 211 461 267 515 id_point
97 258 508 298 548 marker
97 228 455 285 507 id_point
98 258 508 299 548 marker
98 227 454 282 507 id_point
99 260 508 300 548 marker
99 227 453 281 504 id_point
100 261 508 301 548 marker
100 227 453 282 508 id_point
101 262 509 302 548 marker
101 229 454 283 509 id_point
102 262 508 302 548 marker
102 227 453 281 508 id_point
103 261 509 302 549 marker
103 227 455 282 508 id_point
104 261 508 302 549 marker
104 226 458 282 511 id_point
105 262 509 302 549 marker
105 226 459 281 511 id_point
106 226 458 281 511 id_point
107 134 512 183 550 marker
108 38 536 104 589 id_point
109 49 536 105 590 id_point
110 47 537 103 591 id_point
110 66 611 101 650 marker
111 51 578 103 642 id_point
111 65 607 102 653 marker
112 53 576 105 637 id_point
112 67 612 101 650 marker
113 50 576 104 637 id_point
113 65 609 102 651 marker
114 51 576 106 635 id_point
114 67 613 102 650 marker
115 66 611 102 653 marker
115 50 577 104 641 id_point
116 54 576 107 639 id_point
117 55 578 106 636 id_point
118 65 604 102 652 marker
118 52 580 106 640 id_point
119 52 579 105 639 id_point
119 64 602 104 651 marker
120 52 580 113 631 id_point
121 61 579 115 630 id_point
122 96 572 153 627 id_point
123 103 570 170 624 id_point
124 162 610 200 654 marker
124 126 572 186 629 id_point
125 163 609 201 653 marker
125 136 572 191 628 id_point
126 162 609 199 653 marker
126 135 573 192 637 id_point
127 161 609 199 653 marker
127 131 569 187 625 id_point
128 161 610 200 653 marker
128 131 570 186 625 id_point
129 160 608 200 651 marker
129 131 570 186 625 id_point
130 160 609 199 651 marker
130 132 567 187 621 id_point
131 160 609 199 651 marker
131 132 569 188 623 id_point
132 162 608 199 652 marker
132 133 571 189 625 id_point
133 161 609 200 652 marker
133 132 570 189 624 id_point
134 133 572 188 624 id_point
135 133 573 189 625 id_point
136 142 572 197 625 id_point
137 149 571 205 624 id_point
138 262 609 300 650 marker
138 220 575 272 626 id_point
139 261 608 299 650 marker
139 222 574 274 629 id_point
140 262 608 299 650 marker
140 222 577 274 631 id_point
141 262 608 299 650 marker
141 219 576 273 630 id_point
142 261 608 298 650 marker
142 220 575 272 630 id_point
143 262 607 298 650 marker
143 221 577 273 631 id_point
144 261 607 299 649 marker
144 221 577 269 629 id_point
145 259 607 298 649 marker
145 218 574 270 627 id_point
146 259 607 298 649 marker
146 221 575 270 628 id_point
147 258 607 297 649 marker
147 219 570 272 623 id_point
148 219 571 274 623 id_point
149 219 572 274 624 id_point
151 212 587 267 639 id_point
152 220 583 274 635 id_point
153 228 571 288 623 id_point
153 146 570 178 606 marker
154 232 571 289 624 id_point
154 192 482 238 523 id_point
154 147 569 178 605 marker
155 236 573 295 627 id_point
155 192 482 239 525 id_point
155 147 570 178 605 marker
156 145 571 179 608 marker
156 190 484 237 526 id_point
