0 349 585 404 647 id_point
1 353 547 410 606 id_point
2 357 545 413 603 id_point
3 356 543 412 601 id_point
4 358 541 413 600 id_point
5 358 542 411 600 id_point
6 358 542 412 600 id_point
7 357 541 412 601 id_point
9 125 223 179 275 id_point
10 39 238 89 297 id_point
11 2 256 56 308 id_point
12 312 644 367 696 id_point
13 387 573 441 627 id_point
14 388 572 443 629 id_point
15 388 566 443 626 id_point
16 325 551 380 605 id_point
17 293 533 351 588 id_point
18 286 517 346 573 id_point
19 275 521 331 575 id_point
20 274 524 330 578 id_point
21 273 522 330 577 id_point
22 271 521 328 576 id_point
23 270 528 325 584 id_point
24 268 531 323 587 id_point
25 266 529 322 586 id_point
26 268 528 320 581 id_point
27 267 526 323 584 id_point
28 268 527 324 584 id_point
29 269 530 325 586 id_point
30 270 528 326 583 id_point
31 272 528 326 584 id_point
32 275 533 329 587 id_point
33 275 533 331 588 id_point
34 275 533 331 588 id_point
35 275 532 330 587 id_point
36 275 532 329 587 id_point
37 272 535 326 589 id_point
38 272 533 326 586 id_point
39 271 533 326 587 id_point
40 272 534 326 588 id_point
41 273 533 327 592 id_point
42 272 533 327 587 id_point
43 269 533 325 589 id_point
44 270 533 325 586 id_point
45 269 533 325 588 id_point
46 270 531 325 586 id_point
47 271 534 324 588 id_point
48 271 533 326 587 id_point
48 136 339 178 379 marker
49 136 338 178 378 marker
49 272 532 327 586 id_point
50 77 281 131 337 id_point
50 134 339 180 378 marker
51 135 339 179 379 marker
51 73 279 128 335 id_point
52 135 339 180 378 marker
52 72 279 126 333 id_point
53 135 339 179 378 marker
53 71 277 125 334 id_point
54 71 278 123 334 id_point
54 135 339 179 379 marker
55 70 278 123 332 id_point
55 135 339 179 379 marker
56 71 280 124 335 id_point
56 134 339 179 378 marker
57 71 279 125 334 id_point
57 135 339 179 379 marker
58 69 280 124 335 id_point
59 69 281 123 336 id_point
60 233 284 289 338 id_point
61 235 283 291 338 id_point
62 205 335 251 377 marker
62 234 279 292 337 id_point
63 131 278 185 335 id_point
63 206 337 251 378 marker
64 206 337 250 377 marker
64 137 277 192 333 id_point
65 206 337 250 378 marker
65 139 276 195 330 id_point
66 206 338 251 378 marker
66 137 275 193 329 id_point
67 206 337 250 379 marker
67 136 275 192 329 id_point
68 206 337 250 378 marker
68 135 275 191 331 id_point
69 206 337 250 378 marker
69 137 275 191 333 id_point
70 206 337 250 378 marker
70 136 276 192 330 id_point
71 206 337 251 379 marker
71 137 278 191 334 id_point
72 137 277 193 333 id_point
73 143 253 199 307 id_point
74 161 245 216 299 id_point
75 161 247 216 302 id_point
76 164 247 219 302 id_point
77 275 336 321 377 marker
77 226 245 282 298 id_point
78 276 336 321 377 marker
78 219 246 273 299 id_point
79 275 337 321 378 marker
79 214 245 271 298 id_point
80 276 336 321 378 marker
80 215 247 261 295 id_point
81 276 337 321 378 marker
81 211 242 266 297 id_point
82 277 337 321 378 marker
82 213 242 268 296 id_point
83 276 337 321 378 marker
83 212 242 268 297 id_point
84 276 337 321 378 marker
84 212 241 268 296 id_point
85 276 337 321 378 marker
86 276 337 321 378 marker
86 210 240 266 293 id_point
87 210 241 266 296 id_point
88 210 242 265 298 id_point
89 236 237 291 291 id_point
90 238 240 292 293 id_point
91 348 339 391 379 marker
91 265 251 320 305 id_point
92 348 339 391 380 marker
92 295 245 351 301 id_point
93 348 340 391 380 marker
93 294 244 349 298 id_point
94 348 340 392 380 marker
94 292 241 347 296 id_point
95 348 340 391 381 marker
95 292 241 347 297 id_point
96 347 340 391 380 marker
96 292 242 347 296 id_point
97 348 340 392 380 marker
97 291 242 346 297 id_point
98 348 340 392 381 marker
98 292 240 347 296 id_point
99 349 340 392 381 marker
99 185 269 243 324 id_point
100 349 340 392 381 marker
100 186 269 243 324 id_point
101 349 340 393 382 marker
101 185 270 241 324 id_point
102 178 272 235 325 id_point
103 253 263 310 314 id_point
104 256 264 313 318 id_point
105 270 277 325 332 id_point
106 417 343 459 383 marker
106 387 274 441 329 id_point
107 417 344 459 384 marker
108 417 343 458 384 marker
109 417 343 458 384 marker
109 440 281 479 324 id_point
110 416 343 458 385 marker
110 443 279 497 332 id_point
111 434 273 489 330 id_point
111 418 342 463 384 marker
112 416 343 458 384 marker
112 452 279 488 323 id_point
113 418 342 462 384 marker
113 437 269 492 326 id_point
114 417 344 458 384 marker
114 405 267 458 320 id_point
115 403 264 456 317 id_point
116 409 276 451 322 id_point
117 384 336 440 389 id_point
118 401 345 442 389 marker
118 383 335 440 389 id_point
119 483 349 522 389 marker
120 483 347 523 388 marker
120 614 359 652 405 id_point
121 483 347 523 388 marker
122 483 347 523 388 marker
122 618 354 656 396 id_point
123 484 348 523 389 marker
124 561 331 613 386 id_point
124 484 349 523 389 marker
125 484 349 523 389 marker
125 569 338 622 391 id_point
126 484 349 523 389 marker
126 558 332 614 386 id_point
127 483 348 523 391 marker
127 537 326 594 380 id_point
128 484 351 521 388 marker
128 534 323 587 375 id_point
129 538 326 592 381 id_point
130 534 329 588 382 id_point
131 534 327 590 380 id_point
132 536 333 590 386 id_point
133 545 354 583 393 marker
133 630 389 684 445 id_point
134 545 354 582 393 marker
134 683 356 720 414 id_point
135 545 354 582 393 marker
136 546 354 582 393 marker
136 672 340 719 396 id_point
137 545 354 582 393 marker
137 677 344 720 401 id_point
138 545 354 582 393 marker
138 677 341 717 400 id_point
139 544 354 582 392 marker
140 545 353 582 394 marker
140 548 308 587 349 id_point
141 545 354 581 394 marker
141 522 298 560 338 id_point
142 544 355 582 393 marker
142 454 293 509 347 id_point
143 452 295 507 347 id_point
144 520 301 563 347 id_point
145 520 301 560 347 id_point
146 4 465 55 523 id_point
147 132 405 177 450 marker
148 9 379 62 432 id_point
148 133 405 177 449 marker
149 132 405 177 449 marker
149 10 378 63 431 id_point
150 132 404 177 449 marker
150 9 378 63 432 id_point
151 133 405 177 449 marker
151 9 378 63 431 id_point
152 132 404 177 449 marker
152 10 378 64 433 id_point
153 10 378 63 433 id_point
153 132 405 177 450 marker
154 132 406 177 450 marker
154 9 378 63 432 id_point
155 132 405 177 450 marker
155 8 378 61 432 id_point
156 9 378 62 433 id_point
156 132 405 177 450 marker
157 132 405 177 450 marker
157 9 380 63 434 id_point
158 10 384 63 438 id_point
159 15 388 59 435 id_point
160 85 373 141 429 id_point
161 74 371 130 425 id_point
162 73 372 127 425 id_point
163 205 403 251 447 marker
163 73 368 130 424 id_point
164 79 374 134 429 id_point
164 205 404 251 447 marker
165 81 374 135 429 id_point
165 206 403 251 447 marker
166 81 375 135 430 id_point
166 206 403 251 447 marker
167 206 403 251 447 marker
167 81 374 136 428 id_point
168 80 374 134 429 id_point
168 206 404 251 448 marker
169 206 403 252 447 marker
169 13 561 68 616 id_point
170 206 404 251 448 marker
170 81 359 135 412 id_point
171 206 404 252 448 marker
171 80 357 135 413 id_point
172 206 404 251 448 marker
172 80 358 134 412 id_point
173 79 359 135 412 id_point
174 11 557 66 613 id_point
175 22 536 75 590 id_point
176 23 535 76 589 id_point
177 38 556 82 604 id_point
178 278 402 324 446 marker
178 124 336 180 393 id_point
179 278 403 323 446 marker
180 278 403 325 446 marker
180 51 540 92 590 id_point
181 278 404 324 446 marker
182 278 403 324 446 marker
182 131 325 188 380 id_point
183 279 404 324 447 marker
183 132 323 188 378 id_point
184 278 403 324 446 marker
184 133 323 187 377 id_point
185 279 403 325 446 marker
185 131 320 187 374 id_point
186 277 404 323 448 marker
186 131 329 187 382 id_point
187 277 406 323 449 marker
187 4 483 55 535 id_point
188 4 482 52 536 id_point
189 5 482 53 534 id_point
190 49 463 106 518 id_point
191 94 517 149 574 id_point
192 346 408 391 453 marker
192 95 522 151 577 id_point
193 346 407 391 452 marker
193 133 493 189 551 id_point
194 346 407 391 450 marker
194 130 494 186 550 id_point
195 347 407 391 452 marker
195 129 489 186 547 id_point
196 347 407 392 452 marker
196 131 492 189 548 id_point
197 347 407 392 452 marker
197 132 489 190 544 id_point
198 347 407 391 452 marker
198 133 488 187 542 id_point
199 347 408 391 453 marker
199 130 483 189 539 id_point
200 348 407 392 451 marker
200 128 499 184 557 id_point
201 128 501 186 557 id_point
202 132 500 176 548 id_point
203 171 476 229 532 id_point
204 179 474 235 530 id_point
205 416 408 460 452 marker
206 416 409 460 452 marker
206 471 573 513 623 id_point
207 419 410 459 449 marker
208 416 410 459 452 marker
208 426 558 481 612 id_point
209 431 546 485 601 id_point
209 416 409 459 452 marker
210 418 410 460 453 marker
210 360 426 416 487 id_point
211 418 410 460 454 marker
211 359 434 416 487 id_point
212 416 409 459 453 marker
212 358 443 414 497 id_point
213 416 409 460 453 marker
213 357 444 413 497 id_point
214 418 410 460 453 marker
214 363 439 417 492 id_point
215 363 447 416 502 id_point
218 312 327 369 379 id_point
219 486 412 526 454 marker
219 312 320 367 374 id_point
220 486 412 526 454 marker
220 307 314 361 369 id_point
221 486 411 526 455 marker
221 561 445 603 494 id_point
222 485 412 527 455 marker
223 485 413 525 455 marker
223 397 377 435 420 id_point
224 486 413 526 455 marker
224 406 374 445 419 id_point
225 486 413 525 455 marker
225 397 375 436 418 id_point
226 485 413 525 456 marker
226 413 344 468 399 id_point
227 485 413 525 455 marker
227 417 350 462 396 id_point
228 485 414 525 456 marker
228 411 345 467 400 id_point
229 410 344 465 398 id_point
230 350 345 393 392 id_point
231 412 346 467 398 id_point
232 353 349 398 394 id_point
233 548 418 585 460 marker
233 405 355 444 398 id_point
234 547 418 584 459 marker
235 548 418 584 460 marker
236 548 419 584 460 marker
237 548 418 585 459 marker
238 548 418 584 460 marker
238 410 344 465 397 id_point
239 548 418 585 460 marker
240 548 419 584 460 marker
240 467 344 520 398 id_point
241 548 419 585 460 marker
241 467 345 520 401 id_point
242 548 418 584 460 marker
242 466 346 520 403 id_point
243 463 349 517 402 id_point
244 335 313 391 365 id_point
245 339 309 394 362 id_point
246 339 312 395 365 id_point
247 339 312 395 366 id_point
247 127 480 173 527 marker
248 55 374 113 429 id_point
248 128 481 174 526 marker
249 23 378 76 431 id_point
249 128 481 173 528 marker
250 15 378 71 434 id_point
250 128 481 173 528 marker
251 14 381 69 434 id_point
251 128 481 173 527 marker
252 14 382 68 437 id_point
252 128 481 173 527 marker
253 15 383 70 437 id_point
253 127 481 172 528 marker
254 16 384 71 438 id_point
254 128 481 173 528 marker
255 16 386 70 439 id_point
255 128 481 173 528 marker
256 17 386 71 441 id_point
256 127 482 172 528 marker
257 18 391 72 444 id_point
259 93 382 150 436 id_point
260 77 381 133 435 id_point
261 63 384 117 438 id_point
262 86 380 140 435 id_point
262 200 478 246 524 marker
263 69 382 122 436 id_point
263 200 478 246 525 marker
264 69 383 123 437 id_point
264 201 477 246 524 marker
265 71 381 123 435 id_point
265 200 478 247 524 marker
266 70 381 123 435 id_point
266 201 478 247 524 marker
267 71 383 123 438 id_point
267 202 478 247 525 marker
268 68 381 123 436 id_point
268 201 478 247 524 marker
269 69 380 123 434 id_point
269 201 478 247 524 marker
270 202 478 247 524 marker
270 70 383 123 441 id_point
271 69 381 124 434 id_point
271 201 478 248 524 marker
272 71 382 123 437 id_point
272 201 478 247 524 marker
273 69 382 123 437 id_point
274 68 383 123 438 id_point
275 87 375 142 431 id_point
276 93 376 146 433 id_point
277 105 381 160 435 id_point
278 275 476 322 523 marker
278 109 383 152 430 id_point
279 274 476 321 522 marker
279 132 456 186 511 id_point
280 133 455 189 510 id_point
280 274 476 321 522 marker
281 132 455 190 508 id_point
281 274 475 321 523 marker
282 133 453 188 511 id_point
282 275 477 322 523 marker
283 131 452 189 508 id_point
283 275 476 321 523 marker
284 132 452 189 507 id_point
284 275 477 322 523 marker
285 134 449 190 507 id_point
285 275 477 322 523 marker
286 275 476 322 523 marker
286 133 451 189 509 id_point
287 133 452 189 507 id_point
287 275 477 322 523 marker
288 139 454 195 508 id_point
289 172 445 229 497 id_point
290 174 445 232 499 id_point
291 208 454 262 508 id_point
291 351 477 396 523 marker
292 228 453 282 509 id_point
292 351 475 396 522 marker
293 226 453 281 509 id_point
293 351 476 396 522 marker
294 229 455 284 509 id_point
294 350 476 396 522 marker
295 229 454 285 508 id_point
295 350 476 395 522 marker
296 350 476 395 521 marker
296 227 453 282 508 id_point
297 226 458 282 511 id_point
297 351 476 395 522 marker
298 350 476 395 522 marker
298 228 455 282 512 id_point
299 228 455 283 509 id_point
299 350 476 395 522 marker
300 230 452 285 507 id_point
300 351 476 396 522 marker
301 228 455 283 510 id_point
302 230 457 287 512 id_point
303 232 457 289 509 id_point
304 236 458 279 507 id_point
305 283 464 340 517 id_point
305 421 477 465 522 marker
306 322 454 375 507 id_point
306 422 478 465 522 marker
307 421 478 465 522 marker
307 318 457 374 510 id_point
308 320 451 374 507 id_point
308 422 478 465 522 marker
309 322 454 376 509 id_point
309 421 478 465 522 marker
310 322 456 376 511 id_point
310 422 477 465 522 marker
311 324 446 379 501 id_point
311 421 477 465 522 marker
312 421 478 465 522 marker
312 324 448 380 503 id_point
313 321 454 375 509 id_point
313 421 477 464 522 marker
314 321 458 375 513 id_point
314 422 478 465 522 marker
315 320 457 376 512 id_point
316 321 458 375 513 id_point
317 325 456 379 510 id_point
318 326 457 380 510 id_point
319 490 479 532 523 marker
319 422 457 477 510 id_point
320 491 478 532 523 marker
320 423 457 478 510 id_point
321 417 460 470 513 id_point
321 491 479 532 523 marker
322 412 455 468 511 id_point
322 490 479 532 523 marker
323 409 452 468 507 id_point
323 490 479 533 523 marker
324 410 452 465 506 id_point
324 491 478 533 523 marker
325 413 455 468 511 id_point
325 490 479 532 523 marker
326 410 458 465 513 id_point
326 490 479 532 523 marker
327 490 477 530 522 marker
328 491 476 530 522 marker
329 296 433 338 479 id_point
330 310 457 354 506 id_point
333 555 481 593 524 marker
334 554 482 593 525 marker
335 555 482 592 524 marker
336 555 482 593 525 marker
336 458 446 498 490 id_point
337 555 481 592 524 marker
337 620 551 660 598 id_point
338 555 481 592 524 marker
338 627 566 666 612 id_point
339 555 481 594 525 marker
339 614 543 667 597 id_point
340 555 481 592 519 marker
341 555 481 592 524 marker
341 604 534 659 588 id_point
342 555 481 593 524 marker
342 621 550 662 598 id_point
343 456 453 496 498 id_point
345 27 543 81 597 id_point
346 1 601 36 656 id_point
347 125 553 172 601 marker
348 3 553 51 607 id_point
348 126 554 172 601 marker
349 3 554 50 607 id_point
349 126 554 172 601 marker
350 5 556 54 609 id_point
350 126 553 172 600 marker
351 4 555 54 609 id_point
351 127 553 172 601 marker
352 4 556 55 610 id_point
352 127 553 172 601 marker
353 5 559 57 612 id_point
353 126 553 171 601 marker
354 5 559 56 613 id_point
354 126 554 172 601 marker
355 5 559 56 613 id_point
355 126 554 172 601 marker
356 5 559 56 612 id_point
356 126 554 172 601 marker
357 4 559 55 613 id_point
357 125 553 172 601 marker
358 5 559 56 613 id_point
358 125 553 172 601 marker
359 5 558 56 612 id_point
360 7 558 61 613 id_point
361 24 556 78 611 id_point
362 50 558 104 615 id_point
363 201 550 247 597 marker
363 53 561 97 611 id_point
364 201 550 248 598 marker
364 77 554 132 609 id_point
365 202 550 248 597 marker
365 79 552 132 608 id_point
366 79 547 134 602 id_point
366 201 550 247 598 marker
367 79 550 134 605 id_point
367 202 552 247 599 marker
368 202 551 247 598 marker
368 75 549 131 604 id_point
369 201 551 246 598 marker
369 76 547 131 603 id_point
370 76 547 131 601 id_point
370 201 551 246 598 marker
371 75 549 130 605 id_point
371 201 551 246 598 marker
372 75 551 130 605 id_point
372 201 551 246 598 marker
373 73 546 128 601 id_point
373 200 551 246 598 marker
374 73 552 128 607 id_point
375 73 549 130 606 id_point
376 120 533 174 587 id_point
377 124 529 179 586 id_point
378 116 571 172 627 id_point
379 119 573 175 627 id_point
379 276 550 322 597 marker
380 118 570 173 625 id_point
380 275 550 321 597 marker
381 275 550 322 597 marker
381 116 571 170 628 id_point
382 120 572 175 627 id_point
382 276 550 321 597 marker
383 123 570 176 626 id_point
383 276 550 322 597 marker
384 122 571 176 625 id_point
384 276 550 322 597 marker
385 122 571 176 625 id_point
385 276 550 321 596 marker
386 119 572 175 626 id_point
386 275 550 322 597 marker
387 119 571 173 626 id_point
387 276 550 322 597 marker
388 120 569 175 624 id_point
389 121 572 176 626 id_point
390 124 568 180 624 id_point
391 191 576 245 630 id_point
392 192 576 244 630 id_point
392 353 548 398 595 marker
393 220 573 277 628 id_point
393 352 549 398 595 marker
394 352 549 397 595 marker
394 223 570 280 627 id_point
395 352 549 397 595 marker
395 222 571 280 626 id_point
396 352 549 397 596 marker
396 223 570 280 626 id_point
397 352 549 397 595 marker
397 226 569 281 623 id_point
398 352 549 399 595 marker
398 224 568 280 625 id_point
399 353 550 399 596 marker
399 227 565 283 622 id_point
400 226 567 283 621 id_point
400 354 549 399 595 marker
401 353 550 399 596 marker
401 227 567 283 622 id_point
402 228 568 284 623 id_point
403 230 567 285 624 id_point
404 298 565 352 618 id_point
405 352 566 409 621 id_point
406 426 548 469 596 marker
406 349 558 405 615 id_point
407 426 548 469 594 marker
407 335 558 391 613 id_point
408 426 548 469 595 marker
408 331 555 388 612 id_point
409 425 548 469 594 marker
409 331 561 388 616 id_point
410 425 548 469 594 marker
410 328 560 386 614 id_point
411 425 548 468 594 marker
411 329 559 385 614 id_point
412 424 548 468 594 marker
412 328 557 385 613 id_point
413 425 547 468 595 marker
413 330 557 386 611 id_point
414 425 548 468 594 marker
414 327 560 384 615 id_point
415 425 548 469 594 marker
415 327 560 385 615 id_point
416 331 561 386 615 id_point
417 330 561 386 615 id_point
418 401 561 455 615 id_point
419 408 554 461 609 id_point
420 495 547 537 593 marker
420 437 559 494 614 id_point
421 496 547 536 593 marker
421 434 560 492 613 id_point
422 496 547 537 593 marker
422 433 559 491 615 id_point
423 496 548 537 594 marker
423 431 560 487 617 id_point
424 495 548 536 593 marker
424 418 556 474 609 id_point
425 494 548 536 592 marker
425 417 552 474 607 id_point
426 494 548 536 593 marker
426 419 553 476 608 id_point
427 494 547 535 592 marker
427 420 552 477 607 id_point
428 494 548 536 593 marker
428 419 551 476 607 id_point
429 494 548 536 593 marker
429 422 551 478 606 id_point
430 418 552 474 608 id_point
431 445 543 506 599 id_point
432 450 543 507 597 id_point
433 519 555 573 609 id_point
434 561 547 597 594 marker
434 517 550 573 604 id_point
435 559 548 598 592 marker
435 505 557 560 609 id_point
436 559 548 598 592 marker
436 506 557 561 609 id_point
437 559 548 598 593 marker
437 505 556 559 608 id_point
438 558 548 598 592 marker
438 492 550 548 605 id_point
439 558 548 598 592 marker
439 493 546 549 601 id_point
440 559 548 598 591 marker
440 490 550 547 605 id_point
441 559 548 598 592 marker
441 490 549 547 604 id_point
442 558 548 597 592 marker
442 491 549 548 603 id_point
443 558 548 597 592 marker
443 492 546 548 601 id_point
444 491 547 547 602 id_point
445 492 551 549 604 id_point
446 489 549 549 606 id_point
447 492 548 550 603 id_point
448 129 629 172 676 marker
448 492 552 547 606 id_point
449 128 628 172 677 marker
450 128 627 173 676 marker
451 128 628 172 676 marker
452 128 627 172 675 marker
453 128 627 172 676 marker
454 128 627 172 676 marker
455 127 628 172 677 marker
456 127 627 172 676 marker
458 0 665 25 719 id_point
459 1 654 45 708 id_point
460 37 650 91 704 id_point
461 203 624 250 673 marker
461 38 650 92 705 id_point
462 203 624 250 674 marker
462 50 656 104 714 id_point
463 203 625 250 674 marker
463 46 657 99 714 id_point
464 203 624 250 674 marker
464 42 659 96 715 id_point
465 211 626 258 675 marker
465 49 659 105 716 id_point
466 207 624 255 674 marker
466 51 658 105 714 id_point
467 209 624 255 674 marker
467 55 657 107 713 id_point
468 204 625 251 674 marker
468 50 665 107 719 id_point
469 204 624 251 674 marker
469 50 658 103 713 id_point
470 203 624 251 673 marker
470 51 657 105 713 id_point
471 50 657 104 713 id_point
472 51 660 96 708 id_point
473 109 671 166 725 id_point
474 113 670 168 725 id_point
475 274 621 322 669 marker
475 118 661 174 716 id_point
476 142 662 198 717 id_point
476 274 624 321 672 marker
477 274 622 322 670 marker
477 140 664 195 719 id_point
478 274 622 322 670 marker
478 139 665 195 719 id_point
479 274 621 323 668 marker
479 137 664 192 719 id_point
480 275 623 322 670 marker
480 134 662 190 717 id_point
481 274 622 323 670 marker
481 136 662 190 717 id_point
482 139 663 195 718 id_point
482 275 622 323 670 marker
483 137 663 194 718 id_point
483 274 622 323 669 marker
484 134 664 189 719 id_point
484 275 623 322 670 marker
485 133 662 189 716 id_point
486 155 663 210 716 id_point
487 154 663 210 717 id_point
488 298 681 353 734 id_point
488 352 620 398 666 marker
489 353 621 399 667 marker
489 224 660 298 711 id_point
490 352 620 399 666 marker
490 224 663 280 717 id_point
491 222 663 277 718 id_point
491 353 620 400 666 marker
492 352 620 399 666 marker
492 225 662 278 717 id_point
493 352 620 399 666 marker
493 223 662 278 718 id_point
494 224 659 277 715 id_point
494 352 619 398 666 marker
495 224 659 277 714 id_point
495 351 619 399 666 marker
496 224 660 277 717 id_point
496 352 619 399 666 marker
497 224 662 281 717 id_point
497 353 620 399 666 marker
498 223 661 281 715 id_point
499 240 652 300 709 id_point
500 244 652 300 707 id_point
501 284 663 340 717 id_point
502 426 619 470 665 marker
502 285 658 340 712 id_point
503 426 619 470 665 marker
503 324 657 377 712 id_point
504 425 619 470 665 marker
504 324 657 379 711 id_point
505 425 619 470 665 marker
505 323 658 377 713 id_point
506 322 658 377 713 id_point
506 426 618 469 665 marker
507 426 618 469 665 marker
507 320 656 375 710 id_point
508 426 618 469 665 marker
508 323 659 379 713 id_point
509 321 659 377 714 id_point
509 426 619 469 666 marker
510 425 619 468 665 marker
510 322 658 376 714 id_point
511 424 617 468 663 marker
511 323 656 379 710 id_point
512 324 656 378 709 id_point
515 391 640 437 690 id_point
516 494 616 536 662 marker
516 389 639 444 693 id_point
517 493 615 536 662 marker
517 399 632 454 689 id_point
518 494 616 537 663 marker
518 399 629 456 685 id_point
519 493 615 537 662 marker
519 399 625 452 682 id_point
520 494 616 537 662 marker
520 393 628 448 684 id_point
521 494 615 536 662 marker
521 393 625 449 683 id_point
522 494 616 536 662 marker
522 397 625 454 678 id_point
523 494 616 535 662 marker
523 400 641 442 687 id_point
524 495 617 537 664 marker
526 670 449 710 495 id_point
527 636 543 671 584 id_point
528 639 534 680 580 id_point
529 558 613 598 659 marker
530 559 614 598 659 marker
531 559 614 597 659 marker
531 657 413 695 460 id_point
532 557 614 597 660 marker
533 556 615 595 661 marker
534 557 615 596 662 marker
535 557 617 596 662 marker
535 650 406 691 451 id_point
536 557 616 597 661 marker
536 656 417 692 463 id_point
537 558 616 598 662 marker
538 558 615 597 661 marker
539 668 399 706 448 id_point
540 650 423 702 476 id_point
541 547 589 601 645 id_point
542 540 589 596 643 id_point
543 619 590 673 644 id_point
544 127 705 171 754 marker
545 128 705 173 754 marker
546 128 705 173 754 marker
547 129 705 173 754 marker
548 128 705 173 753 marker
549 128 705 174 754 marker
550 128 705 173 753 marker
551 129 705 174 754 marker
552 129 706 174 754 marker
553 129 705 174 754 marker
554 129 706 173 755 marker
558 0 846 33 896 id_point
559 204 704 250 751 marker
560 204 704 249 751 marker
561 203 704 249 752 marker
562 11 786 62 840 id_point
562 203 704 249 752 marker
563 10 784 63 838 id_point
563 203 705 250 752 marker
564 204 704 250 752 marker
564 11 784 66 838 id_point
565 203 704 250 752 marker
565 63 778 117 831 id_point
566 204 704 251 751 marker
566 62 777 116 831 id_point
567 204 704 250 752 marker
567 60 776 114 831 id_point
568 204 704 250 752 marker
568 60 777 114 830 id_point
569 62 775 116 829 id_point
570 66 772 120 829 id_point
571 92 762 148 816 id_point
572 137 794 194 848 id_point
573 281 703 327 748 marker
573 143 788 199 844 id_point
574 280 702 327 749 marker
574 153 775 206 830 id_point
575 280 704 326 750 marker
575 150 776 206 830 id_point
576 280 702 326 749 marker
576 151 777 205 831 id_point
577 280 704 326 751 marker
577 150 778 205 831 id_point
578 281 703 327 749 marker
578 151 771 208 827 id_point
579 281 703 327 750 marker
579 152 776 209 829 id_point
580 282 703 327 748 marker
580 153 774 207 833 id_point
581 282 703 328 750 marker
581 152 777 206 832 id_point
582 153 776 206 832 id_point
582 281 701 326 748 marker
583 152 777 208 831 id_point
584 159 778 216 831 id_point
585 171 778 228 831 id_point
586 182 779 263 835 id_point
586 228 790 273 835 marker
587 221 784 276 840 id_point
587 358 698 402 746 marker
588 244 778 298 831 id_point
588 358 698 402 746 marker
589 241 777 296 832 id_point
589 355 698 402 745 marker
590 240 777 296 831 id_point
590 357 699 402 746 marker
591 241 781 298 835 id_point
591 355 699 402 746 marker
592 242 782 297 837 id_point
592 354 699 401 745 marker
593 243 779 298 831 id_point
593 355 700 401 746 marker
594 242 779 296 834 id_point
594 354 699 401 745 marker
595 243 777 297 831 id_point
595 357 700 402 747 marker
596 244 778 297 831 id_point
596 355 699 401 745 marker
598 306 758 362 813 id_point
599 326 783 382 837 id_point
600 429 696 472 744 marker
600 327 780 385 836 id_point
601 429 696 472 744 marker
601 332 782 389 838 id_point
602 429 696 473 744 marker
602 332 782 388 840 id_point
603 430 696 472 743 marker
603 333 786 391 841 id_point
604 429 695 472 743 marker
604 332 781 388 837 id_point
605 429 696 472 743 marker
605 330 775 386 833 id_point
606 330 782 387 838 id_point
606 429 695 473 743 marker
607 429 696 473 743 marker
607 329 776 386 831 id_point
608 428 695 473 743 marker
608 326 778 384 833 id_point
609 330 779 388 836 id_point
609 429 696 473 743 marker
610 329 773 385 828 id_point
611 332 772 389 826 id_point
612 414 768 469 821 id_point
613 445 778 500 832 id_point
614 499 693 540 736 marker
614 445 781 501 834 id_point
615 498 693 541 737 marker
615 420 770 476 825 id_point
616 418 771 473 826 id_point
616 498 693 540 737 marker
617 498 693 540 737 marker
617 419 772 474 825 id_point
618 497 693 540 737 marker
618 418 769 474 824 id_point
619 497 693 540 737 marker
619 418 772 473 824 id_point
620 498 693 540 737 marker
620 372 759 430 814 id_point
621 497 693 540 737 marker
621 389 767 446 822 id_point
622 498 693 540 737 marker
622 407 765 461 820 id_point
623 419 772 475 826 id_point
624 417 770 475 824 id_point
625 491 763 546 817 id_point
627 562 688 600 733 marker
627 498 756 554 810 id_point
628 562 688 600 734 marker
628 506 759 562 814 id_point
629 562 688 600 733 marker
629 509 761 564 814 id_point
630 562 688 600 733 marker
630 508 759 563 813 id_point
631 562 689 600 734 marker
631 508 759 562 811 id_point
632 561 689 599 733 marker
632 507 758 563 813 id_point
633 560 689 598 733 marker
633 505 756 561 811 id_point
634 562 689 600 734 marker
634 506 759 561 811 id_point
635 561 688 601 734 marker
635 506 760 560 812 id_point
636 561 688 600 733 marker
636 506 757 558 810 id_point
637 504 758 560 812 id_point
638 0 860 23 910 id_point
639 0 872 39 920 id_point
641 133 781 178 826 marker
642 1 862 45 916 id_point
642 133 782 179 828 marker
643 1 861 44 916 id_point
643 134 781 179 827 marker
644 1 861 44 915 id_point
644 134 783 178 827 marker
645 0 859 43 914 id_point
645 134 782 179 827 marker
646 1 863 46 917 id_point
646 134 783 179 828 marker
647 134 783 179 828 marker
647 1 857 48 912 id_point
648 2 850 50 903 id_point
648 134 783 179 828 marker
649 3 847 53 901 id_point
649 134 783 179 828 marker
650 3 852 51 905 id_point
651 3 849 52 904 id_point
652 3 849 52 903 id_point
654 91 854 149 909 id_point
655 207 781 255 827 marker
655 94 853 150 906 id_point
656 207 780 254 827 marker
656 72 854 132 909 id_point
657 71 856 128 910 id_point
657 207 780 254 827 marker
658 207 780 254 827 marker
658 71 856 126 910 id_point
659 207 780 255 827 marker
659 74 853 127 907 id_point
660 208 782 255 828 marker
660 73 859 127 913 id_point
661 73 859 127 914 id_point
661 207 782 253 828 marker
662 207 782 254 828 marker
662 71 857 128 911 id_point
663 75 856 128 909 id_point
663 207 782 255 828 marker
664 73 856 129 910 id_point
665 75 856 130 909 id_point
666 109 841 167 895 id_point
667 130 858 188 914 id_point
668 132 857 186 913 id_point
669 281 778 327 824 marker
669 156 865 213 919 id_point
670 281 778 327 824 marker
670 154 864 209 918 id_point
671 154 865 207 917 id_point
671 281 778 328 824 marker
672 281 778 327 824 marker
672 155 869 210 922 id_point
673 281 778 328 825 marker
673 155 866 212 919 id_point
674 281 778 328 824 marker
674 156 866 211 919 id_point
675 282 778 328 825 marker
675 160 851 215 905 id_point
676 282 779 329 825 marker
676 162 850 217 904 id_point
677 282 779 328 825 marker
677 162 847 218 902 id_point
678 162 847 218 901 id_point
679 162 846 217 898 id_point
681 206 859 263 911 id_point
682 357 774 403 820 marker
682 210 857 267 910 id_point
683 357 775 404 820 marker
683 253 849 309 902 id_point
684 357 775 404 819 marker
684 252 849 308 902 id_point
685 357 775 404 819 marker
685 247 853 303 907 id_point
686 357 775 404 820 marker
686 245 850 302 906 id_point
687 246 849 302 903 id_point
687 357 775 404 820 marker
688 246 851 303 906 id_point
688 357 775 403 820 marker
689 357 775 404 820 marker
689 247 850 305 905 id_point
690 246 848 304 902 id_point
690 357 775 403 820 marker
691 248 849 303 903 id_point
692 249 850 306 904 id_point
693 288 860 347 916 id_point
694 295 858 351 911 id_point
695 431 771 474 815 marker
695 296 850 387 913 id_point
696 431 771 474 816 marker
696 336 850 392 903 id_point
697 430 771 474 815 marker
697 337 850 393 904 id_point
698 430 771 474 815 marker
698 338 850 394 903 id_point
699 430 770 473 816 marker
700 431 771 474 816 marker
700 316 839 372 894 id_point
701 430 770 473 816 marker
701 326 842 380 897 id_point
702 430 771 473 816 marker
702 326 844 383 899 id_point
703 430 771 472 816 marker
703 331 844 387 897 id_point
704 329 845 386 898 id_point
705 333 847 388 900 id_point
706 332 843 389 898 id_point
707 368 828 425 883 id_point
708 497 764 539 808 marker
708 375 841 433 895 id_point
709 497 764 539 807 marker
709 419 837 475 893 id_point
710 498 765 539 808 marker
710 415 837 472 891 id_point
711 497 765 539 807 marker
711 415 843 471 897 id_point
712 498 765 539 808 marker
712 412 843 468 896 id_point
713 497 764 539 808 marker
713 413 838 469 891 id_point
714 497 764 539 808 marker
714 411 838 468 893 id_point
715 497 765 539 808 marker
715 412 840 469 894 id_point
716 496 765 539 808 marker
716 412 839 467 894 id_point
717 496 764 539 808 marker
717 411 837 468 892 id_point
718 412 836 467 890 id_point
719 412 835 467 888 id_point
720 443 817 499 871 id_point
721 505 824 563 880 id_point
722 504 825 559 880 id_point
722 562 759 600 802 marker
723 562 759 600 803 marker
723 496 833 552 887 id_point
724 562 759 600 802 marker
724 490 829 546 883 id_point
725 562 759 600 803 marker
725 491 833 549 885 id_point
726 562 759 600 802 marker
726 493 832 548 885 id_point
727 562 758 600 801 marker
727 491 830 547 883 id_point
728 562 758 599 802 marker
729 562 757 600 802 marker
729 599 1013 651 1067 id_point
730 562 757 599 802 marker
730 599 1011 653 1067 id_point
731 487 849 526 895 id_point
732 487 855 527 902 id_point
733 502 859 544 904 id_point
734 586 754 641 809 id_point
735 502 857 559 911 id_point
736 505 857 560 909 id_point
738 393 778 450 838 id_point
739 420 706 468 780 id_point
740 399 697 445 744 id_point
