0 176 596 231 658 id_point
1 177 593 234 650 id_point
2 182 595 237 653 id_point
3 181 598 235 655 id_point
4 181 598 235 655 id_point
5 184 598 238 655 id_point
6 185 595 242 650 id_point
7 191 592 247 652 id_point
8 191 592 249 649 id_point
9 195 592 252 648 id_point
10 195 592 252 647 id_point
11 196 596 252 652 id_point
12 196 597 252 653 id_point
13 196 597 251 652 id_point
14 196 596 252 651 id_point
15 198 598 252 652 id_point
16 199 593 254 649 id_point
17 201 596 254 650 id_point
18 200 596 254 651 id_point
19 198 596 255 652 id_point
20 197 595 254 654 id_point
21 196 602 250 656 id_point
22 194 599 249 657 id_point
23 194 598 248 656 id_point
24 195 599 248 655 id_point
25 93 413 133 453 marker
25 195 600 249 658 id_point
26 97 413 133 453 marker
26 59 405 120 456 id_point
27 94 413 133 451 marker
27 39 392 96 445 id_point
28 95 413 134 451 marker
28 34 385 92 438 id_point
29 94 414 133 452 marker
29 32 385 90 439 id_point
30 94 414 133 452 marker
30 34 386 90 441 id_point
31 95 413 133 452 marker
31 33 388 89 442 id_point
32 95 413 133 452 marker
32 32 390 90 443 id_point
33 95 413 133 452 marker
33 34 389 90 444 id_point
34 94 413 133 452 marker
34 32 389 90 443 id_point
35 94 414 133 454 marker
35 31 390 90 444 id_point
36 33 393 88 446 id_point
37 34 395 91 448 id_point
38 86 387 141 442 id_point
39 157 413 198 453 marker
39 89 389 143 444 id_point
40 157 414 198 453 marker
40 89 393 143 447 id_point
41 158 414 198 452 marker
41 91 391 144 445 id_point
42 157 414 198 453 marker
42 91 390 144 444 id_point
43 156 415 197 454 marker
43 92 390 144 444 id_point
44 156 415 197 453 marker
44 91 390 144 444 id_point
45 157 414 197 453 marker
45 92 389 145 444 id_point
46 157 414 197 453 marker
46 92 392 145 446 id_point
47 156 415 197 454 marker
47 92 394 147 448 id_point
48 157 414 197 453 marker
48 93 397 147 450 id_point
49 95 397 146 453 id_point
50 94 396 147 452 id_point
51 106 386 161 443 id_point
52 111 386 165 442 id_point
53 159 394 214 447 id_point
53 225 414 264 453 marker
54 224 414 263 452 marker
54 157 393 211 447 id_point
55 154 392 209 447 id_point
55 224 413 263 452 marker
56 223 413 263 452 marker
56 149 390 205 446 id_point
57 223 413 264 451 marker
57 149 390 204 445 id_point
58 152 388 208 444 id_point
58 223 414 263 452 marker
59 223 414 264 452 marker
59 152 389 208 444 id_point
60 152 391 208 445 id_point
60 224 413 263 451 marker
61 223 414 264 453 marker
61 151 391 206 447 id_point
62 151 392 206 446 id_point
62 223 413 264 451 marker
63 152 392 207 448 id_point
64 152 394 207 450 id_point
65 153 393 208 449 id_point
66 200 382 255 435 id_point
67 290 412 332 453 marker
67 205 380 260 436 id_point
68 290 412 331 453 marker
68 213 389 268 443 id_point
69 290 413 332 453 marker
69 214 386 269 442 id_point
70 289 412 332 452 marker
70 214 386 268 441 id_point
71 289 413 331 453 marker
71 213 387 267 442 id_point
72 289 412 331 453 marker
72 213 383 268 436 id_point
73 289 413 331 453 marker
73 215 381 270 438 id_point
74 289 412 331 453 marker
74 215 381 270 435 id_point
75 289 412 331 452 marker
75 215 381 270 435 id_point
76 214 381 269 435 id_point
77 215 382 271 437 id_point
78 216 381 272 435 id_point
79 217 383 274 437 id_point
80 277 378 333 434 id_point
80 356 415 398 454 marker
81 355 415 398 454 marker
81 279 379 334 436 id_point
82 277 380 334 437 id_point
82 355 415 398 454 marker
83 355 415 398 455 marker
83 277 380 333 437 id_point
84 355 415 398 455 marker
84 277 380 333 436 id_point
85 355 416 398 455 marker
85 276 381 332 437 id_point
86 277 381 333 438 id_point
86 355 415 398 455 marker
87 355 416 398 455 marker
87 279 382 334 439 id_point
88 355 416 397 455 marker
88 279 382 334 438 id_point
89 279 380 333 437 id_point
89 355 416 398 455 marker
90 276 380 332 437 id_point
91 277 379 333 435 id_point
92 282 377 337 434 id_point
93 284 378 340 435 id_point
94 422 421 461 458 marker
94 346 390 400 445 id_point
95 422 421 461 458 marker
95 344 388 398 443 id_point
96 422 421 461 458 marker
96 338 384 393 439 id_point
97 421 420 460 458 marker
97 338 385 392 439 id_point
98 422 420 461 458 marker
98 338 383 394 438 id_point
99 422 421 461 459 marker
99 336 384 394 438 id_point
100 422 421 461 459 marker
100 337 384 393 437 id_point
101 422 421 460 459 marker
101 337 383 393 439 id_point
102 421 420 460 459 marker
102 337 382 393 436 id_point
103 421 421 460 460 marker
103 336 382 393 437 id_point
104 421 421 460 459 marker
104 337 383 393 437 id_point
105 336 384 390 439 id_point
106 318 401 372 457 id_point
107 318 402 371 457 id_point
108 113 431 157 476 id_point
109 485 424 521 463 marker
109 29 457 82 512 id_point
110 485 423 521 463 marker
111 484 425 521 464 marker
111 395 395 448 449 id_point
112 484 425 521 464 marker
112 394 393 448 448 id_point
113 483 425 521 463 marker
113 395 395 449 448 id_point
114 485 426 520 464 marker
114 395 394 449 447 id_point
115 484 425 521 463 marker
115 398 394 451 448 id_point
116 484 425 521 464 marker
116 398 394 450 446 id_point
117 484 425 521 463 marker
117 397 394 451 447 id_point
118 400 392 452 446 id_point
119 396 393 451 448 id_point
120 47 476 101 529 id_point
121 21 453 76 506 id_point
122 87 481 127 522 marker
122 22 453 78 506 id_point
123 88 481 128 521 marker
123 24 454 81 507 id_point
124 87 481 127 522 marker
124 26 455 81 508 id_point
125 88 482 127 521 marker
125 29 456 84 512 id_point
126 87 480 127 521 marker
126 30 457 85 513 id_point
127 88 481 127 521 marker
127 29 458 85 514 id_point
128 87 481 127 521 marker
128 29 459 83 513 id_point
129 87 481 127 521 marker
129 28 459 83 515 id_point
130 88 482 127 521 marker
130 29 460 84 515 id_point
131 88 482 127 522 marker
131 31 461 85 515 id_point
132 33 464 85 520 id_point
133 34 464 85 519 id_point
134 28 466 82 513 id_point
135 23 462 78 515 id_point
136 152 480 193 522 marker
136 85 471 141 525 id_point
137 93 462 147 516 id_point
137 153 480 193 521 marker
138 152 481 193 522 marker
138 91 463 146 517 id_point
139 92 462 145 516 id_point
139 153 481 193 521 marker
140 93 460 146 514 id_point
140 153 481 193 521 marker
141 92 462 146 516 id_point
141 153 481 193 521 marker
142 93 463 147 516 id_point
142 152 481 193 521 marker
143 92 464 146 517 id_point
143 151 480 194 521 marker
144 92 463 146 516 id_point
144 153 482 193 522 marker
145 93 462 147 516 id_point
145 152 481 193 521 marker
146 153 481 193 522 marker
146 92 462 146 516 id_point
147 93 464 149 520 id_point
148 93 465 148 519 id_point
149 94 466 149 522 id_point
150 134 459 187 512 id_point
151 219 480 261 521 marker
151 149 458 205 514 id_point
152 219 481 261 522 marker
152 149 460 205 516 id_point
153 220 480 261 520 marker
153 149 458 203 513 id_point
154 220 481 261 521 marker
154 149 457 203 511 id_point
155 219 481 262 522 marker
155 150 457 204 512 id_point
156 219 481 261 521 marker
156 149 458 203 512 id_point
157 219 481 261 522 marker
157 148 456 203 512 id_point
158 219 481 261 521 marker
158 148 457 203 513 id_point
159 220 480 262 522 marker
159 147 458 203 511 id_point
160 149 457 204 513 id_point
161 151 458 204 514 id_point
162 151 456 206 512 id_point
163 153 458 205 513 id_point
164 287 480 330 521 marker
164 200 467 258 521 id_point
165 287 481 331 523 marker
165 210 459 266 514 id_point
166 287 481 330 523 marker
166 214 455 269 509 id_point
167 287 482 329 523 marker
167 212 456 267 509 id_point
168 287 482 330 525 marker
168 213 456 267 509 id_point
169 287 481 330 523 marker
169 211 455 266 508 id_point
170 286 482 330 524 marker
170 210 454 266 509 id_point
171 287 481 330 523 marker
171 209 454 264 508 id_point
172 286 482 329 524 marker
172 211 454 267 509 id_point
173 287 482 330 524 marker
173 210 457 266 511 id_point
174 212 457 269 511 id_point
175 213 455 267 511 id_point
176 214 459 270 515 id_point
177 223 461 283 517 id_point
178 355 483 397 525 marker
178 264 456 320 512 id_point
179 354 484 397 526 marker
179 275 455 331 512 id_point
180 279 455 334 512 id_point
180 354 485 397 526 marker
181 354 484 397 525 marker
181 277 455 333 511 id_point
182 355 485 397 525 marker
182 277 456 333 513 id_point
183 354 484 397 525 marker
183 277 458 333 513 id_point
184 354 484 397 525 marker
184 277 458 332 514 id_point
185 355 484 398 525 marker
185 277 457 333 512 id_point
186 278 457 332 511 id_point
186 355 484 397 525 marker
187 278 457 333 512 id_point
188 277 456 333 513 id_point
189 277 457 334 512 id_point
190 281 457 336 512 id_point
191 421 487 461 526 marker
191 332 460 386 514 id_point
192 422 488 461 526 marker
192 340 460 394 513 id_point
193 421 487 461 526 marker
193 344 458 397 513 id_point
194 422 488 461 527 marker
194 343 458 397 513 id_point
195 422 488 461 526 marker
195 343 455 396 509 id_point
196 421 487 462 526 marker
196 346 457 399 510 id_point
197 421 487 461 526 marker
197 349 458 402 512 id_point
198 422 487 461 526 marker
198 349 459 401 515 id_point
199 421 486 462 526 marker
199 349 458 402 515 id_point
200 421 487 462 527 marker
200 349 459 402 513 id_point
201 421 487 462 526 marker
201 349 457 402 513 id_point
202 348 456 401 514 id_point
203 349 461 403 516 id_point
204 352 462 405 517 id_point
205 367 459 421 515 id_point
206 487 490 523 529 marker
206 398 471 451 526 id_point
207 486 488 523 527 marker
207 411 465 464 522 id_point
208 485 488 523 528 marker
208 413 463 467 518 id_point
209 413 462 465 516 id_point
209 486 488 523 528 marker
210 485 488 523 528 marker
210 409 458 463 515 id_point
211 486 488 523 529 marker
211 412 460 465 514 id_point
212 412 460 465 514 id_point
212 486 489 524 528 marker
213 411 461 464 515 id_point
213 486 488 523 528 marker
214 486 489 523 529 marker
214 412 461 464 516 id_point
215 486 489 523 529 marker
215 412 461 464 514 id_point
216 485 489 523 528 marker
216 413 459 465 514 id_point
217 412 462 463 515 id_point
218 409 462 461 517 id_point
219 272 502 314 547 id_point
220 30 542 82 596 id_point
221 84 551 123 593 marker
221 15 533 68 586 id_point
222 84 552 123 593 marker
222 19 531 70 585 id_point
223 18 532 71 585 id_point
223 84 551 122 592 marker
224 84 552 123 593 marker
224 19 533 70 587 id_point
225 83 551 122 593 marker
225 21 533 73 587 id_point
226 83 552 123 593 marker
226 20 535 73 589 id_point
227 83 551 123 592 marker
227 20 535 73 589 id_point
228 83 552 123 594 marker
228 23 537 75 591 id_point
229 23 537 76 591 id_point
230 23 537 76 591 id_point
231 25 538 77 591 id_point
232 75 541 130 596 id_point
233 79 539 134 594 id_point
233 149 551 191 593 marker
234 81 537 136 592 id_point
234 149 551 190 592 marker
235 77 537 133 591 id_point
235 149 551 191 594 marker
236 149 550 190 593 marker
236 78 535 134 590 id_point
237 78 535 134 589 id_point
237 149 550 191 594 marker
238 148 551 190 594 marker
238 78 535 135 589 id_point
239 148 549 189 593 marker
239 78 533 133 587 id_point
240 77 534 134 588 id_point
240 149 550 190 593 marker
241 80 535 137 589 id_point
241 149 550 190 593 marker
242 150 549 191 593 marker
242 81 534 137 588 id_point
243 84 536 138 591 id_point
244 83 536 138 592 id_point
245 86 538 139 593 id_point
246 166 541 219 598 id_point
247 218 549 261 591 marker
247 161 538 218 594 id_point
248 219 550 260 592 marker
248 158 533 213 588 id_point
249 218 552 260 593 marker
249 151 533 206 588 id_point
250 218 551 259 592 marker
250 148 532 203 589 id_point
251 218 552 259 593 marker
251 144 534 199 589 id_point
252 217 551 259 592 marker
252 143 534 199 589 id_point
253 217 551 259 593 marker
253 143 533 198 587 id_point
254 217 551 259 593 marker
254 145 532 201 589 id_point
255 217 551 259 592 marker
255 144 533 199 589 id_point
256 217 553 259 594 marker
256 143 533 199 589 id_point
257 144 534 200 589 id_point
258 146 533 202 590 id_point
259 149 533 202 589 id_point
260 150 534 204 590 id_point
261 287 551 330 594 marker
261 212 535 269 589 id_point
262 287 550 330 593 marker
262 213 534 268 588 id_point
263 287 551 329 594 marker
263 213 536 270 591 id_point
264 213 534 268 587 id_point
264 288 551 330 593 marker
265 287 550 330 593 marker
265 212 530 267 586 id_point
266 287 552 330 595 marker
266 211 534 266 587 id_point
267 287 551 330 593 marker
267 211 533 267 587 id_point
268 213 531 266 586 id_point
268 287 551 330 594 marker
269 287 551 329 594 marker
269 211 533 267 587 id_point
270 287 552 330 594 marker
270 212 533 267 588 id_point
271 211 535 267 589 id_point
272 213 532 268 588 id_point
273 214 535 269 591 id_point
274 213 532 269 587 id_point
275 219 535 276 589 id_point
276 355 552 398 595 marker
276 266 534 322 592 id_point
277 355 552 398 594 marker
277 284 536 338 591 id_point
278 355 553 399 594 marker
278 284 535 337 590 id_point
279 355 553 399 594 marker
279 282 535 337 591 id_point
280 354 552 398 594 marker
280 280 536 335 590 id_point
281 354 552 398 594 marker
281 281 535 335 589 id_point
282 354 553 398 594 marker
282 281 534 336 589 id_point
283 355 553 398 595 marker
283 282 535 337 589 id_point
284 355 552 399 594 marker
284 282 534 335 588 id_point
285 281 535 337 592 id_point
286 282 535 338 590 id_point
287 281 534 338 590 id_point
288 290 541 347 596 id_point
289 423 553 463 594 marker
289 348 537 403 591 id_point
290 423 554 464 594 marker
290 352 537 405 593 id_point
291 424 554 464 594 marker
291 351 538 404 594 id_point
292 424 554 464 595 marker
292 349 534 403 590 id_point
293 424 554 464 595 marker
293 344 533 397 589 id_point
294 423 554 464 594 marker
294 344 532 397 589 id_point
295 423 554 464 595 marker
295 343 535 398 588 id_point
296 429 612 482 667 id_point
296 424 553 463 594 marker
297 423 554 463 595 marker
297 428 623 476 671 id_point
298 423 554 464 595 marker
298 426 618 468 664 id_point
299 427 620 483 674 id_point
300 428 625 484 679 id_point
301 429 624 471 673 id_point
303 487 556 525 594 marker
303 469 602 521 660 id_point
304 487 555 525 597 marker
304 676 693 718 738 id_point
305 488 556 526 597 marker
306 487 556 525 598 marker
307 483 625 535 679 id_point
307 488 554 526 595 marker
308 488 557 526 597 marker
309 488 556 527 597 marker
309 671 691 712 735 marker
310 487 555 526 596 marker
311 487 556 525 595 marker
311 465 602 515 657 id_point
312 488 555 525 596 marker
312 678 710 719 753 marker
314 458 602 511 656 id_point
315 659 668 707 712 marker
316 658 662 700 704 marker
317 23 528 75 580 id_point
318 15 574 68 627 id_point
318 80 623 122 666 marker
319 80 622 120 665 marker
319 5 621 62 679 id_point
320 80 622 122 665 marker
321 79 622 120 665 marker
321 8 638 53 683 id_point
322 80 623 121 665 marker
322 7 633 60 689 id_point
323 80 623 121 664 marker
323 9 633 63 690 id_point
324 80 623 121 664 marker
324 8 633 61 690 id_point
325 80 623 121 665 marker
325 9 636 63 693 id_point
326 80 622 121 664 marker
326 10 635 64 693 id_point
327 79 622 121 664 marker
327 12 639 64 695 id_point
328 12 640 65 693 id_point
329 30 634 83 689 id_point
330 29 634 84 687 id_point
331 32 634 85 689 id_point
332 147 620 189 664 marker
332 44 672 98 726 id_point
333 148 622 190 666 marker
333 72 654 128 710 id_point
334 147 620 189 664 marker
334 75 648 132 703 id_point
335 147 621 190 665 marker
335 73 647 130 702 id_point
336 146 621 189 665 marker
336 47 611 102 664 id_point
337 147 621 189 664 marker
337 45 608 102 664 id_point
338 147 621 189 665 marker
338 47 608 103 662 id_point
339 147 622 189 665 marker
339 48 611 103 664 id_point
340 146 621 189 665 marker
340 47 612 101 664 id_point
341 46 613 100 666 id_point
341 147 622 190 666 marker
342 147 621 189 665 marker
342 48 611 103 664 id_point
343 49 613 103 665 id_point
344 54 611 106 668 id_point
345 53 612 106 665 id_point
346 109 622 165 677 id_point
347 215 620 259 665 marker
347 109 625 153 675 id_point
348 215 621 259 665 marker
348 118 625 165 674 id_point
349 217 622 259 665 marker
349 131 617 185 673 id_point
350 216 622 259 664 marker
350 132 615 187 669 id_point
351 215 622 259 666 marker
351 134 613 191 669 id_point
352 216 622 259 665 marker
352 134 613 190 667 id_point
353 216 622 260 665 marker
353 129 612 183 666 id_point
354 217 622 260 665 marker
354 122 615 179 668 id_point
355 216 622 259 665 marker
355 129 616 184 669 id_point
356 216 622 259 664 marker
356 127 612 182 667 id_point
357 216 622 259 665 marker
357 130 608 185 664 id_point
358 121 610 176 664 id_point
359 159 641 204 689 id_point
360 130 622 185 677 id_point
361 138 623 192 678 id_point
362 286 622 330 665 marker
362 137 623 193 678 id_point
363 286 622 329 665 marker
363 189 619 245 674 id_point
364 286 622 329 665 marker
364 191 616 246 672 id_point
365 286 622 330 666 marker
365 191 616 247 671 id_point
366 286 622 330 665 marker
366 193 613 246 669 id_point
367 286 623 330 666 marker
367 191 615 246 670 id_point
368 286 621 330 665 marker
368 192 615 248 669 id_point
369 286 622 330 665 marker
369 196 614 252 671 id_point
370 286 622 329 665 marker
370 194 613 251 667 id_point
371 286 622 329 665 marker
371 193 613 250 668 id_point
372 195 615 251 669 id_point
373 196 611 251 667 id_point
374 195 614 254 669 id_point
375 266 621 324 678 id_point
376 241 628 297 683 id_point
376 355 622 398 665 marker
377 355 621 399 665 marker
377 240 626 300 681 id_point
378 265 603 321 658 id_point
378 355 622 398 666 marker
379 355 622 397 665 marker
379 240 634 295 689 id_point
380 355 623 398 666 marker
380 247 639 285 685 id_point
381 263 602 320 661 id_point
381 355 622 398 666 marker
382 355 623 398 666 marker
382 241 626 298 684 id_point
383 615 322 670 375 id_point
383 356 623 399 666 marker
384 355 622 399 666 marker
384 248 568 288 614 id_point
385 616 322 671 374 id_point
385 355 623 398 666 marker
387 616 325 669 378 id_point
388 615 324 671 376 id_point
389 621 329 663 369 id_point
390 635 327 674 366 id_point
391 422 624 463 666 marker
391 306 568 364 624 id_point
392 422 624 464 665 marker
392 309 573 355 621 id_point
393 423 625 464 666 marker
393 297 600 353 655 id_point
394 422 624 463 666 marker
394 300 600 345 647 id_point
395 423 624 464 666 marker
395 299 596 355 652 id_point
396 423 624 464 665 marker
396 290 593 348 649 id_point
397 423 624 464 666 marker
397 294 592 351 647 id_point
398 423 624 464 666 marker
398 293 593 350 646 id_point
399 422 623 464 666 marker
399 293 593 350 647 id_point
400 422 624 463 666 marker
400 292 592 350 648 id_point
401 293 593 350 646 id_point
402 292 591 350 646 id_point
403 298 593 355 647 id_point
404 309 595 374 649 id_point
405 487 625 526 666 marker
405 321 594 375 647 id_point
406 487 624 526 665 marker
406 356 593 412 648 id_point
407 487 624 526 666 marker
407 350 584 406 639 id_point
408 487 624 525 665 marker
408 349 591 408 645 id_point
409 488 624 525 666 marker
409 352 585 407 643 id_point
410 488 625 526 666 marker
410 352 588 408 641 id_point
411 487 624 526 666 marker
411 276 476 331 535 id_point
412 487 625 526 667 marker
412 267 480 322 536 id_point
413 487 623 526 665 marker
413 277 494 320 538 id_point
414 487 624 526 666 marker
416 373 590 429 643 id_point
418 80 696 121 737 marker
418 10 659 65 703 id_point
419 80 695 121 738 marker
419 0 659 34 717 id_point
420 80 696 121 738 marker
420 10 659 62 717 id_point
421 10 658 62 714 id_point
421 80 696 121 738 marker
422 80 695 121 737 marker
422 9 660 60 717 id_point
423 9 661 61 716 id_point
423 79 696 121 738 marker
424 10 662 61 716 id_point
424 80 696 121 738 marker
425 80 695 121 737 marker
425 10 663 62 717 id_point
426 80 696 121 737 marker
426 11 662 62 718 id_point
427 80 695 121 737 marker
427 11 662 63 718 id_point
428 11 665 65 717 id_point
429 13 664 66 717 id_point
430 13 664 67 717 id_point
431 15 664 70 717 id_point
432 31 669 82 724 id_point
433 65 661 119 718 id_point
433 148 696 188 739 marker
434 72 662 125 717 id_point
434 147 696 188 737 marker
435 72 661 126 717 id_point
435 147 696 189 738 marker
436 73 661 126 717 id_point
436 147 696 189 738 marker
437 73 663 128 719 id_point
437 148 695 189 738 marker
438 73 661 126 716 id_point
438 148 695 188 737 marker
439 74 662 125 717 id_point
439 147 696 188 739 marker
440 147 696 188 738 marker
440 71 663 126 720 id_point
441 72 666 125 721 id_point
441 147 696 188 738 marker
442 72 661 126 718 id_point
442 147 696 189 738 marker
443 72 661 126 717 id_point
443 147 696 188 737 marker
444 71 659 125 717 id_point
445 70 661 125 717 id_point
446 71 658 127 715 id_point
447 75 660 130 715 id_point
448 215 696 259 739 marker
448 119 657 175 712 id_point
449 215 696 259 740 marker
449 134 662 191 718 id_point
450 133 663 188 720 id_point
450 215 698 258 742 marker
451 215 698 259 741 marker
451 132 662 185 719 id_point
452 215 699 259 743 marker
452 129 662 184 717 id_point
453 216 700 260 743 marker
453 128 662 185 718 id_point
454 216 695 260 738 marker
454 132 656 186 713 id_point
455 134 653 186 707 id_point
455 218 690 260 732 marker
456 132 649 188 703 id_point
456 218 689 261 732 marker
457 222 689 264 733 marker
457 135 649 191 704 id_point
458 141 650 195 704 id_point
459 141 650 195 704 id_point
461 160 575 215 629 id_point
462 293 688 335 732 marker
462 166 585 222 640 id_point
463 293 689 336 732 marker
463 212 694 256 738 id_point
464 293 689 335 732 marker
464 203 678 258 736 id_point
465 292 691 335 734 marker
465 207 680 251 727 id_point
466 292 690 335 734 marker
466 203 679 258 737 id_point
467 293 690 335 733 marker
467 204 681 258 737 id_point
468 292 690 334 734 marker
468 203 679 260 738 id_point
469 291 689 334 734 marker
469 203 679 261 740 id_point
470 291 690 334 733 marker
470 203 679 259 739 id_point
471 291 690 333 734 marker
471 175 698 230 754 id_point
472 173 698 230 754 id_point
474 175 697 230 753 id_point
475 179 698 234 753 id_point
476 359 691 400 734 marker
476 202 694 259 749 id_point
477 360 692 400 734 marker
477 246 694 304 751 id_point
478 360 692 401 735 marker
478 249 694 305 749 id_point
479 360 692 400 734 marker
479 249 696 306 752 id_point
480 360 692 401 735 marker
480 248 696 301 750 id_point
481 359 692 401 735 marker
481 248 693 306 750 id_point
482 360 692 401 735 marker
482 247 694 304 750 id_point
483 360 692 402 735 marker
483 247 694 304 750 id_point
484 360 692 401 734 marker
484 247 694 304 749 id_point
485 360 692 401 735 marker
485 248 696 302 750 id_point
486 359 692 401 735 marker
486 250 693 305 752 id_point
487 248 693 301 750 id_point
488 246 693 306 750 id_point
489 255 693 311 747 id_point
490 304 696 360 755 id_point
491 426 691 467 732 marker
491 348 706 404 763 id_point
492 427 691 467 732 marker
492 333 700 390 756 id_point
493 427 691 467 732 marker
493 333 701 390 759 id_point
494 427 690 468 731 marker
494 332 701 387 756 id_point
495 427 691 468 731 marker
495 335 700 392 757 id_point
496 427 692 468 732 marker
496 335 698 391 755 id_point
497 427 692 468 732 marker
497 337 699 393 756 id_point
498 427 692 468 732 marker
498 336 700 393 757 id_point
499 427 691 468 731 marker
499 337 703 395 760 id_point
500 339 702 393 757 id_point
501 340 702 395 757 id_point
502 341 702 398 757 id_point
503 370 702 424 756 id_point
504 490 688 531 731 marker
505 492 688 530 731 marker
505 573 843 623 896 id_point
506 492 688 530 731 marker
507 491 687 530 731 marker
507 446 749 499 805 id_point
508 492 688 530 730 marker
508 552 829 595 877 id_point
509 492 689 530 731 marker
510 492 689 530 731 marker
511 491 689 531 730 marker
512 473 719 525 776 id_point
512 492 692 529 728 marker
513 492 689 530 732 marker
513 482 755 522 800 id_point
516 16 758 70 811 id_point
517 21 778 72 832 id_point
518 89 763 129 804 marker
518 21 776 73 831 id_point
519 89 763 130 804 marker
519 22 749 75 803 id_point
520 89 763 130 804 marker
520 22 745 75 798 id_point
521 89 763 130 804 marker
521 23 745 74 797 id_point
522 89 764 130 804 marker
522 23 746 74 799 id_point
523 88 763 129 805 marker
523 21 747 75 798 id_point
524 22 747 74 801 id_point
524 89 763 130 804 marker
525 89 764 130 804 marker
525 22 747 76 801 id_point
526 90 763 130 803 marker
526 23 746 77 800 id_point
527 89 763 130 804 marker
527 23 746 75 800 id_point
528 23 746 76 798 id_point
528 90 764 130 805 marker
529 23 747 73 802 id_point
529 90 764 130 805 marker
530 21 751 74 804 id_point
531 25 752 78 806 id_point
532 39 753 95 806 id_point
533 41 753 95 806 id_point
534 76 754 132 808 id_point
534 154 765 195 806 marker
535 80 751 133 806 id_point
535 155 765 196 807 marker
536 79 743 134 798 id_point
536 155 765 196 806 marker
537 82 741 137 797 id_point
537 155 765 196 807 marker
538 82 740 137 797 id_point
538 155 766 197 807 marker
539 82 741 136 796 id_point
539 154 765 196 806 marker
540 83 743 138 797 id_point
540 154 765 197 806 marker
541 82 743 137 798 id_point
541 155 766 196 807 marker
542 83 743 137 797 id_point
542 155 765 197 805 marker
543 155 765 196 806 marker
543 82 746 138 800 id_point
544 83 745 138 799 id_point
544 155 766 196 806 marker
545 83 743 138 797 id_point
545 155 766 198 806 marker
546 83 743 138 798 id_point
547 84 743 139 798 id_point
548 90 743 145 798 id_point
549 91 742 145 797 id_point
550 224 766 265 807 marker
550 155 738 211 795 id_point
551 223 766 265 808 marker
551 151 738 205 796 id_point
552 224 766 265 808 marker
552 144 739 197 797 id_point
553 225 766 265 807 marker
553 140 738 196 795 id_point
554 224 767 266 808 marker
554 142 739 196 796 id_point
555 224 766 266 807 marker
555 138 737 193 794 id_point
556 225 766 266 807 marker
556 139 736 193 792 id_point
557 224 766 267 808 marker
557 141 737 195 795 id_point
558 226 766 267 807 marker
558 140 736 194 793 id_point
559 224 766 267 808 marker
559 140 737 195 794 id_point
560 225 766 266 807 marker
560 137 737 192 793 id_point
561 141 737 194 791 id_point
562 141 741 197 796 id_point
563 145 743 198 799 id_point
564 192 733 251 790 id_point
565 292 766 335 807 marker
565 236 731 292 786 id_point
566 292 765 335 807 marker
566 210 736 265 793 id_point
567 293 764 336 807 marker
567 204 737 258 793 id_point
568 293 765 336 807 marker
568 204 735 259 793 id_point
569 293 765 336 807 marker
569 203 733 258 791 id_point
570 293 765 335 807 marker
570 202 736 256 791 id_point
571 293 765 335 807 marker
571 202 736 257 791 id_point
572 293 766 335 808 marker
572 201 735 256 790 id_point
573 293 764 334 806 marker
573 145 737 201 791 id_point
574 292 765 334 808 marker
575 292 765 334 807 marker
575 144 739 199 792 id_point
576 146 737 201 793 id_point
577 150 738 192 787 id_point
578 149 737 207 792 id_point
579 187 764 244 823 id_point
580 361 765 402 807 marker
580 193 758 248 814 id_point
581 362 763 402 806 marker
581 240 788 295 834 id_point
582 362 764 402 806 marker
582 250 785 300 836 id_point
583 361 765 403 807 marker
583 250 787 309 842 id_point
584 361 764 402 806 marker
585 361 764 404 807 marker
585 250 784 308 839 id_point
586 361 764 404 806 marker
586 258 784 315 840 id_point
587 361 764 403 806 marker
587 258 783 316 840 id_point
588 362 764 403 806 marker
588 258 786 315 839 id_point
589 362 763 403 806 marker
589 260 786 318 840 id_point
590 250 783 309 840 id_point
591 257 784 313 839 id_point
592 264 782 324 840 id_point
593 272 777 329 832 id_point
594 300 788 356 844 id_point
595 427 761 468 802 marker
595 331 786 389 842 id_point
596 430 764 466 803 marker
596 417 715 472 774 id_point
597 430 764 466 803 marker
597 416 715 472 774 id_point
598 427 760 468 803 marker
598 424 719 466 762 id_point
599 428 761 466 804 marker
599 415 710 469 764 id_point
600 428 760 466 804 marker
600 415 711 468 765 id_point
601 426 760 466 804 marker
601 412 708 467 765 id_point
602 430 761 467 804 marker
602 414 712 468 769 id_point
603 430 762 467 804 marker
603 418 711 472 766 id_point
604 420 705 475 761 id_point
604 431 761 470 805 marker
605 417 705 473 761 id_point
606 428 716 482 771 id_point
607 494 713 548 768 id_point
608 493 758 531 798 marker
608 436 717 476 761 id_point
609 493 758 532 797 marker
609 570 701 624 756 id_point
610 492 758 531 799 marker
610 574 718 628 771 id_point
611 493 756 528 798 marker
612 495 752 537 798 marker
612 488 743 544 798 id_point
613 491 753 535 798 marker
613 480 746 539 800 id_point
614 494 752 535 795 marker
614 480 732 535 794 id_point
615 490 751 533 794 marker
615 476 736 530 794 id_point
616 495 752 532 799 marker
616 478 732 533 787 id_point
617 495 757 532 797 marker
617 473 735 529 793 id_point
618 493 756 532 799 marker
621 2 828 55 883 id_point
622 23 900 78 956 id_point
623 22 899 77 953 id_point
624 23 899 76 952 id_point
624 93 832 133 872 marker
625 94 833 133 872 marker
625 0 836 31 889 id_point
626 94 833 133 872 marker
626 0 837 21 885 id_point
627 94 833 133 873 marker
628 94 832 134 873 marker
628 0 839 34 893 id_point
629 94 832 134 872 marker
629 0 818 52 874 id_point
630 94 833 135 872 marker
630 1 818 54 875 id_point
631 95 832 135 872 marker
632 12 777 67 831 id_point
632 93 832 135 872 marker
633 95 833 134 873 marker
634 95 832 134 872 marker
634 17 779 55 824 id_point
639 159 834 201 876 marker
639 0 827 23 881 id_point
640 0 833 51 887 id_point
640 159 834 201 875 marker
641 0 835 48 887 id_point
641 159 834 201 876 marker
642 159 835 200 875 marker
642 0 838 46 891 id_point
643 0 836 44 890 id_point
643 159 834 201 875 marker
644 0 837 45 891 id_point
644 160 833 201 875 marker
645 0 835 48 888 id_point
645 160 834 201 875 marker
646 0 837 48 889 id_point
646 160 834 201 875 marker
647 1 835 52 887 id_point
647 160 834 201 875 marker
648 0 833 52 887 id_point
648 160 834 201 875 marker
649 0 838 51 892 id_point
650 3 833 57 886 id_point
651 2 834 57 886 id_point
652 73 856 125 910 id_point
653 227 832 268 873 marker
653 75 861 132 916 id_point
654 227 832 268 872 marker
654 73 866 130 922 id_point
655 227 832 268 872 marker
655 70 868 126 926 id_point
656 226 832 268 873 marker
656 88 897 144 951 id_point
657 226 834 268 875 marker
657 86 898 142 959 id_point
658 227 834 268 875 marker
658 92 898 147 954 id_point
659 228 833 269 874 marker
659 91 897 148 953 id_point
660 227 833 269 873 marker
660 86 897 146 949 id_point
661 227 832 269 874 marker
661 90 901 133 950 id_point
662 89 910 132 957 id_point
663 84 911 138 965 id_point
665 295 833 337 872 marker
666 295 833 337 871 marker
667 295 832 337 872 marker
667 196 947 248 1005 id_point
668 294 833 336 873 marker
669 294 832 336 872 marker
670 294 833 336 873 marker
671 295 833 337 872 marker
671 191 935 235 981 id_point
672 295 832 336 871 marker
673 294 833 337 872 marker
674 295 833 338 873 marker
674 250 893 296 931 marker
677 206 917 261 972 id_point
678 265 926 321 983 id_point
679 363 829 403 869 marker
679 266 917 323 973 id_point
680 362 830 404 870 marker
680 310 924 368 980 id_point
681 363 832 403 870 marker
681 348 892 405 947 id_point
682 641 240 695 292 id_point
682 362 830 402 869 marker
683 362 830 404 870 marker
683 301 776 343 820 id_point
684 205 750 262 807 id_point
684 362 831 403 871 marker
685 206 752 262 807 id_point
685 361 830 404 871 marker
686 362 830 404 871 marker
687 207 754 263 812 id_point
687 362 830 404 872 marker
688 362 830 403 870 marker
689 206 754 263 810 id_point
689 362 830 403 870 marker
690 205 752 263 810 id_point
694 430 826 471 865 marker
695 429 826 470 865 marker
696 429 826 470 866 marker
696 393 770 453 824 id_point
697 429 827 470 866 marker
697 399 768 439 812 id_point
698 429 827 470 866 marker
698 352 772 408 827 id_point
699 428 826 470 865 marker
700 428 827 469 867 marker
700 397 773 441 821 id_point
701 429 827 469 867 marker
701 401 776 443 823 id_point
702 429 827 470 866 marker
702 352 777 410 833 id_point
703 429 827 469 866 marker
703 350 775 405 830 id_point
704 349 773 402 829 id_point
705 347 773 400 828 id_point
706 383 792 426 837 id_point
707 401 799 455 851 id_point
708 425 793 482 843 id_point
708 493 822 529 861 marker
709 492 822 531 861 marker
709 439 793 498 849 id_point
710 493 823 531 862 marker
710 443 798 497 853 id_point
711 493 821 531 861 marker
711 440 797 494 853 id_point
712 492 821 531 861 marker
712 438 796 494 850 id_point
713 492 822 531 861 marker
713 439 795 495 849 id_point
714 492 822 531 861 marker
714 442 793 498 849 id_point
715 492 823 531 862 marker
715 441 787 496 843 id_point
716 493 821 531 861 marker
717 491 834 545 898 id_point
718 489 842 541 895 id_point
719 492 843 532 890 marker
720 482 838 538 888 id_point
721 256 853 301 897 id_point
722 40 847 97 901 id_point
723 35 859 89 914 id_point
724 177 626 223 672 id_point
727 301 552 357 608 id_point
728 337 396 371 434 marker
730 125 240 177 298 id_point
731 112 384 164 443 id_point
733 282 788 337 843 id_point
