0 154 578 211 635 id_point
1 156 577 212 635 id_point
4 166 583 220 640 id_point
5 225 726 278 778 id_point
6 226 724 279 776 id_point
7 224 704 275 756 id_point
8 223 704 274 755 id_point
9 158 591 213 645 id_point
10 160 583 214 635 id_point
11 156 581 214 636 id_point
12 154 581 210 636 id_point
13 151 582 208 635 id_point
14 152 579 207 635 id_point
15 149 572 207 627 id_point
16 152 567 208 624 id_point
17 152 571 207 629 id_point
18 151 583 209 639 id_point
19 149 591 206 644 id_point
20 150 579 208 632 id_point
21 147 578 204 635 id_point
22 151 581 207 635 id_point
23 152 580 208 635 id_point
24 150 579 205 636 id_point
25 149 577 205 631 id_point
26 153 574 208 630 id_point
27 154 577 207 633 id_point
28 219 615 257 656 marker
28 151 578 209 630 id_point
29 151 576 208 630 id_point
29 317 953 359 1000 id_point
30 218 615 256 657 marker
30 149 578 204 633 id_point
31 149 581 204 634 id_point
31 220 615 255 657 marker
32 218 615 256 656 marker
32 152 580 210 633 id_point
33 218 614 257 657 marker
33 149 579 205 634 id_point
34 218 614 257 657 marker
34 148 578 205 631 id_point
35 150 577 207 631 id_point
35 216 616 256 656 marker
36 217 616 258 656 marker
36 150 578 204 631 id_point
37 152 576 206 630 id_point
38 149 574 210 630 id_point
39 153 575 211 629 id_point
40 170 574 224 627 id_point
41 171 577 225 627 id_point
41 317 615 358 656 marker
42 317 612 358 654 marker
42 285 584 341 639 id_point
43 317 614 359 653 marker
43 274 574 330 628 id_point
44 317 615 359 655 marker
44 271 574 324 630 id_point
45 317 614 359 654 marker
45 266 575 323 631 id_point
46 316 614 359 654 marker
46 271 576 325 633 id_point
47 317 614 359 655 marker
47 270 576 327 635 id_point
48 316 614 359 654 marker
48 271 576 326 629 id_point
49 317 615 360 655 marker
49 269 574 324 630 id_point
50 317 615 359 655 marker
50 268 577 324 635 id_point
51 317 615 360 655 marker
51 268 575 325 634 id_point
52 268 576 321 632 id_point
53 265 574 321 629 id_point
54 266 574 321 629 id_point
56 415 612 453 652 marker
56 400 565 451 620 id_point
57 415 610 454 653 marker
57 390 568 442 626 id_point
58 414 610 454 653 marker
58 385 574 435 630 id_point
59 415 609 454 653 marker
59 383 574 434 630 id_point
60 415 609 454 652 marker
60 383 573 433 628 id_point
61 415 609 454 652 marker
61 384 575 436 630 id_point
62 415 610 454 652 marker
62 383 573 433 628 id_point
63 415 609 454 652 marker
63 381 571 433 627 id_point
64 415 610 454 653 marker
64 381 573 431 627 id_point
65 415 610 454 653 marker
65 381 574 432 631 id_point
66 379 572 431 627 id_point
67 379 573 430 627 id_point
68 363 589 414 644 id_point
69 356 589 408 643 id_point
70 220 717 260 758 marker
70 169 716 226 765 id_point
71 218 718 260 760 marker
71 152 718 207 776 id_point
72 217 717 259 759 marker
72 150 716 206 769 id_point
73 217 716 259 758 marker
73 149 717 203 769 id_point
74 218 716 259 759 marker
74 149 717 204 775 id_point
75 218 716 259 758 marker
75 150 716 206 769 id_point
76 219 716 259 760 marker
76 152 719 205 768 id_point
77 218 716 259 759 marker
77 151 719 207 770 id_point
78 219 717 260 760 marker
78 151 716 207 769 id_point
79 219 718 260 760 marker
79 152 718 208 771 id_point
80 153 716 210 771 id_point
81 150 719 211 773 id_point
82 152 717 211 772 id_point
83 295 720 347 774 id_point
84 294 720 345 773 id_point
84 318 715 358 756 marker
85 321 717 361 754 marker
85 278 719 332 771 id_point
86 322 717 360 754 marker
86 275 718 328 771 id_point
87 321 717 360 755 marker
87 275 719 329 772 id_point
88 320 717 360 754 marker
88 274 715 326 768 id_point
89 320 717 359 754 marker
89 272 715 327 767 id_point
90 322 716 359 754 marker
90 273 716 326 768 id_point
91 320 717 359 754 marker
91 272 716 326 768 id_point
92 322 717 361 755 marker
92 274 718 328 771 id_point
93 274 717 327 770 id_point
94 275 717 329 772 id_point
95 274 718 327 773 id_point
96 274 720 326 773 id_point
97 418 712 456 751 marker
97 373 715 430 768 id_point
98 395 713 449 769 id_point
98 419 707 457 757 marker
99 394 711 451 770 id_point
99 417 709 455 758 marker
100 395 712 452 768 id_point
100 416 710 454 755 marker
101 396 715 451 773 id_point
101 416 708 456 754 marker
102 396 715 449 774 id_point
102 415 709 455 754 marker
103 392 712 448 770 id_point
103 415 709 456 751 marker
104 393 712 451 768 id_point
104 415 711 455 754 marker
105 391 711 451 765 id_point
105 416 711 455 752 marker
106 390 710 448 766 id_point
106 416 707 454 752 marker
107 389 713 444 768 id_point
108 386 712 440 767 id_point
109 385 709 439 763 id_point
110 138 859 185 905 id_point
111 223 820 265 859 marker
111 155 858 212 914 id_point
112 156 866 214 921 id_point
112 223 821 265 860 marker
113 223 820 265 861 marker
113 157 863 217 919 id_point
114 223 821 265 860 marker
114 159 859 216 912 id_point
115 223 820 265 860 marker
115 160 859 217 916 id_point
116 223 820 265 859 marker
116 162 857 218 910 id_point
117 223 820 265 860 marker
117 160 852 218 908 id_point
118 224 821 265 860 marker
118 161 858 218 912 id_point
119 224 819 265 857 marker
119 159 848 218 904 id_point
120 223 819 265 856 marker
120 162 850 220 905 id_point
121 167 854 222 909 id_point
122 232 852 286 905 id_point
123 248 850 283 896 marker
124 319 851 375 908 id_point
125 323 815 362 852 marker
125 286 860 343 913 id_point
126 321 816 363 855 marker
126 282 865 337 920 id_point
127 322 815 363 853 marker
127 279 861 336 917 id_point
128 322 815 362 853 marker
128 281 863 337 918 id_point
129 322 815 362 854 marker
129 282 864 335 917 id_point
130 323 815 363 854 marker
130 281 860 337 916 id_point
131 323 815 363 854 marker
131 284 860 337 916 id_point
132 323 816 362 854 marker
132 283 859 339 915 id_point
133 323 815 363 854 marker
133 283 859 339 915 id_point
134 322 815 362 853 marker
134 283 856 340 911 id_point
135 283 862 337 915 id_point
136 303 853 359 908 id_point
137 304 853 359 907 id_point
138 325 862 380 918 id_point
139 418 806 458 847 marker
139 389 862 443 917 id_point
140 419 808 458 844 marker
140 407 843 454 900 id_point
141 405 845 452 903 id_point
141 419 808 458 844 marker
142 405 843 453 903 id_point
142 420 807 457 844 marker
143 419 808 458 844 marker
143 403 844 451 900 id_point
144 401 850 451 906 id_point
144 418 807 457 844 marker
145 402 851 451 905 id_point
145 419 808 458 845 marker
146 418 807 457 844 marker
146 403 843 451 904 id_point
147 403 851 453 907 id_point
147 419 807 457 845 marker
148 419 808 458 844 marker
148 403 843 452 902 id_point
149 404 848 455 903 id_point
150 403 853 453 908 id_point
151 403 852 454 908 id_point
152 402 851 454 906 id_point
153 399 846 454 901 id_point
153 318 954 360 1004 id_point
154 314 958 360 1003 id_point
155 212 696 263 750 id_point
155 313 959 360 1003 id_point
156 216 674 273 727 id_point
156 312 957 359 1002 id_point
157 313 959 359 1003 id_point
158 211 643 260 696 id_point
158 313 956 360 1001 id_point
159 224 656 276 712 id_point
159 315 956 360 1001 id_point
160 238 656 288 712 id_point
160 318 952 362 998 id_point
161 239 662 291 716 id_point
161 317 951 362 996 id_point
162 320 950 364 995 id_point
163 316 947 360 993 id_point
163 218 633 262 681 id_point
163 385 1043 424 1082 marker
164 218 601 270 655 id_point
164 317 950 361 996 id_point
165 220 597 274 652 id_point
165 316 947 360 993 id_point
166 233 641 287 695 id_point
166 317 949 363 995 id_point
