0 241 603 298 655 id_point
1 242 602 300 656 id_point
2 250 603 302 654 id_point
3 252 602 302 651 id_point
4 245 600 303 654 id_point
5 247 602 306 655 id_point
6 250 607 306 662 id_point
7 249 603 301 655 id_point
8 248 601 300 651 id_point
9 245 602 299 655 id_point
10 249 603 303 655 id_point
11 250 603 303 656 id_point
12 248 602 304 653 id_point
13 243 602 301 655 id_point
14 241 602 297 653 id_point
15 242 603 299 657 id_point
16 240 600 297 650 id_point
17 239 602 297 653 id_point
18 239 602 295 653 id_point
19 240 601 292 653 id_point
20 239 604 294 656 id_point
21 236 603 289 657 id_point
22 234 601 292 656 id_point
23 232 600 291 654 id_point
24 230 602 288 654 id_point
25 80 622 121 666 marker
25 230 602 287 654 id_point
26 81 621 120 664 marker
26 19 603 75 656 id_point
27 80 621 120 663 marker
27 25 603 81 657 id_point
28 80 620 119 663 marker
28 29 602 84 656 id_point
29 80 621 120 663 marker
29 28 604 80 659 id_point
30 81 621 119 663 marker
30 27 604 82 657 id_point
31 81 621 121 662 marker
31 29 603 81 657 id_point
32 82 621 121 662 marker
32 28 603 84 657 id_point
33 81 621 121 663 marker
33 28 604 83 658 id_point
34 30 604 82 657 id_point
35 31 606 82 659 id_point
36 44 606 98 659 id_point
37 46 605 99 659 id_point
38 182 616 224 659 marker
38 136 612 198 662 id_point
39 182 614 223 657 marker
39 134 608 199 655 id_point
40 182 614 223 657 marker
40 133 605 197 653 id_point
41 181 615 223 658 marker
41 130 605 193 655 id_point
42 181 615 223 658 marker
42 132 604 200 651 id_point
43 182 615 222 658 marker
43 134 608 199 655 id_point
44 182 617 222 660 marker
44 133 608 194 658 id_point
45 182 617 222 659 marker
45 135 608 201 657 id_point
46 181 615 222 657 marker
46 130 606 192 654 id_point
47 130 602 186 657 id_point
48 130 602 186 656 id_point
49 131 601 185 658 id_point
50 133 602 188 658 id_point
51 289 614 327 655 marker
51 247 601 300 652 id_point
52 288 614 328 655 marker
52 252 610 294 655 marker
53 287 614 328 655 marker
53 241 603 291 654 id_point
53 251 610 293 651 marker
54 288 614 329 655 marker
54 239 603 294 654 id_point
55 288 614 328 655 marker
55 241 604 293 654 id_point
56 288 613 328 656 marker
56 240 600 292 651 id_point
57 288 614 329 656 marker
57 242 605 297 655 id_point
58 288 614 329 656 marker
58 240 604 291 657 id_point
59 288 614 329 655 marker
59 241 603 292 654 id_point
60 288 614 329 655 marker
60 250 613 292 653 marker
60 239 605 291 655 id_point
61 239 604 294 655 id_point
63 239 607 293 660 id_point
64 59 717 118 770 id_point
65 86 723 125 765 marker
65 31 732 94 781 id_point
66 87 723 125 765 marker
66 27 735 90 787 id_point
67 86 723 124 765 marker
67 29 739 86 786 id_point
68 86 724 125 766 marker
68 26 735 87 787 id_point
69 86 724 125 766 marker
69 31 736 88 789 id_point
70 86 723 125 765 marker
70 31 736 87 785 id_point
71 85 723 125 766 marker
71 29 733 92 786 id_point
72 86 724 125 766 marker
72 29 734 89 786 id_point
73 87 725 125 767 marker
73 32 733 89 785 id_point
74 34 732 90 788 id_point
75 50 732 104 790 id_point
76 92 744 153 800 id_point
77 185 723 226 763 marker
77 99 746 154 799 id_point
78 185 722 226 764 marker
78 132 739 189 790 id_point
79 186 722 226 764 marker
79 134 734 194 784 id_point
80 186 722 226 764 marker
80 133 736 193 786 id_point
81 186 721 226 764 marker
81 131 738 190 789 id_point
82 186 723 226 765 marker
82 133 739 190 790 id_point
83 186 722 226 764 marker
83 129 738 189 791 id_point
84 186 722 226 764 marker
84 133 738 193 791 id_point
85 186 722 227 764 marker
85 132 737 192 788 id_point
86 133 740 188 792 id_point
87 137 737 191 790 id_point
88 149 736 206 791 id_point
90 291 720 332 761 marker
90 201 737 256 793 id_point
91 290 719 332 760 marker
91 212 738 266 790 id_point
92 291 719 332 761 marker
92 212 738 268 793 id_point
93 291 720 332 761 marker
93 206 715 260 769 id_point
94 292 719 332 761 marker
94 207 713 260 768 id_point
95 290 719 333 762 marker
95 208 717 264 766 id_point
96 292 720 332 761 marker
96 205 716 258 770 id_point
97 292 720 332 761 marker
97 202 714 256 768 id_point
98 292 720 333 761 marker
98 204 712 258 767 id_point
99 203 711 259 767 id_point
100 206 719 260 774 id_point
101 207 720 260 774 id_point
103 93 826 132 863 marker
104 94 825 132 863 marker
104 1 834 48 888 id_point
105 93 825 132 863 marker
105 2 837 52 895 id_point
106 93 825 132 863 marker
106 2 835 51 889 id_point
107 93 824 132 863 marker
107 2 832 50 884 id_point
108 4 833 53 887 id_point
108 94 825 132 863 marker
109 93 825 132 864 marker
109 4 831 54 888 id_point
110 94 826 132 863 marker
110 4 832 54 887 id_point
111 3 833 53 886 id_point
112 4 833 54 889 id_point
113 23 834 76 889 id_point
114 61 835 118 890 id_point
114 193 825 233 862 marker
115 194 825 234 864 marker
115 105 847 160 903 id_point
116 108 847 165 902 id_point
116 194 825 233 862 marker
117 193 827 234 865 marker
117 109 848 184 900 id_point
118 109 846 162 904 id_point
118 193 825 233 863 marker
119 107 846 162 902 id_point
119 194 824 233 862 marker
120 109 850 164 906 id_point
120 194 825 234 863 marker
121 107 847 163 902 id_point
121 194 825 234 863 marker
122 111 850 165 905 id_point
122 194 825 233 863 marker
123 109 852 166 908 id_point
123 194 826 234 863 marker
124 164 853 208 902 id_point
125 121 846 177 901 id_point
126 127 847 178 903 id_point
127 294 820 338 859 marker
127 140 849 202 905 id_point
128 295 821 338 861 marker
128 217 852 269 906 id_point
129 294 821 338 861 marker
129 227 848 279 902 id_point
130 294 822 337 861 marker
130 226 849 277 904 id_point
131 294 821 338 861 marker
131 223 846 275 901 id_point
132 295 821 337 860 marker
132 221 845 272 898 id_point
133 295 822 337 861 marker
133 226 848 277 902 id_point
134 294 821 338 861 marker
134 225 848 276 902 id_point
135 295 821 338 861 marker
135 225 849 277 905 id_point
136 222 850 275 903 id_point
136 295 818 340 860 marker
137 224 850 273 904 id_point
138 220 839 272 893 id_point
139 220 841 271 895 id_point
140 217 840 275 892 id_point
140 58 966 96 1013 id_point
141 147 760 203 807 id_point
142 140 710 196 757 id_point
