1 212 557 268 613 id_point
2 221 602 275 655 id_point
3 223 602 279 657 id_point
4 219 601 276 652 id_point
5 224 600 277 652 id_point
6 228 599 282 652 id_point
7 228 601 282 655 id_point
10 217 623 272 677 id_point
11 228 604 281 657 id_point
12 230 603 282 656 id_point
13 226 599 280 650 id_point
14 225 600 281 650 id_point
15 225 599 278 652 id_point
16 228 600 281 652 id_point
17 228 602 283 653 id_point
18 228 598 281 650 id_point
19 224 599 278 652 id_point
20 237 608 279 648 marker
21 229 598 281 650 id_point
22 222 598 277 648 id_point
23 220 600 273 652 id_point
24 83 625 126 670 marker
24 214 595 269 648 id_point
25 85 626 127 670 marker
25 216 600 271 651 id_point
26 85 626 127 671 marker
27 86 625 126 668 marker
27 14 596 70 649 id_point
28 10 599 64 653 id_point
28 87 626 127 668 marker
29 6 599 60 654 id_point
29 87 626 126 669 marker
30 6 599 60 653 id_point
30 87 626 126 669 marker
31 5 599 60 654 id_point
31 86 626 125 668 marker
32 6 601 60 655 id_point
32 86 626 126 668 marker
33 6 601 60 655 id_point
33 86 627 126 669 marker
34 7 600 60 654 id_point
35 9 601 63 655 id_point
36 11 602 64 656 id_point
37 13 601 65 655 id_point
38 152 621 194 665 marker
38 68 601 122 658 id_point
39 152 621 193 664 marker
39 84 601 138 656 id_point
40 152 622 194 664 marker
40 79 601 133 657 id_point
41 152 622 194 665 marker
41 76 601 130 656 id_point
42 152 622 193 666 marker
42 78 600 133 654 id_point
43 152 622 194 665 marker
43 78 598 134 655 id_point
44 151 621 193 664 marker
44 82 599 135 654 id_point
45 152 622 193 665 marker
45 81 600 136 655 id_point
46 151 623 193 665 marker
46 81 601 135 657 id_point
47 82 600 136 655 id_point
48 82 601 136 656 id_point
49 82 600 136 656 id_point
50 83 600 143 656 id_point
51 220 620 261 662 marker
51 145 603 200 659 id_point
52 219 620 262 663 marker
52 152 602 208 657 id_point
53 219 620 262 663 marker
53 154 602 210 657 id_point
54 220 620 262 662 marker
54 152 602 209 657 id_point
55 220 621 261 663 marker
55 151 602 207 657 id_point
56 220 621 261 663 marker
56 151 601 207 657 id_point
57 220 621 261 663 marker
57 151 600 206 655 id_point
58 220 620 261 662 marker
58 149 600 206 657 id_point
59 221 621 262 663 marker
59 151 600 206 657 id_point
60 220 620 260 663 marker
60 150 600 205 656 id_point
61 149 603 203 656 id_point
62 150 601 205 657 id_point
63 151 602 206 655 id_point
64 212 602 267 654 id_point
65 292 620 332 661 marker
65 223 603 281 657 id_point
66 292 619 333 661 marker
66 225 603 280 656 id_point
67 292 619 333 661 marker
67 226 603 282 656 id_point
68 292 620 333 661 marker
68 227 602 282 656 id_point
69 293 618 333 661 marker
69 225 601 277 653 id_point
70 293 619 333 660 marker
70 223 602 277 653 id_point
71 292 619 333 661 marker
71 223 601 278 653 id_point
72 292 619 333 661 marker
72 224 602 280 656 id_point
73 292 620 333 661 marker
73 225 603 280 657 id_point
74 293 619 333 660 marker
74 223 603 279 654 id_point
75 226 601 281 652 id_point
76 226 601 280 654 id_point
77 227 603 280 655 id_point
79 88 692 127 735 marker
80 87 692 128 735 marker
80 6 685 59 741 id_point
81 88 693 128 736 marker
81 7 690 62 744 id_point
82 87 692 127 736 marker
82 9 688 64 743 id_point
83 87 693 128 736 marker
83 10 690 62 744 id_point
84 88 693 128 736 marker
84 8 691 63 746 id_point
85 88 693 128 736 marker
85 10 688 65 742 id_point
86 88 693 128 736 marker
86 12 689 67 743 id_point
87 88 693 127 736 marker
87 12 690 66 744 id_point
88 12 690 65 745 id_point
89 43 687 98 741 id_point
90 46 684 101 737 id_point
91 76 692 131 748 id_point
92 154 693 195 734 marker
92 78 692 132 746 id_point
93 153 693 194 735 marker
93 80 693 135 750 id_point
94 153 693 195 735 marker
94 78 691 133 748 id_point
95 154 692 195 735 marker
95 78 691 134 747 id_point
96 153 693 195 735 marker
96 79 690 134 747 id_point
97 155 694 196 735 marker
97 81 691 135 748 id_point
98 153 693 195 735 marker
98 81 692 135 747 id_point
99 153 693 195 735 marker
99 80 692 135 747 id_point
100 154 693 195 734 marker
100 79 687 135 744 id_point
101 80 690 134 744 id_point
102 82 691 138 746 id_point
103 97 695 150 752 id_point
104 148 692 202 747 id_point
105 221 691 264 734 marker
105 152 689 208 742 id_point
106 222 692 264 734 marker
106 154 693 210 748 id_point
107 222 692 264 734 marker
107 152 693 209 750 id_point
108 221 692 263 734 marker
108 150 695 206 750 id_point
109 221 692 263 734 marker
109 149 694 205 750 id_point
110 221 692 263 733 marker
110 149 694 206 749 id_point
111 221 692 264 733 marker
111 148 693 205 749 id_point
112 222 692 264 734 marker
112 148 696 203 752 id_point
113 222 692 263 734 marker
113 149 694 203 750 id_point
114 149 694 205 751 id_point
115 149 691 205 748 id_point
116 149 691 204 749 id_point
117 151 691 209 746 id_point
118 219 691 275 748 id_point
119 293 690 335 732 marker
119 224 694 279 748 id_point
120 292 691 335 732 marker
120 233 696 287 748 id_point
121 292 690 334 731 marker
121 226 695 280 749 id_point
122 292 690 335 733 marker
122 224 697 279 750 id_point
123 292 690 334 732 marker
123 228 699 282 754 id_point
124 292 690 335 733 marker
124 228 700 283 752 id_point
125 292 690 335 732 marker
125 228 698 281 750 id_point
126 292 690 334 732 marker
126 227 696 280 748 id_point
127 292 690 334 732 marker
127 226 695 283 750 id_point
128 228 696 284 750 id_point
129 230 695 284 752 id_point
130 3 723 54 778 id_point
131 17 750 71 804 id_point
132 92 762 131 803 marker
132 15 749 72 807 id_point
133 91 762 131 804 marker
133 14 774 71 831 id_point
134 91 763 131 804 marker
134 14 777 71 831 id_point
135 91 762 131 804 marker
135 14 777 71 831 id_point
136 92 762 131 803 marker
136 15 775 71 829 id_point
137 91 762 130 803 marker
137 14 778 72 833 id_point
138 91 763 130 803 marker
138 14 778 70 833 id_point
139 92 762 131 803 marker
139 14 777 71 831 id_point
140 92 762 131 803 marker
140 14 777 70 831 id_point
141 17 780 71 833 id_point
142 21 776 75 831 id_point
143 33 774 88 830 id_point
144 67 782 122 840 id_point
145 158 763 198 801 marker
145 69 783 124 838 id_point
146 158 763 199 801 marker
146 87 786 141 838 id_point
147 158 764 198 801 marker
147 83 783 137 837 id_point
148 159 764 199 801 marker
148 81 784 138 837 id_point
149 157 764 198 801 marker
149 79 782 137 836 id_point
150 158 765 197 802 marker
150 80 782 136 836 id_point
151 157 765 197 803 marker
151 79 783 135 837 id_point
152 157 764 198 802 marker
152 81 781 136 836 id_point
153 157 764 197 801 marker
153 81 782 136 837 id_point
154 157 764 197 802 marker
154 80 782 135 835 id_point
155 82 782 135 837 id_point
156 88 780 144 834 id_point
157 98 776 154 831 id_point
158 100 779 182 834 id_point
159 224 762 266 802 marker
159 140 788 197 845 id_point
160 160 785 215 837 id_point
160 225 762 266 804 marker
161 154 785 211 838 id_point
161 225 762 266 803 marker
162 224 762 265 804 marker
163 153 784 209 838 id_point
163 224 761 266 802 marker
164 155 785 210 838 id_point
164 225 761 266 802 marker
165 156 786 210 840 id_point
165 224 761 266 803 marker
166 156 784 212 838 id_point
166 223 762 265 802 marker
167 153 784 210 838 id_point
167 223 762 265 803 marker
168 155 784 211 838 id_point
169 161 783 216 836 id_point
170 172 786 227 839 id_point
171 177 788 222 836 id_point
172 295 758 339 800 marker
172 227 783 281 837 id_point
173 296 758 338 800 marker
173 233 784 289 838 id_point
174 295 759 338 800 marker
174 235 785 289 838 id_point
175 295 759 338 801 marker
175 232 785 288 840 id_point
176 295 759 338 801 marker
176 234 789 286 842 id_point
177 295 759 338 801 marker
177 234 784 289 838 id_point
178 296 759 338 801 marker
178 234 784 289 837 id_point
179 296 759 339 800 marker
179 233 782 288 836 id_point
180 296 758 338 799 marker
180 234 785 289 838 id_point
181 295 759 338 801 marker
181 234 782 290 836 id_point
182 233 780 287 837 id_point
183 233 782 289 838 id_point
184 219 800 271 854 id_point
185 0 822 43 876 id_point
186 96 828 134 867 marker
186 0 824 43 878 id_point
187 18 860 74 915 id_point
187 96 829 136 868 marker
188 96 829 135 867 marker
188 17 863 74 915 id_point
189 97 829 135 867 marker
189 17 862 73 916 id_point
190 21 863 73 916 id_point
190 97 829 135 867 marker
191 97 830 135 866 marker
191 20 862 72 914 id_point
192 97 829 136 866 marker
192 17 863 74 916 id_point
193 98 830 136 867 marker
193 20 862 73 915 id_point
194 97 830 135 867 marker
194 17 862 77 915 id_point
195 23 862 78 916 id_point
196 37 860 91 913 id_point
197 43 859 115 918 id_point
197 80 872 119 917 marker
198 162 830 201 867 marker
198 74 869 119 916 id_point
199 91 868 147 922 id_point
199 161 832 201 868 marker
200 88 866 143 919 id_point
200 162 832 201 868 marker
201 87 868 143 923 id_point
201 162 831 202 868 marker
202 85 865 142 919 id_point
202 162 831 203 868 marker
203 85 870 141 926 id_point
203 162 832 202 868 marker
204 88 871 141 925 id_point
204 161 832 201 868 marker
205 88 869 142 923 id_point
205 161 832 201 868 marker
206 87 867 141 921 id_point
206 162 832 202 868 marker
207 88 866 141 922 id_point
208 90 868 148 922 id_point
209 104 868 161 925 id_point
210 160 871 216 929 id_point
211 164 872 219 927 id_point
211 227 828 269 869 marker
212 168 872 221 927 id_point
212 228 828 269 868 marker
213 227 829 268 869 marker
213 154 873 214 927 id_point
214 162 878 218 932 id_point
214 228 829 268 868 marker
215 227 829 269 869 marker
215 165 882 212 932 id_point
216 164 876 218 929 id_point
216 227 829 269 868 marker
217 161 874 219 931 id_point
217 227 829 269 869 marker
218 160 874 217 929 id_point
218 228 828 269 869 marker
219 163 876 216 929 id_point
219 227 828 268 869 marker
220 163 874 219 931 id_point
221 162 870 219 927 id_point
222 182 873 238 928 id_point
223 186 869 240 924 id_point
224 297 827 340 866 marker
224 238 874 295 930 id_point
225 297 827 340 866 marker
225 241 876 295 932 id_point
226 298 826 340 866 marker
226 241 877 295 931 id_point
227 298 827 340 866 marker
228 297 827 340 866 marker
228 248 885 293 931 id_point
229 298 827 340 866 marker
229 241 875 295 928 id_point
230 297 827 340 866 marker
230 235 877 291 931 id_point
231 298 827 340 866 marker
231 237 876 292 930 id_point
232 298 827 340 866 marker
232 237 880 292 935 id_point
233 236 879 291 934 id_point
235 33 910 88 965 id_point
236 0 960 42 1014 id_point
237 0 960 42 1011 id_point
241 92 749 131 787 marker
242 171 760 230 815 id_point
243 171 764 229 815 id_point
244 254 652 313 717 id_point
