0 281 569 334 621 id_point
0 286 575 329 621 marker
1 286 573 338 625 id_point
2 287 577 347 637 id_point
3 286 577 342 632 id_point
4 283 550 333 603 id_point
5 284 552 336 603 id_point
6 285 568 338 623 id_point
7 290 582 347 636 id_point
10 0 742 32 799 id_point
11 0 761 30 819 id_point
12 0 758 34 818 id_point
13 218 592 276 646 id_point
15 277 603 319 645 marker
15 266 594 323 641 id_point
16 282 585 338 638 id_point
17 265 589 319 640 id_point
18 271 578 326 634 id_point
21 262 601 315 653 id_point
22 255 599 308 651 id_point
25 239 558 295 614 id_point
26 265 581 320 638 id_point
27 259 580 311 635 id_point
29 262 575 314 628 id_point
30 266 579 318 630 id_point
31 257 576 310 628 id_point
32 252 577 304 632 id_point
33 253 570 307 623 id_point
34 249 579 304 630 id_point
35 247 575 302 626 id_point
36 248 577 302 630 id_point
37 249 580 304 631 id_point
38 254 575 307 627 id_point
39 252 581 308 635 id_point
40 253 582 307 637 id_point
41 252 583 306 638 id_point
42 252 581 306 635 id_point
43 252 583 305 635 id_point
44 250 583 305 637 id_point
45 251 584 306 638 id_point
46 254 578 308 632 id_point
47 251 577 305 632 id_point
48 253 579 306 629 id_point
49 254 579 306 630 id_point
51 79 573 134 628 id_point
52 74 575 129 646 id_point
52 88 606 130 649 marker
53 61 582 115 638 id_point
53 81 602 121 647 marker
54 60 580 115 639 id_point
54 79 609 121 650 marker
55 58 582 116 639 id_point
55 79 607 120 649 marker
56 59 580 113 637 id_point
56 80 607 121 650 marker
57 59 582 117 640 id_point
57 77 608 119 649 marker
58 61 582 114 640 id_point
58 79 601 120 647 marker
59 58 582 113 642 id_point
59 77 603 118 646 marker
60 58 582 115 640 id_point
60 78 607 120 649 marker
61 58 582 115 639 id_point
61 77 601 118 645 marker
62 61 582 115 638 id_point
63 90 593 144 648 id_point
64 94 593 149 648 id_point
65 111 589 166 645 id_point
66 144 588 200 643 id_point
67 151 600 192 643 marker
67 143 588 197 644 id_point
68 149 602 191 646 marker
68 142 592 196 646 id_point
69 149 601 191 644 marker
69 140 589 196 645 id_point
70 143 589 197 645 id_point
71 143 589 197 645 id_point
71 149 600 190 643 marker
72 142 587 197 644 id_point
72 151 598 191 642 marker
73 150 603 192 646 marker
73 143 592 197 645 id_point
74 149 605 190 648 marker
74 140 595 196 647 id_point
75 143 594 198 650 id_point
76 147 590 202 646 id_point
77 161 588 213 645 id_point
78 168 594 223 649 id_point
79 217 599 260 642 marker
79 206 587 263 641 id_point
80 214 603 257 645 marker
80 204 592 256 645 id_point
81 214 600 258 645 marker
81 202 587 257 643 id_point
82 216 599 257 642 marker
82 201 585 258 641 id_point
83 217 599 257 642 marker
83 202 586 257 640 id_point
84 216 603 258 645 marker
84 194 585 251 643 id_point
85 213 601 254 644 marker
85 200 591 254 646 id_point
86 215 602 257 645 marker
86 202 591 255 644 id_point
87 214 603 258 644 marker
87 201 592 256 645 id_point
88 214 601 257 644 marker
88 201 593 255 644 id_point
89 200 594 253 647 id_point
90 226 587 279 640 id_point
91 228 588 282 642 id_point
92 287 604 328 644 marker
92 244 591 298 643 id_point
93 281 604 326 646 marker
93 264 589 319 641 id_point
94 281 604 327 645 marker
94 264 590 319 643 id_point
95 283 601 326 643 marker
95 264 585 321 640 id_point
96 282 600 327 644 marker
96 267 586 321 642 id_point
97 283 600 327 643 marker
97 264 586 321 640 id_point
98 266 585 322 640 id_point
98 281 599 327 644 marker
99 283 601 327 643 marker
99 263 587 320 641 id_point
100 285 599 328 643 marker
100 268 584 322 638 id_point
101 281 600 327 643 marker
101 264 588 321 642 id_point
102 264 591 316 641 id_point
103 84 673 139 728 id_point
104 84 673 139 728 id_point
105 84 672 139 729 id_point
106 85 664 142 726 id_point
106 92 677 134 719 marker
107 90 659 148 716 id_point
108 90 662 148 719 id_point
109 88 662 147 718 id_point
109 91 672 135 714 marker
110 90 663 146 717 id_point
111 90 662 146 719 id_point
112 89 666 149 720 id_point
113 89 665 149 719 id_point
114 89 666 148 720 id_point
114 93 676 136 715 marker
115 93 665 146 719 id_point
116 135 664 191 721 id_point
117 139 665 199 721 id_point
118 149 667 206 724 id_point
119 152 674 193 718 marker
119 148 666 201 722 id_point
120 147 663 202 719 id_point
120 153 673 192 714 marker
121 152 672 193 715 marker
121 144 661 200 719 id_point
122 151 672 191 714 marker
122 145 663 200 717 id_point
123 145 663 201 718 id_point
123 151 673 190 713 marker
124 147 664 201 719 id_point
124 151 674 191 714 marker
125 152 672 193 715 marker
125 146 663 199 717 id_point
126 144 661 201 719 id_point
126 153 673 192 714 marker
127 145 662 201 719 id_point
127 151 674 190 714 marker
128 150 664 207 720 id_point
129 162 664 218 718 id_point
130 170 665 224 724 id_point
131 224 674 262 715 marker
131 182 670 241 720 id_point
132 196 665 255 718 id_point
132 216 671 258 715 marker
133 216 671 259 713 marker
133 201 661 256 714 id_point
134 198 661 255 715 id_point
134 216 672 257 714 marker
135 218 671 260 713 marker
135 198 659 255 714 id_point
136 217 671 258 715 marker
136 201 661 258 713 id_point
137 201 661 256 715 id_point
137 215 671 257 714 marker
138 216 670 258 713 marker
138 197 660 255 714 id_point
139 199 658 255 713 id_point
139 215 671 258 712 marker
140 215 670 258 713 marker
140 194 659 252 714 id_point
141 190 657 247 715 id_point
142 220 654 279 709 id_point
143 220 647 262 692 id_point
144 256 662 311 719 id_point
145 291 673 331 713 marker
145 260 664 318 716 id_point
146 289 671 332 713 marker
146 261 662 320 714 id_point
147 287 670 332 712 marker
147 262 659 320 713 id_point
148 288 670 332 711 marker
148 260 660 317 713 id_point
149 285 669 332 711 marker
149 262 656 321 710 id_point
150 288 670 332 713 marker
150 262 659 321 713 id_point
151 286 671 330 713 marker
151 262 663 321 715 id_point
152 261 662 322 717 id_point
152 287 670 328 710 marker
153 288 671 329 713 marker
153 261 662 321 717 id_point
154 263 664 321 716 id_point
154 287 670 329 710 marker
155 290 673 329 713 marker
155 261 666 322 719 id_point
156 257 661 311 717 id_point
157 254 662 308 717 id_point
158 80 725 138 779 id_point
159 92 751 151 809 id_point
160 83 734 140 788 id_point
160 89 741 130 783 marker
161 80 734 137 788 id_point
162 79 734 134 788 id_point
162 87 741 129 784 marker
163 88 738 131 782 marker
163 79 732 137 785 id_point
164 80 733 138 787 id_point
165 85 730 140 785 id_point
165 90 739 130 781 marker
166 80 733 137 787 id_point
166 88 741 129 783 marker
167 80 732 136 788 id_point
168 79 731 136 785 id_point
168 87 739 129 782 marker
169 82 730 137 786 id_point
170 85 732 140 786 id_point
171 103 728 158 782 id_point
172 124 738 178 791 id_point
173 128 736 183 787 id_point
173 153 742 190 778 marker
174 139 734 197 789 id_point
175 139 733 196 789 id_point
176 142 733 195 791 id_point
177 143 734 196 789 id_point
178 139 733 197 787 id_point
178 149 742 190 784 marker
179 140 738 199 791 id_point
180 140 736 199 791 id_point
181 140 736 199 791 id_point
182 145 734 200 788 id_point
183 142 734 199 788 id_point
184 172 736 225 788 id_point
185 208 744 263 797 id_point
186 209 740 264 796 id_point
187 208 738 263 795 id_point
188 205 738 262 792 id_point
189 201 739 261 793 id_point
190 205 737 261 792 id_point
191 205 736 261 792 id_point
192 204 738 259 790 id_point
193 203 739 261 793 id_point
194 205 736 262 790 id_point
195 203 735 261 792 id_point
196 204 737 260 792 id_point
197 211 735 266 791 id_point
198 213 734 267 787 id_point
199 254 735 308 789 id_point
200 266 740 324 794 id_point
200 294 737 334 779 marker
201 269 738 326 794 id_point
201 293 737 332 780 marker
202 269 739 330 794 id_point
202 292 738 332 782 marker
203 270 739 326 795 id_point
203 292 735 333 780 marker
204 269 738 325 794 id_point
204 293 736 334 778 marker
205 269 738 326 794 id_point
205 292 736 334 778 marker
206 269 738 326 794 id_point
206 291 738 333 782 marker
207 268 739 324 797 id_point
207 292 739 333 780 marker
208 267 741 327 797 id_point
208 290 738 331 779 marker
209 265 739 318 796 id_point
210 265 739 319 795 id_point
211 265 740 319 797 id_point
212 266 738 320 794 id_point
213 111 811 167 868 id_point
214 92 807 152 860 id_point
215 89 805 144 860 id_point
216 88 804 141 859 id_point
217 85 806 141 859 id_point
218 90 807 144 863 id_point
219 89 805 144 859 id_point
220 90 804 144 860 id_point
221 92 804 145 863 id_point
222 88 808 143 865 id_point
223 88 810 143 864 id_point
224 91 808 145 863 id_point
225 125 806 179 858 id_point
226 175 815 228 867 id_point
227 171 812 230 862 id_point
228 155 808 208 869 id_point
229 154 807 207 868 id_point
230 152 811 206 870 id_point
231 152 811 205 867 id_point
232 151 809 204 869 id_point
233 150 807 202 868 id_point
234 150 810 204 868 id_point
235 152 809 203 868 id_point
236 146 808 201 869 id_point
237 143 813 198 867 id_point
238 157 815 212 870 id_point
239 169 812 220 864 id_point
240 205 817 257 870 id_point
241 210 816 262 870 id_point
242 214 813 269 870 id_point
243 215 814 268 869 id_point
244 213 813 266 870 id_point
245 213 815 266 868 id_point
246 210 814 264 869 id_point
247 210 816 263 869 id_point
248 211 813 264 867 id_point
249 214 812 269 867 id_point
250 215 815 268 866 id_point
251 216 816 267 867 id_point
252 228 813 284 867 id_point
253 267 814 319 870 id_point
254 272 813 325 867 id_point
254 293 803 339 847 marker
255 275 813 331 868 id_point
255 294 805 336 852 marker
256 278 810 333 869 id_point
256 296 806 340 849 marker
257 275 815 330 870 id_point
257 296 805 341 849 marker
258 276 814 330 870 id_point
258 296 806 340 848 marker
259 276 814 332 870 id_point
259 297 805 340 849 marker
260 276 811 333 870 id_point
260 296 805 341 848 marker
261 275 812 330 867 id_point
261 296 805 339 849 marker
262 277 814 331 870 id_point
262 296 805 341 848 marker
263 275 812 330 870 id_point
264 276 812 331 867 id_point
265 176 774 232 828 id_point
266 177 774 233 828 id_point
267 187 778 240 832 id_point
268 186 775 243 829 id_point
269 61 700 118 757 id_point
270 20 639 72 693 id_point
271 7 641 58 695 id_point
272 184 651 223 694 id_point
273 278 601 317 642 marker
