0 244 656 300 718 id_point
1 234 720 289 776 id_point
2 234 724 290 780 id_point
3 239 707 296 768 id_point
4 242 700 297 757 id_point
5 242 692 297 748 id_point
6 240 694 293 753 id_point
7 236 653 293 709 id_point
8 240 652 296 707 id_point
9 243 680 297 735 id_point
10 246 710 302 767 id_point
11 246 728 301 787 id_point
12 246 724 302 780 id_point
13 136 568 191 625 id_point
14 145 586 198 641 id_point
15 143 588 197 644 id_point
16 142 590 196 645 id_point
17 142 589 197 647 id_point
18 143 590 198 646 id_point
19 144 589 198 646 id_point
20 144 593 199 649 id_point
21 147 589 202 644 id_point
22 145 587 200 645 id_point
23 146 590 198 648 id_point
24 146 591 201 647 id_point
25 147 593 202 649 id_point
26 147 593 201 648 id_point
27 145 592 199 647 id_point
28 144 592 199 646 id_point
28 211 633 251 675 marker
29 144 592 199 647 id_point
29 210 633 250 675 marker
30 142 592 198 647 id_point
30 209 633 249 674 marker
31 142 592 197 647 id_point
31 209 633 250 676 marker
32 145 591 199 645 id_point
32 209 633 250 674 marker
33 145 593 199 648 id_point
33 210 633 251 676 marker
34 146 593 201 646 id_point
34 210 634 249 675 marker
35 147 593 200 648 id_point
35 210 633 249 675 marker
36 143 588 198 644 id_point
37 144 590 198 644 id_point
38 151 588 205 644 id_point
39 153 589 206 642 id_point
40 152 589 205 643 id_point
40 277 632 319 675 marker
41 278 632 319 675 marker
41 226 588 280 644 id_point
42 277 632 319 674 marker
42 226 590 276 645 id_point
43 225 591 278 647 id_point
43 278 632 320 675 marker
44 222 590 274 646 id_point
44 278 631 320 675 marker
45 220 585 273 642 id_point
45 278 632 320 675 marker
46 277 632 318 674 marker
46 221 584 273 643 id_point
47 218 586 271 642 id_point
47 278 631 320 674 marker
48 277 631 318 673 marker
48 215 580 270 638 id_point
49 218 581 271 640 id_point
49 277 631 319 674 marker
50 221 583 275 641 id_point
51 224 591 274 645 id_point
52 222 585 276 644 id_point
53 222 582 277 642 id_point
54 283 591 337 646 id_point
54 344 629 383 670 marker
55 344 628 384 671 marker
55 300 591 352 644 id_point
56 303 587 357 643 id_point
56 344 628 384 671 marker
57 344 629 383 672 marker
57 300 590 355 645 id_point
58 299 586 354 642 id_point
58 344 628 383 671 marker
59 299 588 354 645 id_point
59 343 628 384 672 marker
60 300 585 354 641 id_point
60 344 629 384 672 marker
61 298 585 355 643 id_point
61 344 629 383 671 marker
62 299 586 355 643 id_point
62 344 629 383 671 marker
63 298 585 353 642 id_point
63 344 630 383 672 marker
64 298 586 352 642 id_point
64 344 628 383 671 marker
65 297 590 351 646 id_point
66 297 585 353 643 id_point
67 300 589 356 645 id_point
68 402 629 454 684 id_point
69 433 646 487 703 id_point
69 407 626 445 666 marker
70 408 627 449 669 marker
71 435 659 491 714 id_point
71 407 628 447 668 marker
72 408 628 448 669 marker
73 439 669 491 726 id_point
73 407 628 448 668 marker
74 432 655 484 713 id_point
74 408 628 446 667 marker
75 408 627 448 669 marker
76 431 660 486 717 id_point
76 408 627 448 668 marker
77 396 601 450 666 id_point
78 395 602 451 659 id_point
79 394 599 449 656 id_point
81 170 602 225 658 id_point
82 212 700 253 741 marker
82 164 599 219 654 id_point
83 211 698 252 741 marker
83 155 587 208 642 id_point
84 154 583 206 636 id_point
84 213 701 254 742 marker
85 213 701 253 742 marker
85 81 682 135 735 id_point
86 213 701 253 742 marker
86 80 684 134 737 id_point
87 213 701 253 742 marker
87 81 679 135 734 id_point
88 213 702 254 743 marker
88 82 683 135 736 id_point
89 213 702 253 742 marker
89 81 685 133 738 id_point
90 212 701 253 742 marker
90 81 685 135 739 id_point
91 213 702 253 742 marker
91 84 682 137 736 id_point
92 84 679 139 733 id_point
93 94 675 148 728 id_point
94 100 673 154 727 id_point
95 133 693 190 749 id_point
96 175 685 230 739 id_point
96 280 697 321 739 marker
97 179 679 236 734 id_point
97 280 697 322 739 marker
98 177 678 235 733 id_point
98 280 698 322 740 marker
99 176 680 233 737 id_point
99 280 698 321 740 marker
100 175 680 233 735 id_point
100 280 699 321 741 marker
101 174 679 233 734 id_point
101 280 700 321 742 marker
102 176 679 234 736 id_point
102 280 699 321 741 marker
103 178 680 236 736 id_point
103 280 699 321 741 marker
104 178 679 235 735 id_point
105 177 680 235 737 id_point
106 179 677 236 734 id_point
107 182 675 238 733 id_point
108 252 677 308 732 id_point
108 347 696 387 736 marker
109 282 672 336 727 id_point
109 346 695 387 735 marker
110 281 672 336 727 id_point
110 346 695 387 735 marker
111 280 677 335 731 id_point
111 347 694 387 736 marker
112 279 678 334 732 id_point
112 347 695 387 736 marker
113 279 681 334 734 id_point
113 347 696 387 736 marker
114 280 683 334 737 id_point
114 346 698 387 739 marker
115 278 686 332 739 id_point
115 347 698 386 740 marker
116 278 685 332 740 id_point
116 347 699 387 740 marker
117 277 680 332 736 id_point
118 277 677 331 733 id_point
119 279 679 333 736 id_point
120 316 684 370 738 id_point
121 378 687 436 740 id_point
121 405 694 451 739 marker
122 384 686 444 738 id_point
123 383 687 448 738 id_point
124 384 686 444 741 id_point
124 398 692 448 737 marker
125 385 688 445 739 id_point
126 383 687 443 741 id_point
126 401 694 449 738 marker
127 381 686 440 741 id_point
127 406 695 450 737 marker
128 381 684 439 740 id_point
128 407 695 451 737 marker
129 382 683 441 739 id_point
129 406 696 450 737 marker
130 380 685 438 740 id_point
130 406 696 450 737 marker
131 381 686 434 740 id_point
132 378 681 432 737 id_point
134 96 792 150 847 id_point
135 218 771 258 813 marker
135 94 801 148 857 id_point
136 219 773 259 814 marker
136 89 789 145 845 id_point
137 218 772 258 813 marker
137 90 790 144 845 id_point
138 217 771 258 812 marker
138 90 784 145 842 id_point
139 217 771 257 813 marker
139 93 781 147 837 id_point
140 217 771 257 812 marker
140 92 784 144 839 id_point
141 217 772 258 813 marker
141 92 787 145 843 id_point
142 218 771 258 813 marker
142 93 784 147 839 id_point
143 218 772 257 814 marker
143 93 785 147 840 id_point
144 96 783 148 841 id_point
145 97 783 150 838 id_point
146 99 784 154 838 id_point
147 111 799 167 855 id_point
148 285 769 325 811 marker
148 156 798 213 852 id_point
149 285 769 326 811 marker
149 190 802 247 853 id_point
150 193 795 250 848 id_point
150 285 768 325 811 marker
151 188 798 243 850 id_point
151 282 768 325 809 marker
152 186 801 243 854 id_point
152 285 769 325 810 marker
153 285 767 325 809 marker
153 189 820 231 858 id_point
154 284 768 324 809 marker
154 185 799 242 854 id_point
155 186 800 242 852 id_point
155 285 768 324 810 marker
156 185 802 242 856 id_point
156 284 768 325 809 marker
157 184 798 242 854 id_point
157 285 769 325 811 marker
158 187 802 242 856 id_point
159 188 797 243 850 id_point
160 215 794 256 838 id_point
161 266 812 320 868 id_point
162 269 812 325 867 id_point
162 350 765 392 804 marker
163 299 812 354 868 id_point
163 351 765 391 805 marker
164 297 816 353 873 id_point
164 351 765 392 805 marker
165 295 811 350 867 id_point
165 351 764 392 804 marker
166 352 765 390 804 marker
166 297 828 343 874 id_point
167 292 815 347 878 id_point
167 351 765 391 804 marker
168 293 813 348 869 id_point
168 350 765 391 805 marker
169 295 811 351 865 id_point
169 351 764 391 804 marker
170 299 810 353 867 id_point
170 352 764 392 805 marker
171 298 805 353 862 id_point
171 351 764 392 805 marker
172 296 802 350 858 id_point
173 330 805 384 863 id_point
174 334 804 387 861 id_point
175 415 761 452 799 marker
175 382 805 435 861 id_point
176 415 763 452 800 marker
177 404 815 460 870 id_point
177 415 762 453 799 marker
178 409 820 461 878 id_point
178 414 762 452 799 marker
179 405 817 459 872 id_point
179 414 762 452 799 marker
180 404 815 456 870 id_point
180 414 762 453 798 marker
181 403 815 456 871 id_point
181 414 762 453 798 marker
182 404 813 456 869 id_point
182 415 762 453 799 marker
183 403 807 455 866 id_point
183 416 761 451 797 marker
184 399 803 453 860 id_point
185 401 804 454 861 id_point
186 402 804 455 859 id_point
187 403 808 455 863 id_point
188 405 811 459 867 id_point
189 222 838 262 877 marker
189 406 808 459 865 id_point
190 222 839 261 878 marker
190 111 895 166 952 id_point
191 222 839 262 879 marker
191 101 905 156 959 id_point
192 94 915 151 971 id_point
192 221 838 262 877 marker
193 96 914 152 970 id_point
193 221 838 260 878 marker
194 221 837 263 877 marker
194 92 915 135 962 id_point
195 222 838 261 877 marker
195 97 932 139 972 id_point
196 220 837 259 878 marker
197 99 899 154 954 id_point
197 221 838 260 876 marker
198 102 899 156 954 id_point
199 101 907 157 963 id_point
200 104 892 159 947 id_point
201 182 932 237 985 id_point
202 185 932 243 984 id_point
202 287 834 326 874 marker
203 201 932 258 987 id_point
203 287 835 326 874 marker
204 200 936 257 992 id_point
204 287 834 326 875 marker
205 198 945 255 1002 id_point
205 287 836 326 875 marker
206 287 835 328 875 marker
207 288 836 326 876 marker
207 196 952 250 1005 id_point
208 275 885 329 943 id_point
208 285 836 326 873 marker
209 287 836 326 875 marker
209 200 938 254 993 id_point
210 199 937 255 992 id_point
210 287 835 327 875 marker
211 287 833 327 874 marker
211 200 936 257 991 id_point
212 202 916 256 971 id_point
213 200 907 258 961 id_point
214 227 916 283 970 id_point
215 351 828 391 867 marker
216 352 827 391 867 marker
217 352 827 392 867 marker
218 352 827 392 867 marker
219 352 828 392 868 marker
220 352 829 392 867 marker
220 308 919 365 975 id_point
221 351 829 392 866 marker
221 315 914 360 967 id_point
222 352 829 392 867 marker
222 307 916 362 977 id_point
223 352 828 392 867 marker
224 351 828 392 867 marker
224 318 918 360 970 id_point
226 312 909 369 965 id_point
229 415 823 453 862 marker
230 415 823 452 862 marker
230 406 922 470 992 id_point
231 416 824 453 862 marker
231 415 928 471 990 id_point
232 415 824 452 861 marker
233 416 825 452 861 marker
233 420 940 475 996 id_point
234 416 824 453 862 marker
234 416 926 471 981 id_point
235 416 824 452 861 marker
235 416 927 472 984 id_point
236 417 825 453 861 marker
236 418 928 474 986 id_point
237 417 824 454 862 marker
237 419 929 473 987 id_point
238 419 916 474 977 id_point
239 414 916 473 974 id_point
240 434 930 491 987 id_point
241 457 947 514 1003 id_point
242 458 943 515 999 id_point
242 376 1064 420 1109 marker
243 306 841 362 897 id_point
243 375 1064 422 1107 marker
244 375 1063 423 1106 marker
245 374 1064 422 1106 marker
245 266 766 310 813 id_point
246 374 1065 422 1107 marker
247 176 742 233 798 id_point
247 374 1064 422 1107 marker
248 186 713 239 768 id_point
248 374 1063 422 1107 marker
249 167 678 221 732 id_point
249 374 1065 421 1108 marker
249 439 936 504 1004 id_point
250 207 885 263 939 id_point
250 372 1064 422 1107 marker
251 222 910 267 955 id_point
251 372 1064 421 1108 marker
