0 244 608 300 659 id_point
1 246 606 301 664 id_point
2 247 607 302 661 id_point
3 247 602 303 657 id_point
4 249 605 302 659 id_point
5 248 601 305 654 id_point
6 249 608 307 663 id_point
7 249 607 305 663 id_point
8 246 606 304 658 id_point
9 248 603 303 653 id_point
10 251 605 304 659 id_point
11 250 608 303 664 id_point
12 248 608 303 660 id_point
13 250 607 303 662 id_point
14 246 604 302 655 id_point
15 246 610 299 659 id_point
16 246 606 299 660 id_point
17 243 604 299 654 id_point
18 245 606 300 661 id_point
19 248 607 302 662 id_point
20 248 606 303 662 id_point
21 245 609 300 662 id_point
22 244 608 300 660 id_point
23 246 609 303 660 id_point
24 247 610 303 661 id_point
25 246 609 301 660 id_point
26 248 611 301 661 id_point
27 246 609 300 659 id_point
28 76 424 115 463 marker
28 247 611 303 665 id_point
29 77 388 126 439 id_point
29 80 423 118 463 marker
30 76 421 114 462 marker
30 68 362 121 418 id_point
31 77 424 115 460 marker
31 63 360 116 413 id_point
32 77 423 115 461 marker
32 60 361 114 413 id_point
33 76 423 115 460 marker
33 59 362 113 414 id_point
34 78 423 115 460 marker
34 61 362 113 413 id_point
35 77 423 115 460 marker
35 60 362 113 414 id_point
36 75 423 114 460 marker
36 60 364 114 416 id_point
37 77 424 114 461 marker
37 59 365 112 418 id_point
38 60 365 114 419 id_point
39 61 365 114 420 id_point
40 63 367 115 421 id_point
41 64 367 117 420 id_point
42 272 416 313 457 marker
42 112 358 166 413 id_point
43 271 417 313 458 marker
43 210 358 253 402 id_point
44 272 416 313 457 marker
44 242 358 302 418 id_point
45 272 417 313 457 marker
45 253 356 307 413 id_point
46 271 417 312 457 marker
46 253 356 305 412 id_point
47 271 417 313 457 marker
47 252 355 305 408 id_point
48 271 416 313 457 marker
48 251 354 304 407 id_point
49 272 417 314 456 marker
49 249 352 305 406 id_point
50 272 417 313 456 marker
50 248 352 303 405 id_point
51 272 417 313 457 marker
51 248 350 302 405 id_point
52 271 417 313 457 marker
52 247 351 303 404 id_point
53 249 349 303 404 id_point
54 250 354 306 406 id_point
55 247 353 304 406 id_point
56 44 529 98 587 id_point
57 75 618 112 659 marker
57 33 602 90 654 id_point
58 35 602 90 655 id_point
58 74 617 112 660 marker
59 73 618 112 660 marker
59 33 603 90 652 id_point
60 74 617 112 660 marker
60 33 602 89 653 id_point
61 73 617 112 659 marker
61 31 604 87 653 id_point
62 75 617 112 660 marker
62 32 603 89 654 id_point
63 74 617 111 659 marker
63 36 604 90 652 id_point
64 73 613 110 655 marker
64 38 604 95 654 id_point
65 71 607 109 648 marker
65 38 599 92 643 id_point
66 73 608 110 651 marker
66 41 597 95 642 id_point
67 39 596 92 650 id_point
68 38 598 92 650 id_point
69 40 598 95 650 id_point
70 42 599 96 651 id_point
71 221 598 277 648 id_point
72 272 610 312 654 marker
72 234 598 287 647 id_point
73 272 610 313 653 marker
73 238 600 290 652 id_point
74 272 611 314 653 marker
74 239 602 293 651 id_point
75 271 611 312 653 marker
75 241 603 297 652 id_point
76 272 610 312 652 marker
76 235 599 290 649 id_point
77 271 610 312 653 marker
77 236 598 290 650 id_point
78 273 610 312 652 marker
78 238 600 291 649 id_point
79 272 610 312 653 marker
79 238 600 292 650 id_point
80 271 611 312 653 marker
80 238 601 292 650 id_point
81 274 610 312 653 marker
81 238 601 291 650 id_point
82 235 599 290 650 id_point
83 235 597 289 647 id_point
84 260 588 311 640 id_point
85 259 586 311 639 id_point
86 261 589 315 641 id_point
87 183 444 237 492 id_point
88 136 467 189 520 id_point
88 186 444 235 492 id_point
