0 234 600 290 661 id_point
0 413 981 447 1015 marker
1 244 626 296 679 id_point
1 408 980 443 1012 marker
3 240 673 293 728 id_point
4 231 604 284 661 id_point
4 404 980 437 1014 marker
6 232 752 288 807 id_point
6 407 981 439 1012 marker
7 233 742 291 800 id_point
8 231 740 289 798 id_point
8 408 980 443 1014 marker
9 231 754 287 810 id_point
9 408 980 441 1012 marker
10 241 611 291 664 id_point
10 407 979 440 1012 marker
11 240 613 292 664 id_point
11 407 979 443 1014 marker
12 239 611 291 664 id_point
14 241 642 295 694 id_point
16 246 646 299 700 id_point
17 247 641 302 695 id_point
18 243 644 297 696 id_point
19 237 645 292 698 id_point
20 240 641 293 694 id_point
21 243 640 298 695 id_point
22 242 640 297 696 id_point
23 250 638 305 693 id_point
24 238 636 294 691 id_point
25 239 641 295 694 id_point
26 239 643 294 698 id_point
27 243 640 298 703 id_point
28 241 664 296 719 id_point
29 243 670 300 724 id_point
30 240 669 297 725 id_point
31 240 647 296 699 id_point
32 235 645 292 700 id_point
33 234 680 291 734 id_point
34 233 685 290 739 id_point
35 241 620 294 673 id_point
36 242 646 295 699 id_point
37 241 644 296 700 id_point
38 240 643 296 697 id_point
39 236 643 294 696 id_point
40 235 645 291 699 id_point
41 240 647 295 701 id_point
42 240 648 295 701 id_point
43 241 644 296 697 id_point
44 243 653 298 705 id_point
45 243 645 296 699 id_point
46 245 645 300 697 id_point
47 241 642 295 695 id_point
48 238 643 294 697 id_point
49 236 644 293 699 id_point
50 240 645 295 698 id_point
51 243 646 301 697 id_point
51 281 636 321 676 marker
52 246 645 304 697 id_point
52 281 637 323 676 marker
53 246 650 305 700 id_point
53 284 638 324 674 marker
54 283 636 324 675 marker
54 242 645 304 696 id_point
55 284 633 324 674 marker
55 238 645 298 695 id_point
56 284 634 322 674 marker
56 240 648 297 695 id_point
57 284 633 323 672 marker
57 240 643 305 696 id_point
58 243 646 304 698 id_point
58 282 636 322 675 marker
59 247 648 305 699 id_point
59 281 636 321 675 marker
60 242 646 297 699 id_point
61 241 643 296 695 id_point
62 248 647 300 701 id_point
64 304 646 358 699 id_point
64 479 629 517 667 marker
65 479 628 517 668 marker
65 432 647 479 691 id_point
66 479 628 517 667 marker
66 446 641 501 694 id_point
67 479 628 519 665 marker
67 443 643 503 697 id_point
68 479 629 517 668 marker
69 446 639 504 694 id_point
69 477 628 521 669 marker
70 479 628 519 665 marker
70 444 639 502 693 id_point
71 447 638 504 692 id_point
71 477 627 521 666 marker
72 479 628 517 668 marker
73 478 628 520 665 marker
73 444 640 502 695 id_point
74 441 641 494 695 id_point
75 441 642 496 696 id_point
76 419 650 494 714 id_point
76 453 658 498 700 marker
77 229 816 286 871 id_point
78 290 832 330 871 marker
78 233 819 287 874 id_point
79 248 884 305 940 id_point
79 291 832 329 872 marker
80 290 833 330 871 marker
80 248 884 306 940 id_point
81 291 832 330 872 marker
81 245 879 300 935 id_point
82 291 835 330 872 marker
82 252 863 310 919 id_point
83 290 835 329 872 marker
83 253 864 310 921 id_point
84 291 834 329 872 marker
84 252 860 308 914 id_point
85 292 835 329 872 marker
85 253 855 310 914 id_point
86 292 835 329 872 marker
86 248 856 306 911 id_point
87 292 835 330 872 marker
87 250 858 308 913 id_point
88 252 856 308 910 id_point
89 305 848 360 903 id_point
90 310 845 364 899 id_point
92 421 836 477 891 id_point
92 482 819 520 857 marker
93 440 835 501 893 id_point
93 482 819 521 857 marker
94 426 833 483 888 id_point
94 482 819 521 857 marker
95 425 832 482 887 id_point
95 483 819 521 857 marker
96 427 829 483 884 id_point
96 483 819 521 857 marker
97 426 829 482 884 id_point
97 484 819 522 857 marker
98 424 831 481 885 id_point
98 483 819 521 857 marker
99 426 830 482 885 id_point
99 483 819 521 857 marker
100 424 831 480 886 id_point
100 484 819 521 857 marker
101 423 831 480 887 id_point
102 310 746 364 799 id_point
104 272 721 329 777 id_point
105 281 720 337 773 id_point
105 412 978 442 1011 marker
106 412 977 442 1011 marker
107 241 657 299 710 id_point
107 412 976 441 1010 marker
108 242 624 296 679 id_point
108 413 976 445 1011 marker
109 244 655 301 709 id_point
109 412 984 442 1017 marker
110 244 654 300 706 id_point
110 411 984 441 1017 marker
111 243 640 297 702 id_point
111 408 981 441 1015 marker
112 244 642 298 707 id_point
112 409 979 440 1013 marker
113 246 682 302 736 id_point
113 408 978 439 1012 marker
114 248 684 304 737 id_point
114 406 980 437 1013 marker
115 247 699 304 752 id_point
115 406 982 440 1015 marker
116 248 700 305 754 id_point
116 409 984 442 1018 marker
117 406 984 438 1016 marker
118 232 709 287 761 id_point
118 406 982 437 1014 marker
119 237 713 291 766 id_point
119 407 981 438 1016 marker
120 235 714 291 767 id_point
120 405 983 438 1015 marker
121 405 982 440 1016 marker
122 407 982 440 1014 marker
123 234 659 291 713 id_point
123 406 983 438 1015 marker
124 242 634 297 687 id_point
124 406 981 437 1015 marker
125 242 644 298 697 id_point
125 404 984 437 1017 marker
126 240 654 296 707 id_point
126 403 984 434 1017 marker
127 239 649 293 703 id_point
127 401 987 431 1020 marker
128 240 649 295 703 id_point
128 398 987 428 1020 marker
129 237 691 292 744 id_point
129 398 986 430 1018 marker
130 399 985 429 1018 marker
131 227 596 281 654 id_point
132 224 601 277 657 id_point
132 400 986 429 1019 marker
133 222 613 277 668 id_point
133 400 988 429 1019 marker
134 219 604 274 660 id_point
134 401 982 432 1015 marker
135 206 587 267 646 id_point
135 389 984 420 1018 marker
136 203 593 255 645 id_point
136 387 988 419 1022 marker
137 209 579 264 636 id_point
137 394 978 425 1012 marker
138 209 579 260 636 id_point
138 398 974 428 1007 marker
139 214 583 268 642 id_point
139 398 979 427 1012 marker
140 214 582 268 640 id_point
140 401 978 429 1010 marker
141 215 590 270 647 id_point
143 298 694 350 749 id_point
143 401 982 430 1015 marker
144 214 706 271 761 id_point
144 402 983 431 1015 marker
145 219 731 276 786 id_point
145 403 980 432 1013 marker
146 208 585 263 642 id_point
146 402 981 432 1014 marker
147 207 582 259 633 id_point
147 401 983 432 1015 marker
148 205 582 257 632 id_point
148 401 982 432 1014 marker
149 221 733 277 790 id_point
150 223 734 278 791 id_point
151 278 967 336 1018 id_point
151 402 983 433 1012 marker
152 357 808 410 861 id_point
152 402 981 432 1015 marker
153 356 809 410 863 id_point
153 402 981 431 1015 marker
154 362 736 415 787 id_point
154 401 983 433 1015 marker
