0 349 594 393 639 id_point
1 502 593 563 654 id_point
3 531 596 587 652 id_point
4 148 637 204 696 id_point
5 148 646 202 709 id_point
6 148 649 204 710 id_point
7 146 653 200 722 id_point
8 148 653 204 708 id_point
9 151 654 206 709 id_point
10 153 658 205 711 id_point
11 153 655 210 709 id_point
12 154 656 210 708 id_point
13 153 653 207 710 id_point
14 154 654 206 707 id_point
15 152 652 207 706 id_point
16 164 609 218 659 id_point
17 162 603 215 655 id_point
18 162 604 216 657 id_point
19 155 610 211 663 id_point
20 152 608 207 660 id_point
21 152 609 208 663 id_point
22 153 611 208 664 id_point
23 152 610 207 665 id_point
24 153 611 208 664 id_point
25 153 612 208 666 id_point
26 156 614 211 666 id_point
27 156 617 211 671 id_point
28 157 617 210 672 id_point
29 155 618 209 672 id_point
30 153 617 209 671 id_point
31 154 618 209 671 id_point
32 204 633 241 674 marker
32 156 621 214 670 id_point
33 204 634 241 675 marker
33 157 622 216 671 id_point
34 204 633 242 675 marker
34 161 622 220 670 id_point
35 204 633 242 674 marker
35 158 625 217 671 id_point
36 204 634 241 673 marker
36 154 618 211 669 id_point
37 204 633 241 674 marker
37 155 616 211 666 id_point
38 204 633 242 674 marker
38 157 620 216 668 id_point
39 205 633 241 674 marker
39 158 620 216 670 id_point
40 203 633 241 674 marker
40 156 618 215 666 id_point
41 204 633 241 673 marker
41 156 618 213 667 id_point
42 157 615 212 667 id_point
43 162 614 215 666 id_point
44 168 613 223 665 id_point
44 173 669 201 701 marker
45 173 616 228 668 id_point
46 405 627 443 666 marker
46 189 623 243 679 id_point
47 408 621 447 667 marker
48 409 619 449 666 marker
48 399 604 447 660 id_point
49 408 624 447 667 marker
49 390 605 443 662 id_point
50 409 623 447 665 marker
50 392 607 445 662 id_point
51 409 625 445 667 marker
51 390 604 443 662 id_point
52 408 625 445 668 marker
52 390 605 442 663 id_point
53 407 625 446 668 marker
53 387 605 440 662 id_point
54 406 624 446 666 marker
54 388 605 441 662 id_point
55 387 604 440 660 id_point
56 386 604 439 659 id_point
57 392 610 441 663 id_point
58 388 606 439 660 id_point
59 187 756 242 810 id_point
60 220 833 257 868 marker
60 180 788 233 842 id_point
61 217 834 257 869 marker
61 173 886 231 942 id_point
62 217 835 257 870 marker
62 172 886 224 943 id_point
63 218 835 258 870 marker
63 167 894 223 947 id_point
64 217 834 258 871 marker
64 166 890 223 944 id_point
65 218 835 257 871 marker
65 170 883 224 940 id_point
66 217 835 258 871 marker
66 164 887 222 942 id_point
67 217 835 258 871 marker
67 165 886 223 943 id_point
68 167 885 222 946 id_point
69 167 887 223 943 id_point
70 196 884 253 940 id_point
71 197 884 255 938 id_point
72 391 880 447 933 id_point
73 409 820 447 858 marker
73 391 878 447 933 id_point
74 391 874 446 927 id_point
74 409 820 447 858 marker
75 409 820 447 858 marker
75 391 877 446 930 id_point
76 403 862 459 921 id_point
76 409 820 445 857 marker
77 400 863 456 917 id_point
77 409 820 447 857 marker
78 399 866 454 920 id_point
78 409 821 447 858 marker
79 401 870 457 923 id_point
79 409 822 447 858 marker
80 400 863 456 917 id_point
80 409 821 447 858 marker
81 401 863 455 917 id_point
81 409 822 447 859 marker
82 400 863 453 917 id_point
82 409 822 447 858 marker
83 399 863 456 917 id_point
83 409 822 447 857 marker
84 390 872 446 926 id_point
86 224 724 280 777 id_point
87 238 725 291 779 id_point
88 240 724 294 778 id_point
89 239 724 296 777 id_point
89 285 791 315 820 marker
89 342 977 373 1013 marker
90 161 645 217 701 id_point
90 288 791 315 822 marker
90 344 976 376 1013 marker
