0 214 602 268 653 id_point
1 218 598 270 649 id_point
2 218 598 271 649 id_point
3 275 195 325 248 id_point
6 279 184 331 242 id_point
7 268 211 321 263 id_point
8 270 203 319 255 id_point
9 268 203 321 256 id_point
11 226 618 274 669 id_point
12 226 611 274 661 id_point
13 225 603 275 654 id_point
14 224 603 273 653 id_point
15 221 601 272 652 id_point
16 219 601 273 653 id_point
17 217 602 269 653 id_point
18 217 602 270 653 id_point
19 217 602 270 652 id_point
20 223 597 280 650 id_point
21 230 597 280 648 id_point
22 230 597 280 647 id_point
23 229 597 279 647 id_point
24 215 428 255 464 marker
24 228 598 278 648 id_point
25 214 428 256 466 marker
25 241 367 294 421 id_point
26 242 371 295 425 id_point
26 213 428 255 465 marker
27 242 368 296 423 id_point
27 213 427 255 465 marker
28 242 367 295 421 id_point
28 213 427 256 466 marker
29 213 428 255 465 marker
29 240 365 295 420 id_point
30 213 428 255 466 marker
30 242 369 294 422 id_point
31 241 369 294 424 id_point
31 213 428 256 466 marker
32 213 429 255 466 marker
32 243 370 296 423 id_point
33 243 370 297 424 id_point
34 237 372 292 427 id_point
35 237 373 292 428 id_point
36 313 427 354 463 marker
36 325 366 381 421 id_point
37 313 427 355 464 marker
37 327 366 379 422 id_point
38 314 428 354 465 marker
38 326 363 381 420 id_point
39 314 429 354 467 marker
39 326 366 381 421 id_point
40 315 428 354 465 marker
40 327 363 381 418 id_point
41 314 428 354 465 marker
41 327 363 380 419 id_point
42 315 429 354 466 marker
42 328 363 381 419 id_point
43 315 430 354 467 marker
43 326 365 380 421 id_point
44 315 430 355 468 marker
44 326 366 381 421 id_point
45 327 368 380 422 id_point
46 325 369 379 424 id_point
47 327 370 380 424 id_point
48 409 437 444 472 marker
48 399 363 453 416 id_point
49 409 436 444 474 marker
49 415 376 470 427 id_point
50 410 436 446 473 marker
50 414 376 468 426 id_point
51 409 436 445 474 marker
51 414 372 468 422 id_point
52 409 434 444 471 marker
52 413 369 465 419 id_point
53 409 434 445 470 marker
53 410 366 466 419 id_point
54 408 435 444 471 marker
54 413 367 467 418 id_point
55 409 434 444 471 marker
55 413 367 468 421 id_point
56 408 434 444 471 marker
56 415 368 465 419 id_point
57 409 434 445 471 marker
57 412 367 466 420 id_point
58 412 367 468 420 id_point
59 412 369 468 421 id_point
61 212 526 254 569 marker
61 250 524 304 576 id_point
62 224 479 280 534 id_point
62 219 529 258 568 marker
63 225 483 280 537 id_point
63 219 530 258 568 marker
64 225 484 279 539 id_point
64 219 530 258 573 marker
65 226 482 281 536 id_point
65 219 530 259 568 marker
66 226 483 280 539 id_point
66 218 529 258 568 marker
67 226 484 281 539 id_point
67 218 530 257 570 marker
68 227 485 282 538 id_point
68 218 528 257 570 marker
69 228 488 282 544 id_point
69 218 529 256 571 marker
70 229 487 282 543 id_point
71 230 486 283 541 id_point
72 230 486 284 540 id_point
73 316 530 355 569 marker
73 303 483 363 537 id_point
74 316 529 358 565 marker
74 322 486 375 536 id_point
75 323 489 376 542 id_point
75 316 531 356 572 marker
76 323 484 377 538 id_point
76 315 530 357 572 marker
77 317 530 358 567 marker
77 322 482 376 534 id_point
78 319 482 375 536 id_point
78 317 531 358 568 marker
79 319 481 375 534 id_point
79 317 530 358 567 marker
80 319 483 374 535 id_point
80 316 529 357 566 marker
81 318 481 374 535 id_point
81 316 530 356 569 marker
82 321 479 375 533 id_point
83 320 482 375 536 id_point
84 320 481 374 534 id_point
85 323 483 368 530 id_point
86 413 529 451 567 marker
86 395 481 447 535 id_point
87 406 481 458 532 id_point
87 411 528 450 567 marker
88 409 482 462 534 id_point
88 412 530 450 570 marker
89 408 479 459 533 id_point
89 412 529 450 568 marker
90 407 478 459 531 id_point
90 413 527 450 566 marker
91 407 476 458 529 id_point
91 412 528 451 568 marker
92 407 479 459 531 id_point
92 414 529 450 568 marker
93 406 482 458 534 id_point
93 414 532 450 569 marker
94 407 484 459 536 id_point
94 413 532 450 571 marker
95 406 480 459 531 id_point
96 406 477 460 529 id_point
97 207 556 261 610 id_point
98 215 570 270 623 id_point
99 225 583 272 635 id_point
100 229 606 275 660 id_point
101 229 605 277 658 id_point
102 229 604 276 659 id_point
103 229 604 277 657 id_point
104 230 606 278 657 id_point
105 229 605 276 656 id_point
106 228 606 277 659 id_point
107 229 604 278 655 id_point
108 230 599 279 651 id_point
109 230 600 279 652 id_point
110 235 602 284 653 id_point
111 298 593 353 647 id_point
112 320 598 374 657 id_point
113 320 598 374 656 id_point
114 320 596 374 656 id_point
114 324 620 365 666 marker
115 326 618 365 668 marker
115 318 596 370 655 id_point
116 325 623 365 669 marker
116 317 596 370 660 id_point
117 319 594 371 654 id_point
117 327 624 365 668 marker
118 321 595 372 655 id_point
118 329 621 363 668 marker
119 320 595 373 653 id_point
119 326 618 364 666 marker
120 317 596 368 658 id_point
120 326 620 364 667 marker
121 314 593 370 647 id_point
122 319 592 378 646 id_point
123 327 593 381 646 id_point
124 422 623 458 662 marker
124 403 585 454 638 id_point
125 421 620 459 663 marker
125 405 590 458 643 id_point
126 421 621 459 663 marker
126 404 592 455 647 id_point
127 422 621 460 663 marker
127 403 589 454 645 id_point
128 421 622 459 663 marker
128 405 590 455 646 id_point
129 419 622 459 664 marker
129 406 591 455 647 id_point
130 418 623 456 662 marker
130 462 624 512 675 id_point
131 418 623 456 662 marker
131 460 621 511 675 id_point
132 419 621 456 661 marker
132 463 618 513 670 id_point
133 419 621 456 661 marker
133 461 617 512 668 id_point
134 458 617 513 671 id_point
135 460 621 512 671 id_point
136 368 578 417 613 marker
137 241 518 295 571 id_point
138 243 516 296 567 id_point
138 389 465 438 511 id_point
138 286 467 324 511 id_point
139 250 493 307 545 id_point
140 390 465 438 514 id_point
140 286 468 322 512 id_point
141 238 228 289 280 id_point
141 390 467 438 513 id_point
142 275 231 314 268 id_point
142 286 469 322 513 id_point
143 229 181 283 235 id_point
143 285 470 322 513 id_point
143 389 467 437 513 id_point
144 225 244 275 298 id_point
144 285 469 322 512 id_point
144 390 464 439 513 id_point
145 390 466 438 513 id_point
145 286 468 322 512 id_point
146 227 234 278 287 id_point
146 390 467 438 514 id_point
146 286 468 323 512 id_point
