0 333 610 388 662 id_point
0 418 575 457 613 marker
0 367 457 398 512 marker
1 336 608 390 664 id_point
1 418 575 455 614 marker
2 334 608 388 664 id_point
3 335 609 391 661 id_point
3 420 574 454 611 marker
4 337 605 391 660 id_point
5 332 616 385 669 id_point
5 418 572 455 609 marker
6 312 466 358 513 id_point
6 415 574 455 612 marker
7 416 572 454 614 marker
8 366 460 398 509 marker
9 283 285 336 338 id_point
9 416 572 450 610 marker
10 418 575 453 610 marker
11 415 575 454 616 marker
31 227 619 282 679 id_point
32 227 619 282 679 id_point
33 229 616 284 676 id_point
35 222 627 277 683 id_point
46 259 627 313 681 id_point
47 295 424 336 467 marker
47 258 627 313 682 id_point
48 294 424 335 465 marker
49 294 424 336 466 marker
50 295 425 336 466 marker
51 298 426 337 465 marker
51 241 382 299 437 id_point
52 295 424 335 464 marker
53 297 426 337 464 marker
53 244 381 301 436 id_point
54 297 425 338 464 marker
54 245 377 299 430 id_point
55 297 425 336 464 marker
55 242 375 298 429 id_point
56 294 423 335 466 marker
57 297 426 337 464 marker
57 241 377 296 427 id_point
58 241 371 298 425 id_point
59 242 367 298 427 id_point
60 250 373 306 427 id_point
61 250 372 307 426 id_point
62 394 426 434 464 marker
63 354 370 408 425 id_point
63 395 427 434 464 marker
64 393 428 434 465 marker
64 362 370 416 426 id_point
65 362 370 416 428 id_point
65 393 426 435 465 marker
66 372 375 425 433 id_point
66 393 428 435 466 marker
67 368 373 421 429 id_point
67 393 428 435 464 marker
68 393 426 435 465 marker
68 370 374 420 429 id_point
69 371 373 423 431 id_point
69 391 426 435 465 marker
70 372 371 426 427 id_point
70 389 426 434 465 marker
71 390 426 434 464 marker
71 365 368 420 426 id_point
72 368 375 422 432 id_point
72 392 426 434 464 marker
73 367 373 422 428 id_point
74 369 373 424 428 id_point
75 373 374 428 429 id_point
76 370 376 425 433 id_point
77 441 384 497 438 id_point
77 490 429 527 465 marker
78 467 386 523 444 id_point
78 488 430 527 468 marker
79 470 387 526 445 id_point
79 487 430 526 470 marker
80 469 386 525 444 id_point
80 487 431 527 471 marker
81 470 387 525 443 id_point
81 488 431 527 469 marker
82 469 386 525 444 id_point
82 487 430 526 471 marker
83 468 389 523 448 id_point
83 489 431 528 472 marker
84 470 390 525 451 id_point
84 488 430 528 474 marker
85 470 391 525 450 id_point
85 488 431 528 473 marker
86 469 388 523 447 id_point
86 486 428 527 472 marker
87 469 389 524 447 id_point
87 487 429 526 470 marker
88 469 385 525 443 id_point
89 470 388 526 444 id_point
91 273 490 329 544 id_point
92 300 522 339 563 marker
92 240 495 292 549 id_point
93 298 525 338 565 marker
93 237 493 295 547 id_point
94 297 524 337 565 marker
94 240 501 294 555 id_point
95 298 525 338 566 marker
95 239 496 292 549 id_point
96 298 521 338 562 marker
97 268 501 328 559 id_point
97 300 524 339 565 marker
98 269 501 328 559 id_point
99 269 501 328 566 id_point
100 271 503 333 565 id_point
101 268 506 329 562 id_point
102 267 507 325 561 id_point
105 400 521 439 563 marker
105 338 502 396 556 id_point
106 359 500 415 556 id_point
106 401 522 440 562 marker
107 359 500 415 555 id_point
107 402 524 439 562 marker
108 371 500 430 558 id_point
109 374 500 432 559 id_point
110 374 500 430 556 id_point
111 374 501 432 560 id_point
112 375 503 431 557 id_point
113 375 500 433 559 id_point
114 377 502 431 556 id_point
115 396 497 454 551 id_point
116 392 492 448 548 id_point
118 496 523 532 561 marker
118 426 495 482 552 id_point
119 459 500 514 558 id_point
120 464 502 520 560 id_point
121 461 497 516 555 id_point
121 497 525 532 563 marker
122 457 495 511 553 id_point
122 500 526 532 562 marker
123 470 497 527 556 id_point
124 470 497 526 555 id_point
125 470 500 526 558 id_point
126 469 500 526 559 id_point
127 469 500 528 558 id_point
128 470 502 526 557 id_point
129 471 504 516 550 id_point
131 256 628 313 682 id_point
132 256 626 312 683 id_point
133 259 624 315 677 id_point
133 300 624 343 668 marker
134 262 629 317 682 id_point
134 299 624 340 668 marker
135 264 627 319 681 id_point
136 264 628 321 683 id_point
137 267 627 323 682 id_point
137 304 618 341 668 marker
138 264 630 319 682 id_point
138 305 619 343 667 marker
139 264 631 319 685 id_point
139 304 619 342 667 marker
140 264 628 322 682 id_point
140 305 619 342 666 marker
141 261 629 319 683 id_point
141 304 622 343 667 marker
142 262 627 318 680 id_point
143 284 621 340 678 id_point
145 351 624 404 678 id_point
146 376 626 435 683 id_point
147 375 628 432 685 id_point
148 379 623 437 678 id_point
149 397 619 452 673 id_point
150 371 617 429 672 id_point
151 375 619 432 675 id_point
152 373 619 433 672 id_point
153 373 619 432 674 id_point
154 371 619 430 674 id_point
155 374 620 426 675 id_point
156 377 624 431 677 id_point
157 393 620 447 673 id_point
158 431 616 485 672 id_point
159 497 621 535 664 marker
160 464 621 524 677 id_point
161 466 619 526 676 id_point
162 467 619 522 672 id_point
163 465 619 524 675 id_point
164 464 620 523 676 id_point
165 465 616 523 671 id_point
166 460 617 518 674 id_point
166 490 626 530 668 marker
167 466 618 523 675 id_point
168 465 619 524 674 id_point
169 464 622 519 676 id_point
170 465 621 519 676 id_point
171 274 654 327 708 id_point
172 275 648 334 707 id_point
173 281 646 336 700 id_point
173 420 572 459 615 marker
174 419 571 456 614 marker
175 419 571 457 614 marker
176 419 570 457 612 marker
176 340 749 387 796 id_point
177 303 744 359 799 id_point
177 418 569 458 613 marker
177 370 456 402 508 marker
178 301 746 356 799 id_point
178 417 567 458 613 marker
179 322 751 370 799 id_point
179 419 570 456 613 marker
180 282 565 337 624 id_point
180 416 570 456 614 marker
181 419 571 455 614 marker
182 315 761 370 816 id_point
182 417 570 457 615 marker
183 340 741 395 798 id_point
183 418 571 459 615 marker
184 318 717 364 761 id_point
184 419 571 458 614 marker
185 314 713 369 765 id_point
185 418 572 457 614 marker
