0 46 607 101 665 id_point
0 433 331 452 363 marker
1 47 603 101 658 id_point
1 177 986 215 1022 marker
2 47 601 103 660 id_point
3 48 601 104 658 id_point
3 175 983 217 1021 marker
4 48 603 104 660 id_point
5 78 650 134 706 id_point
5 177 978 218 1017 marker
6 80 751 135 806 id_point
6 176 978 214 1014 marker
6 118 881 156 930 marker
7 75 754 132 809 id_point
7 173 980 213 1016 marker
8 77 757 132 812 id_point
8 169 979 209 1015 marker
9 76 767 132 823 id_point
9 169 986 206 1020 marker
10 76 764 130 818 id_point
10 168 986 208 1021 marker
11 169 986 208 1020 marker
12 262 590 316 645 id_point
12 170 987 207 1021 marker
13 281 605 337 662 id_point
13 167 992 207 1027 marker
14 277 603 333 659 id_point
14 166 988 208 1029 marker
15 231 603 285 661 id_point
16 251 597 309 656 id_point
18 257 595 314 651 id_point
22 261 576 317 635 id_point
23 259 578 315 633 id_point
24 260 574 318 635 id_point
25 260 574 317 635 id_point
26 260 575 318 635 id_point
28 263 587 319 644 id_point
29 264 584 321 642 id_point
31 265 584 320 642 id_point
32 262 577 318 638 id_point
33 263 585 319 642 id_point
34 263 585 320 642 id_point
35 265 582 321 639 id_point
36 265 582 321 639 id_point
37 263 584 321 639 id_point
38 263 583 319 639 id_point
39 263 584 320 639 id_point
40 263 583 319 639 id_point
41 265 578 321 638 id_point
42 265 577 321 638 id_point
43 264 579 322 637 id_point
44 264 578 320 638 id_point
45 262 581 319 639 id_point
46 261 581 317 639 id_point
47 261 583 318 640 id_point
48 261 585 318 641 id_point
49 260 585 317 642 id_point
50 261 586 318 642 id_point
51 261 582 317 638 id_point
52 260 586 316 642 id_point
53 260 582 316 639 id_point
54 258 586 314 643 id_point
55 257 585 314 643 id_point
56 258 587 313 644 id_point
57 257 584 312 643 id_point
58 255 583 309 639 id_point
58 95 623 137 664 marker
59 72 594 130 655 id_point
59 94 626 132 666 marker
60 71 591 128 656 id_point
60 93 625 133 666 marker
61 66 596 123 657 id_point
61 98 628 133 665 marker
62 67 596 123 655 id_point
62 93 623 131 663 marker
63 67 593 123 652 id_point
63 96 627 133 665 marker
64 67 593 125 654 id_point
64 99 628 133 667 marker
65 67 593 125 651 id_point
65 96 626 134 666 marker
66 66 594 124 652 id_point
66 97 627 135 665 marker
67 66 595 123 653 id_point
67 96 628 132 665 marker
68 67 594 122 652 id_point
69 68 595 123 653 id_point
70 79 596 133 653 id_point
71 79 599 134 656 id_point
72 126 600 183 658 id_point
72 194 623 235 663 marker
73 164 599 223 658 id_point
73 194 625 234 666 marker
74 162 598 221 657 id_point
74 195 626 234 664 marker
75 160 595 216 655 id_point
75 199 626 236 663 marker
76 160 596 217 655 id_point
76 198 625 236 664 marker
77 159 596 216 655 id_point
77 198 625 237 664 marker
78 160 596 217 655 id_point
78 201 624 237 661 marker
79 160 599 218 657 id_point
79 199 622 236 662 marker
80 159 601 216 660 id_point
80 199 623 234 663 marker
81 157 602 212 658 id_point
82 159 602 216 658 id_point
83 169 600 224 658 id_point
84 260 594 316 651 id_point
85 251 594 305 650 id_point
85 297 618 338 661 marker
86 252 593 309 649 id_point
86 298 618 338 659 marker
87 256 591 312 649 id_point
87 301 619 340 659 marker
88 255 590 308 647 id_point
88 300 619 338 660 marker
89 251 589 308 647 id_point
89 298 618 338 661 marker
90 250 587 308 645 id_point
90 297 618 339 659 marker
91 251 587 308 646 id_point
91 299 618 338 661 marker
92 253 588 307 645 id_point
92 298 618 338 661 marker
93 251 587 308 645 id_point
93 297 618 338 659 marker
94 252 589 309 647 id_point
94 299 618 338 660 marker
95 252 592 308 648 id_point
96 254 596 310 653 id_point
97 253 596 308 653 id_point
98 74 690 128 745 id_point
99 72 695 129 752 id_point
99 94 723 134 763 marker
100 72 702 128 759 id_point
101 73 704 129 761 id_point
102 72 705 129 761 id_point
103 72 708 129 762 id_point
104 71 707 130 763 id_point
105 73 706 129 762 id_point
106 74 705 131 761 id_point
107 75 703 132 760 id_point
108 75 704 129 757 id_point
109 104 705 159 759 id_point
110 104 706 160 760 id_point
111 132 716 188 769 id_point
112 196 723 238 762 marker
112 133 715 189 768 id_point
113 164 710 221 767 id_point
114 163 710 220 766 id_point
115 163 708 221 763 id_point
116 163 707 220 763 id_point
117 162 702 220 759 id_point
117 197 723 237 766 marker
118 162 706 218 762 id_point
118 197 720 236 763 marker
119 162 707 218 763 id_point
120 162 704 219 761 id_point
121 163 706 221 762 id_point
122 160 706 214 761 id_point
123 187 701 242 756 id_point
124 190 703 243 757 id_point
125 253 704 308 760 id_point
125 303 719 341 762 marker
126 251 707 309 763 id_point
126 303 720 341 762 marker
127 257 704 313 761 id_point
127 304 720 342 762 marker
128 258 706 314 763 id_point
128 304 720 341 763 marker
129 257 706 312 762 id_point
129 304 719 341 763 marker
130 256 701 313 758 id_point
130 303 719 340 762 marker
131 253 704 310 759 id_point
131 303 718 341 763 marker
132 254 705 310 761 id_point
132 303 719 340 762 marker
133 254 706 311 762 id_point
133 304 718 341 762 marker
134 252 707 307 764 id_point
135 254 704 310 761 id_point
136 254 705 311 761 id_point
137 89 795 143 848 id_point
138 86 802 142 854 id_point
139 81 814 138 863 id_point
140 81 816 137 870 id_point
141 82 818 138 869 id_point
142 81 816 137 868 id_point
143 81 815 137 866 id_point
144 81 816 137 865 id_point
145 83 814 138 868 id_point
146 80 817 139 870 id_point
147 85 816 139 868 id_point
148 92 813 146 867 id_point
149 98 815 152 867 id_point
150 143 809 198 865 id_point
151 143 812 198 867 id_point
151 200 822 240 860 marker
152 164 816 221 873 id_point
152 200 820 240 862 marker
153 163 815 220 872 id_point
153 205 820 241 860 marker
154 164 815 221 872 id_point
154 205 821 242 860 marker
155 164 814 220 870 id_point
155 204 820 241 863 marker
156 163 814 219 870 id_point
156 205 820 241 864 marker
157 163 815 219 871 id_point
157 206 821 242 861 marker
158 163 813 218 871 id_point
158 206 820 241 861 marker
159 163 814 220 870 id_point
159 203 821 241 862 marker
160 162 813 219 871 id_point
161 165 810 218 867 id_point
162 208 808 264 864 id_point
163 232 813 289 870 id_point
164 257 815 313 871 id_point
164 304 819 344 861 marker
165 259 816 316 873 id_point
165 305 819 344 862 marker
166 257 815 314 871 id_point
166 304 819 344 862 marker
167 258 819 316 874 id_point
167 305 819 345 862 marker
168 259 818 316 875 id_point
168 305 820 343 863 marker
169 259 815 315 871 id_point
169 305 819 345 862 marker
170 254 814 311 870 id_point
170 304 819 344 862 marker
171 256 813 311 869 id_point
171 303 819 344 862 marker
172 258 815 314 871 id_point
172 304 819 344 862 marker
173 256 816 313 873 id_point
173 305 820 344 862 marker
174 252 816 308 874 id_point
175 253 812 309 869 id_point
176 222 724 268 769 id_point
177 222 751 278 807 id_point
178 172 980 210 1015 marker
179 171 980 208 1017 marker
179 222 684 274 736 marker
179 115 883 149 933 marker
180 170 979 209 1015 marker
180 212 671 267 734 id_point
180 149 652 267 774 id_point
181 170 981 206 1016 marker
182 7 580 66 635 id_point
182 171 980 207 1017 marker
183 8 570 64 622 id_point
183 172 980 209 1016 marker
184 172 981 207 1016 marker
