0 222 579 274 631 id_point
1 227 600 277 651 id_point
2 229 600 278 652 id_point
3 230 599 280 650 id_point
4 230 599 279 649 id_point
5 230 600 280 651 id_point
6 230 599 279 653 id_point
7 233 597 281 646 id_point
8 233 594 282 644 id_point
9 233 591 282 642 id_point
10 231 592 281 642 id_point
11 230 591 281 642 id_point
12 230 592 280 642 id_point
13 233 597 282 648 id_point
14 225 593 275 643 id_point
15 211 594 263 645 id_point
16 210 593 264 646 id_point
17 210 592 264 645 id_point
18 210 590 262 643 id_point
19 209 594 263 646 id_point
20 209 594 264 645 id_point
21 210 592 263 644 id_point
22 210 592 264 646 id_point
23 209 593 263 646 id_point
24 209 593 263 647 id_point
25 209 592 264 645 id_point
26 210 592 262 643 id_point
27 209 592 263 646 id_point
28 216 429 254 466 marker
28 208 591 261 643 id_point
29 216 431 256 470 marker
29 223 378 275 432 id_point
30 224 369 277 422 id_point
30 217 428 255 468 marker
31 224 367 277 420 id_point
31 216 429 254 467 marker
32 224 368 278 421 id_point
32 216 429 254 467 marker
33 225 365 278 419 id_point
33 216 428 255 467 marker
34 224 365 278 419 id_point
34 217 429 254 466 marker
35 224 366 279 420 id_point
35 216 429 254 466 marker
36 214 428 252 466 marker
36 223 365 278 419 id_point
37 226 363 279 416 id_point
38 226 363 279 415 id_point
39 225 365 280 419 id_point
40 224 363 279 417 id_point
41 301 358 356 412 id_point
41 279 428 320 466 marker
42 281 429 319 465 marker
42 288 359 340 412 id_point
43 281 428 319 465 marker
43 283 359 336 413 id_point
44 281 428 318 464 marker
44 283 359 335 412 id_point
45 283 358 334 410 id_point
45 281 428 319 465 marker
46 281 428 319 465 marker
46 283 357 337 410 id_point
47 281 427 318 465 marker
47 281 355 334 409 id_point
48 281 429 318 465 marker
48 279 354 332 408 id_point
49 281 428 318 464 marker
49 277 349 332 404 id_point
50 277 352 330 406 id_point
50 281 428 317 464 marker
51 278 352 334 408 id_point
52 278 354 334 409 id_point
53 278 356 335 411 id_point
54 281 358 334 411 id_point
55 344 429 381 466 marker
55 339 358 392 411 id_point
56 343 430 382 466 marker
56 335 360 389 414 id_point
57 344 431 382 466 marker
57 336 358 389 413 id_point
58 343 430 382 466 marker
58 335 358 389 412 id_point
59 343 430 382 466 marker
59 333 355 388 410 id_point
60 343 431 382 467 marker
60 333 359 387 413 id_point
61 333 358 388 412 id_point
61 343 431 383 467 marker
62 345 431 383 466 marker
62 333 355 389 410 id_point
63 345 430 382 465 marker
63 333 356 388 409 id_point
64 332 357 387 411 id_point
65 331 357 388 412 id_point
66 331 356 386 411 id_point
67 407 432 444 468 marker
67 378 360 430 411 id_point
68 408 433 444 467 marker
68 391 357 443 410 id_point
69 408 434 445 467 marker
69 392 361 444 415 id_point
70 409 433 445 467 marker
70 393 360 446 413 id_point
71 408 432 444 467 marker
71 392 358 444 412 id_point
72 407 433 445 468 marker
72 391 360 444 412 id_point
73 408 433 444 467 marker
73 392 357 444 410 id_point
74 408 434 444 468 marker
74 392 356 446 411 id_point
75 409 433 444 468 marker
75 392 356 444 409 id_point
76 409 434 444 467 marker
76 390 357 445 409 id_point
77 390 356 444 409 id_point
78 385 359 441 414 id_point
79 384 360 439 414 id_point
80 300 417 347 465 id_point
81 216 446 271 500 id_point
81 214 491 253 530 marker
82 215 491 254 529 marker
82 209 433 265 489 id_point
83 215 490 254 529 marker
83 207 433 264 487 id_point
84 215 491 254 528 marker
84 206 432 262 487 id_point
85 215 491 253 528 marker
85 207 434 263 489 id_point
86 215 491 252 530 marker
86 206 434 261 488 id_point
87 216 492 253 529 marker
87 206 434 261 490 id_point
88 216 492 253 530 marker
88 209 434 262 491 id_point
89 216 491 253 529 marker
89 208 435 265 490 id_point
90 208 434 264 489 id_point
91 208 434 263 488 id_point
92 211 434 265 489 id_point
93 221 435 276 493 id_point
94 283 488 320 529 marker
94 278 434 339 486 id_point
95 272 428 325 482 id_point
95 281 488 320 526 marker
96 271 428 323 483 id_point
96 279 489 321 528 marker
97 270 428 322 483 id_point
97 282 489 321 526 marker
98 271 428 324 482 id_point
98 281 489 321 527 marker
99 270 428 323 482 id_point
99 281 490 321 527 marker
100 270 428 322 482 id_point
100 281 490 321 527 marker
101 270 427 322 481 id_point
101 281 490 321 527 marker
102 269 426 324 482 id_point
103 271 426 326 483 id_point
104 272 426 327 482 id_point
105 328 423 396 473 id_point
106 346 488 386 526 marker
107 344 490 386 527 marker
107 328 424 383 480 id_point
108 346 490 386 527 marker
108 330 428 380 482 id_point
109 345 490 387 526 marker
109 328 426 381 481 id_point
110 346 491 386 526 marker
110 329 427 380 482 id_point
111 346 490 387 527 marker
111 330 430 383 483 id_point
112 345 491 387 526 marker
112 329 422 382 477 id_point
113 345 492 386 527 marker
113 330 429 380 482 id_point
114 347 491 387 527 marker
114 329 429 380 483 id_point
115 328 430 380 484 id_point
116 325 431 380 486 id_point
117 327 430 379 485 id_point
118 328 430 381 484 id_point
119 411 490 448 527 marker
119 369 425 423 478 id_point
120 410 491 448 528 marker
120 385 429 437 482 id_point
121 411 492 448 528 marker
121 388 431 440 482 id_point
122 411 491 448 528 marker
122 388 429 439 481 id_point
123 412 491 448 528 marker
123 388 430 440 482 id_point
124 411 492 449 529 marker
124 387 431 441 483 id_point
125 412 492 449 529 marker
125 387 431 440 484 id_point
126 412 492 450 529 marker
126 389 433 439 484 id_point
127 412 492 449 529 marker
127 387 430 439 482 id_point
128 411 492 449 529 marker
128 386 429 438 481 id_point
129 387 429 440 481 id_point
130 383 434 439 487 id_point
131 390 433 432 481 id_point
132 207 518 261 572 id_point
133 218 557 255 594 marker
133 205 516 260 571 id_point
134 217 555 256 596 marker
134 204 509 258 565 id_point
135 218 554 255 593 marker
135 203 509 258 562 id_point
136 218 554 256 592 marker
136 202 507 258 562 id_point
137 218 555 255 594 marker
137 204 509 260 564 id_point
138 216 555 256 593 marker
138 203 509 259 563 id_point
139 219 556 256 597 marker
139 208 514 262 573 id_point
140 218 558 254 595 marker
140 208 514 263 571 id_point
141 218 558 255 596 marker
141 207 511 262 568 id_point
142 207 512 262 566 id_point
142 221 557 257 592 marker
143 208 512 262 565 id_point
144 208 511 263 565 id_point
145 207 510 260 562 id_point
146 285 554 324 593 marker
146 265 507 318 560 id_point
147 286 553 323 592 marker
147 265 506 320 560 id_point
148 285 553 324 593 marker
148 269 508 321 562 id_point
149 285 553 323 594 marker
149 270 507 322 563 id_point
150 285 553 324 593 marker
150 271 507 321 560 id_point
151 284 553 324 593 marker
151 270 506 322 559 id_point
152 284 554 324 594 marker
152 269 503 323 557 id_point
153 285 553 324 593 marker
153 270 506 322 560 id_point
154 285 553 324 594 marker
154 274 509 324 565 id_point
155 287 553 324 594 marker
155 274 511 325 565 id_point
156 272 506 325 563 id_point
157 271 508 324 564 id_point
158 269 507 322 563 id_point
159 271 505 324 561 id_point
160 351 553 389 592 marker
160 327 505 381 559 id_point
161 351 552 389 593 marker
161 331 502 385 555 id_point
162 351 552 389 592 marker
162 330 502 383 556 id_point
163 351 552 389 593 marker
163 331 500 384 555 id_point
164 351 552 389 593 marker
164 330 502 383 556 id_point
165 352 552 389 592 marker
165 331 501 385 555 id_point
166 351 551 390 592 marker
166 333 503 385 558 id_point
167 352 552 389 592 marker
167 332 503 384 558 id_point
168 350 553 389 591 marker
168 331 504 385 556 id_point
169 332 505 388 560 id_point
170 331 507 387 561 id_point
171 329 504 384 558 id_point
172 331 506 387 561 id_point
173 415 553 451 592 marker
173 386 502 440 556 id_point
174 415 552 452 591 marker
174 390 503 445 556 id_point
175 416 552 452 591 marker
175 392 504 446 558 id_point
176 416 552 452 591 marker
176 392 505 446 559 id_point
177 415 552 451 591 marker
177 392 501 446 555 id_point
178 415 552 450 591 marker
178 392 500 445 554 id_point
179 416 552 451 591 marker
179 391 501 444 555 id_point
180 415 552 450 591 marker
180 390 501 444 555 id_point
181 415 552 451 592 marker
181 390 500 444 554 id_point
182 415 552 451 591 marker
182 390 500 443 554 id_point
183 415 552 450 591 marker
183 391 499 443 553 id_point
184 388 501 443 555 id_point
185 381 501 436 554 id_point
186 360 521 420 579 id_point
187 211 589 263 651 id_point
187 225 624 259 659 marker
188 219 617 258 661 marker
188 203 591 258 651 id_point
189 221 618 259 662 marker
189 204 588 257 653 id_point
190 221 621 258 663 marker
190 201 590 257 649 id_point
191 224 622 260 664 marker
191 205 590 257 650 id_point
192 211 590 261 654 id_point
192 222 617 259 663 marker
193 224 622 258 662 marker
193 211 591 260 648 id_point
194 208 594 260 648 id_point
195 209 596 260 651 id_point
196 210 593 263 647 id_point
197 209 593 264 647 id_point
198 208 594 264 647 id_point
199 273 579 327 633 id_point
200 280 583 332 643 id_point
200 293 621 328 660 marker
201 278 589 329 648 id_point
201 288 609 327 660 marker
202 276 591 328 649 id_point
202 287 611 326 660 marker
203 289 615 326 662 marker
203 275 589 325 649 id_point
204 279 590 327 649 id_point
204 288 612 326 661 marker
205 290 617 327 662 marker
205 276 589 327 644 id_point
206 288 615 326 662 marker
206 275 589 326 647 id_point
207 274 588 325 643 id_point
207 290 616 327 661 marker
208 273 586 327 641 id_point
209 272 585 328 638 id_point
210 274 585 329 639 id_point
211 274 583 328 638 id_point
212 356 620 393 660 marker
212 335 584 391 639 id_point
213 356 621 393 661 marker
213 340 587 392 645 id_point
214 355 622 393 663 marker
214 341 586 393 646 id_point
215 352 619 392 661 marker
215 338 588 391 647 id_point
216 356 621 393 660 marker
216 338 586 390 643 id_point
217 356 620 393 661 marker
217 335 588 389 648 id_point
218 355 621 392 660 marker
218 335 590 388 646 id_point
219 357 620 393 660 marker
219 336 587 388 643 id_point
220 357 622 393 659 marker
220 336 586 389 641 id_point
221 335 584 391 638 id_point
222 338 584 394 637 id_point
223 343 585 399 637 id_point
224 374 587 430 640 id_point
225 419 619 456 658 marker
225 401 587 451 644 id_point
226 419 619 457 659 marker
226 402 587 453 644 id_point
227 418 614 456 662 marker
227 404 586 455 645 id_point
228 419 616 457 661 marker
228 404 586 453 645 id_point
229 418 620 456 660 marker
229 402 586 454 645 id_point
230 420 615 456 662 marker
230 404 587 454 643 id_point
231 419 612 456 662 marker
231 404 587 455 645 id_point
232 419 616 456 662 marker
232 406 588 453 645 id_point
233 402 584 455 637 id_point
234 400 583 452 636 id_point
235 401 583 453 636 id_point
236 398 582 453 635 id_point
237 399 583 454 635 id_point
237 285 469 320 511 id_point
237 388 468 434 510 id_point
238 353 490 405 546 id_point
238 284 468 320 512 id_point
239 390 464 437 511 id_point
239 287 261 336 313 id_point
239 285 467 321 511 id_point
240 289 247 341 300 id_point
240 284 466 318 509 id_point
240 386 465 435 510 id_point
241 387 465 436 511 id_point
241 291 244 336 286 id_point
241 283 465 318 510 id_point
242 290 219 343 269 id_point
242 283 465 318 510 id_point
242 386 466 435 510 id_point
243 292 193 347 246 id_point
243 386 464 436 510 id_point
243 283 464 318 510 id_point
244 292 189 349 240 id_point
244 389 465 436 510 id_point
244 283 464 318 510 id_point
245 283 247 335 303 id_point
245 389 463 437 509 id_point
245 285 466 321 510 id_point
246 283 251 332 304 id_point
246 386 465 436 509 id_point
246 284 464 318 510 id_point
247 284 247 336 302 id_point
247 387 464 436 509 id_point
247 285 465 320 509 id_point
248 238 311 276 355 id_point
248 388 461 436 510 id_point
248 285 465 320 510 id_point
249 283 270 331 324 id_point
249 386 464 436 509 id_point
249 284 466 321 510 id_point
250 311 546 365 602 id_point
250 336 570 372 611 marker
250 385 466 434 513 id_point
250 284 467 320 514 id_point
251 315 546 369 603 id_point
251 341 579 375 616 marker
251 284 471 319 517 id_point
251 387 467 437 516 id_point
252 315 540 370 600 id_point
252 387 468 438 514 id_point
252 285 471 321 514 id_point
252 342 581 374 613 marker
253 279 284 330 338 id_point
253 389 467 437 514 id_point
253 285 471 321 517 id_point
254 280 269 329 323 id_point
254 387 465 436 513 id_point
254 284 467 319 512 id_point
255 284 263 330 315 id_point
255 283 468 319 512 id_point
255 387 465 437 512 id_point
256 287 254 338 307 id_point
256 389 466 435 512 id_point
256 283 467 319 511 id_point
