0 249 594 305 650 id_point
1 250 595 306 650 id_point
2 251 598 307 654 id_point
3 252 584 308 638 id_point
4 254 582 312 637 id_point
5 259 593 317 649 id_point
6 255 604 312 659 id_point
7 256 597 311 651 id_point
8 256 594 310 649 id_point
9 256 587 311 647 id_point
10 252 579 311 640 id_point
11 251 572 305 626 id_point
12 251 563 306 618 id_point
13 252 560 306 617 id_point
14 250 564 306 620 id_point
15 251 562 306 619 id_point
16 256 576 309 631 id_point
17 256 565 312 619 id_point
18 255 562 308 618 id_point
19 253 598 307 649 id_point
20 269 557 323 613 id_point
21 266 555 321 611 id_point
22 260 570 315 625 id_point
23 254 579 310 634 id_point
24 254 590 304 642 id_point
24 84 634 123 675 marker
25 252 581 308 637 id_point
25 86 630 125 672 marker
26 84 629 123 669 marker
26 44 578 104 630 id_point
27 84 628 124 668 marker
27 30 576 84 629 id_point
28 19 574 74 630 id_point
28 84 630 124 670 marker
29 85 627 125 667 marker
29 17 573 73 629 id_point
30 15 571 72 625 id_point
30 84 627 124 667 marker
31 17 574 73 629 id_point
31 85 627 124 668 marker
32 18 575 73 629 id_point
32 85 627 124 668 marker
33 22 574 74 632 id_point
34 32 576 96 631 id_point
35 47 574 101 630 id_point
36 51 576 97 623 id_point
37 149 626 189 666 marker
37 108 575 162 632 id_point
38 149 626 190 667 marker
38 94 573 149 632 id_point
39 148 626 190 667 marker
39 92 574 145 632 id_point
40 149 626 190 668 marker
40 92 574 145 631 id_point
41 147 626 189 668 marker
41 89 571 144 629 id_point
42 140 625 180 666 marker
42 84 574 139 631 id_point
43 139 624 180 665 marker
43 79 573 135 630 id_point
44 140 625 181 666 marker
44 82 576 136 630 id_point
45 140 625 181 666 marker
45 81 577 137 633 id_point
46 140 625 181 666 marker
46 79 574 135 630 id_point
47 84 577 137 633 id_point
48 89 573 144 630 id_point
49 95 575 147 634 id_point
50 158 575 212 631 id_point
51 207 625 249 666 marker
51 162 577 217 634 id_point
52 207 624 249 666 marker
52 165 575 218 632 id_point
53 207 625 249 666 marker
53 160 574 216 631 id_point
54 207 624 250 666 marker
54 159 574 215 632 id_point
55 207 624 250 666 marker
55 159 576 214 632 id_point
56 212 624 254 666 marker
56 164 575 218 631 id_point
57 213 624 255 665 marker
57 167 574 221 629 id_point
58 212 624 254 665 marker
58 166 575 220 629 id_point
59 167 574 220 629 id_point
60 170 572 224 628 id_point
61 178 574 232 629 id_point
62 249 566 303 620 id_point
63 281 620 322 662 marker
63 249 565 303 620 id_point
64 281 621 323 662 marker
64 245 565 301 620 id_point
65 282 621 323 662 marker
65 246 567 298 623 id_point
66 282 622 324 663 marker
66 245 569 298 626 id_point
67 282 623 323 664 marker
67 245 569 301 624 id_point
68 275 623 316 663 marker
68 242 573 297 629 id_point
69 273 622 315 663 marker
69 236 573 291 629 id_point
70 275 621 316 663 marker
70 237 572 291 629 id_point
71 276 622 317 662 marker
71 238 569 291 625 id_point
72 236 570 290 628 id_point
73 236 569 291 625 id_point
74 238 571 292 627 id_point
76 82 692 120 733 marker
76 2 669 57 723 id_point
77 83 693 121 733 marker
77 7 671 61 724 id_point
78 82 692 121 732 marker
78 14 667 70 725 id_point
79 81 693 120 733 marker
79 12 672 67 727 id_point
80 75 693 114 733 marker
80 9 673 66 728 id_point
81 73 693 113 733 marker
81 9 676 66 729 id_point
82 74 694 113 735 marker
82 9 675 67 730 id_point
83 76 694 114 734 marker
83 10 675 67 728 id_point
84 76 693 115 734 marker
84 10 674 67 727 id_point
85 77 692 115 733 marker
85 10 674 67 727 id_point
86 12 673 67 726 id_point
87 13 672 68 725 id_point
88 14 669 69 725 id_point
89 63 677 118 731 id_point
90 144 693 183 732 marker
90 80 678 135 732 id_point
91 144 692 183 731 marker
91 82 674 137 728 id_point
92 144 693 183 732 marker
92 80 671 136 726 id_point
93 144 692 183 732 marker
93 81 672 137 728 id_point
94 144 693 183 732 marker
94 80 673 135 728 id_point
95 143 692 183 732 marker
95 80 672 135 727 id_point
96 144 692 183 732 marker
96 82 672 138 727 id_point
97 144 693 183 732 marker
97 81 672 137 726 id_point
98 144 693 183 733 marker
98 83 672 139 727 id_point
99 83 672 136 728 id_point
100 83 672 137 728 id_point
101 84 673 138 726 id_point
102 164 677 218 731 id_point
103 212 692 251 734 marker
103 168 679 224 729 id_point
104 210 693 250 734 marker
104 158 676 212 729 id_point
105 209 693 250 734 marker
105 154 677 212 730 id_point
106 210 692 251 734 marker
106 160 676 215 728 id_point
107 211 693 251 734 marker
107 161 675 218 728 id_point
108 210 693 250 733 marker
108 151 679 211 731 id_point
109 209 692 250 733 marker
109 153 678 211 732 id_point
110 209 692 251 733 marker
111 211 692 250 733 marker
111 152 676 208 731 id_point
112 211 693 250 733 marker
112 152 673 210 728 id_point
113 153 673 209 727 id_point
114 162 678 217 731 id_point
115 165 678 220 731 id_point
116 278 691 318 732 marker
116 229 681 283 732 id_point
117 279 691 319 733 marker
117 229 682 283 733 id_point
118 280 692 320 733 marker
118 235 681 291 731 id_point
119 279 691 320 733 marker
119 233 682 289 732 id_point
120 280 692 320 733 marker
120 230 681 284 734 id_point
121 279 692 320 733 marker
121 234 679 288 731 id_point
122 280 692 319 733 marker
122 237 678 293 728 id_point
123 279 692 320 733 marker
123 233 681 287 733 id_point
124 279 691 320 733 marker
124 234 679 289 729 id_point
125 232 678 290 733 id_point
126 230 676 286 731 id_point
127 134 711 191 767 id_point
128 0 772 49 825 id_point
129 81 760 120 798 marker
129 3 765 56 818 id_point
130 82 759 119 798 marker
130 13 763 67 815 id_point
131 83 760 120 798 marker
131 14 762 68 814 id_point
132 83 760 120 798 marker
132 13 766 69 818 id_point
133 83 760 120 798 marker
133 13 766 68 820 id_point
134 83 760 120 798 marker
134 13 766 67 818 id_point
135 82 760 120 798 marker
135 13 766 67 817 id_point
136 83 760 120 798 marker
136 13 765 67 815 id_point
137 82 760 120 798 marker
137 15 764 69 815 id_point
138 16 762 75 818 id_point
139 14 762 71 816 id_point
140 36 763 91 818 id_point
141 71 767 129 819 id_point
142 144 760 185 800 marker
142 82 766 139 822 id_point
143 144 760 185 799 marker
143 83 767 140 822 id_point
144 145 759 186 799 marker
144 82 768 139 822 id_point
145 144 760 185 799 marker
145 81 767 136 822 id_point
146 145 760 187 799 marker
146 78 765 138 820 id_point
147 145 760 186 799 marker
147 81 767 137 821 id_point
148 144 760 186 799 marker
148 82 766 137 822 id_point
149 145 760 186 799 marker
149 81 766 134 821 id_point
150 145 759 186 800 marker
150 81 770 135 825 id_point
151 145 759 186 800 marker
151 79 770 135 824 id_point
152 145 760 186 799 marker
152 79 770 136 825 id_point
153 82 765 137 821 id_point
154 84 766 139 821 id_point
155 85 764 141 819 id_point
156 109 775 168 832 id_point
157 210 759 251 800 marker
157 150 769 208 826 id_point
158 210 759 252 798 marker
158 154 768 213 824 id_point
159 210 759 251 799 marker
159 155 768 215 826 id_point
160 209 760 251 800 marker
160 155 768 214 824 id_point
161 210 760 251 801 marker
161 155 767 213 825 id_point
162 210 759 252 800 marker
162 154 768 213 827 id_point
163 210 759 251 800 marker
163 155 768 214 825 id_point
164 210 760 252 800 marker
164 164 769 222 828 id_point
165 210 759 252 800 marker
165 152 772 214 829 id_point
166 151 770 210 826 id_point
167 178 766 233 823 id_point
168 180 767 236 822 id_point
169 210 776 265 829 id_point
170 279 758 322 799 marker
170 222 776 275 830 id_point
171 280 760 320 798 marker
171 238 772 294 823 id_point
172 280 759 322 798 marker
172 237 772 293 826 id_point
173 280 759 321 797 marker
173 239 772 294 824 id_point
174 280 759 322 798 marker
174 236 774 292 828 id_point
175 281 760 321 797 marker
175 238 773 293 826 id_point
176 281 759 321 797 marker
176 239 772 292 825 id_point
177 281 759 322 797 marker
177 236 771 293 824 id_point
178 237 770 290 823 id_point
179 237 770 293 828 id_point
180 240 775 294 829 id_point
181 12 828 66 883 id_point
182 87 823 125 861 marker
182 7 861 60 914 id_point
183 14 844 68 897 id_point
183 88 823 125 859 marker
184 87 823 125 859 marker
184 13 846 70 902 id_point
185 14 849 71 903 id_point
185 87 824 125 859 marker
186 87 823 123 859 marker
186 13 849 69 903 id_point
187 86 823 124 859 marker
187 14 849 70 901 id_point
188 16 848 71 903 id_point
188 87 823 124 859 marker
189 87 824 125 860 marker
189 16 847 71 902 id_point
190 87 824 125 860 marker
190 17 847 71 901 id_point
191 17 848 73 902 id_point
192 29 849 84 903 id_point
193 39 850 94 905 id_point
194 74 853 130 908 id_point
195 149 824 191 863 marker
195 79 851 134 906 id_point
196 149 824 190 863 marker
196 87 856 142 909 id_point
197 149 824 189 863 marker
197 87 858 140 910 id_point
198 149 824 190 863 marker
198 85 856 139 911 id_point
199 148 825 190 863 marker
199 85 856 140 910 id_point
200 147 823 189 862 marker
200 84 855 138 910 id_point
201 148 824 190 863 marker
201 84 857 138 911 id_point
202 148 824 190 863 marker
202 83 856 138 910 id_point
203 148 824 190 863 marker
203 83 854 138 909 id_point
204 87 853 141 908 id_point
205 86 853 143 908 id_point
206 101 856 157 910 id_point
207 214 826 255 863 marker
207 141 862 198 917 id_point
208 215 826 255 863 marker
208 160 860 219 915 id_point
209 215 826 255 863 marker
209 160 860 217 916 id_point
210 214 825 255 863 marker
210 159 859 216 914 id_point
211 213 825 254 863 marker
211 159 859 216 916 id_point
212 214 825 255 863 marker
212 157 859 217 915 id_point
213 214 825 255 863 marker
213 157 861 215 915 id_point
214 214 826 255 863 marker
214 158 859 216 915 id_point
215 214 826 255 864 marker
215 159 859 217 914 id_point
216 156 862 213 917 id_point
217 160 860 217 914 id_point
218 172 859 226 916 id_point
219 218 869 274 922 id_point
220 281 822 325 863 marker
220 232 865 288 920 id_point
221 280 824 323 864 marker
221 239 865 295 918 id_point
222 280 823 323 864 marker
222 238 865 294 919 id_point
223 280 823 323 864 marker
223 239 865 297 921 id_point
224 280 824 323 863 marker
224 238 866 293 920 id_point
225 280 823 323 864 marker
225 238 866 293 919 id_point
226 280 824 323 864 marker
226 234 866 292 920 id_point
227 280 823 323 864 marker
227 235 867 292 920 id_point
228 280 823 323 864 marker
228 236 863 292 917 id_point
229 234 865 291 919 id_point
230 234 872 292 925 id_point
231 191 902 248 956 id_point
232 191 897 250 954 id_point
233 156 979 193 1012 marker
233 56 930 109 982 id_point
234 99 883 131 935 marker
235 98 889 134 929 id_point
237 302 648 359 703 id_point
238 287 597 340 652 id_point
238 214 705 254 781 id_point
239 0 620 31 679 id_point
